 5.000000E-01   
 5.000021E-01   
 5.000097E-01   
 5.000231E-01   
 5.000421E-01   
 5.000669E-01   
 5.000973E-01   
 5.001334E-01   
 5.001753E-01   
 5.002228E-01   
 5.002759E-01   
 5.003348E-01   
 5.003993E-01   
 5.004695E-01   
 5.005454E-01   
 5.006270E-01   
 5.007142E-01   
 5.008070E-01   
 5.009055E-01   
 5.010097E-01   
 5.011195E-01   
 5.012350E-01   
 5.013560E-01   
 5.014827E-01   
 5.016151E-01   
 5.017530E-01   
 5.018965E-01   
 5.020457E-01   
 5.022004E-01   
 5.023607E-01   
 5.025266E-01   
 5.026981E-01   
 5.028751E-01   
 5.030577E-01   
 5.032458E-01   
 5.034394E-01   
 5.036386E-01   
 5.038433E-01   
 5.040535E-01   
 5.042692E-01   
 5.044903E-01   
 5.047170E-01   
 5.049491E-01   
 5.051866E-01   
 5.054296E-01   
 5.056781E-01   
 5.059319E-01   
 5.061912E-01   
 5.064558E-01   
 5.067259E-01   
 5.070013E-01   
 5.072820E-01   
 5.075681E-01   
 5.078596E-01   
 5.081563E-01   
 5.084583E-01   
 5.087657E-01   
 5.090783E-01   
 5.093961E-01   
 5.097192E-01   
 5.100476E-01   
 5.103811E-01   
 5.107199E-01   
 5.110638E-01   
 5.114129E-01   
 5.117671E-01   
 5.121265E-01   
 5.124910E-01   
 5.128605E-01   
 5.132352E-01   
 5.136149E-01   
 5.139997E-01   
 5.143895E-01   
 5.147843E-01   
 5.151842E-01   
 5.155889E-01   
 5.159987E-01   
 5.164134E-01   
 5.168329E-01   
 5.172574E-01   
 5.176868E-01   
 5.181210E-01   
 5.185601E-01   
 5.190040E-01   
 5.194527E-01   
 5.199061E-01   
 5.203644E-01   
 5.208273E-01   
 5.212950E-01   
 5.217674E-01   
 5.222444E-01   
 5.227261E-01   
 5.232124E-01   
 5.237033E-01   
 5.241988E-01   
 5.246989E-01   
 5.252035E-01   
 5.257126E-01   
 5.262263E-01   
 5.267444E-01   
 5.272669E-01   
 5.277939E-01   
 5.283252E-01   
 5.288610E-01   
 5.294010E-01   
 5.299455E-01   
 5.304942E-01   
 5.310472E-01   
 5.316044E-01   
 5.321659E-01   
 5.327316E-01   
 5.333015E-01   
 5.338755E-01   
 5.344536E-01   
 5.350359E-01   
 5.356222E-01   
 5.362125E-01   
 5.368069E-01   
 5.374053E-01   
 5.380077E-01   
 5.386140E-01   
 5.392242E-01   
 5.398383E-01   
 5.404563E-01   
 5.410781E-01   
 5.417038E-01   
 5.423332E-01   
 5.429663E-01   
 5.436032E-01   
 5.442438E-01   
 5.448880E-01   
 5.455359E-01   
 5.461874E-01   
 5.468425E-01   
 5.475012E-01   
 5.481634E-01   
 5.488291E-01   
 5.494982E-01   
 5.501708E-01   
 5.508468E-01   
 5.515262E-01   
 5.522090E-01   
 5.528950E-01   
 5.535844E-01   
 5.542770E-01   
 5.549729E-01   
 5.556720E-01   
 5.563743E-01   
 5.570797E-01   
 5.577882E-01   
 5.584998E-01   
 5.592144E-01   
 5.599321E-01   
 5.606528E-01   
 5.613765E-01   
 5.621030E-01   
 5.628325E-01   
 5.635649E-01   
 5.643001E-01   
 5.650381E-01   
 5.657789E-01   
 5.665224E-01   
 5.672687E-01   
 5.680176E-01   
 5.687692E-01   
 5.695235E-01   
 5.702803E-01   
 5.710397E-01   
 5.718016E-01   
 5.725660E-01   
 5.733328E-01   
 5.741021E-01   
 5.748739E-01   
 5.756479E-01   
 5.764243E-01   
 5.772031E-01   
 5.779841E-01   
 5.787673E-01   
 5.795527E-01   
 5.803404E-01   
 5.811301E-01   
 5.819220E-01   
 5.827160E-01   
 5.835120E-01   
 5.843100E-01   
 5.851101E-01   
 5.859120E-01   
 5.867159E-01   
 5.875217E-01   
 5.883293E-01   
 5.891388E-01   
 5.899500E-01   
 5.907630E-01   
 5.915777E-01   
 5.923942E-01   
 5.932122E-01   
 5.940319E-01   
 5.948532E-01   
 5.956761E-01   
 5.965005E-01   
 5.973263E-01   
 5.981537E-01   
 5.989824E-01   
 5.998126E-01   
 6.006441E-01   
 6.014770E-01   
 6.023112E-01   
 6.031466E-01   
 6.039833E-01   
 6.048211E-01   
 6.056601E-01   
 6.065003E-01   
 6.073416E-01   
 6.081839E-01   
 6.090273E-01   
 6.098717E-01   
 6.107170E-01   
 6.115633E-01   
 6.124105E-01   
 6.132586E-01   
 6.141075E-01   
 6.149572E-01   
 6.158077E-01   
 6.166590E-01   
 6.175109E-01   
 6.183635E-01   
 6.192168E-01   
 6.200707E-01   
 6.209252E-01   
 6.217802E-01   
 6.226357E-01   
 6.234918E-01   
 6.243482E-01   
 6.252051E-01   
 6.260624E-01   
 6.269200E-01   
 6.277780E-01   
 6.286362E-01   
 6.294947E-01   
 6.303535E-01   
 6.312124E-01   
 6.320715E-01   
 6.329307E-01   
 6.337900E-01   
 6.346494E-01   
 6.355088E-01   
 6.363682E-01   
 6.372276E-01   
 6.380870E-01   
 6.389462E-01   
 6.398053E-01   
 6.406643E-01   
 6.415231E-01   
 6.423817E-01   
 6.432400E-01   
 6.440980E-01   
 6.449557E-01   
 6.458131E-01   
 6.466701E-01   
 6.475267E-01   
 6.483829E-01   
 6.492386E-01   
 6.500938E-01   
 6.509485E-01   
 6.518027E-01   
 6.526562E-01   
 6.535091E-01   
 6.543614E-01   
 6.552130E-01   
 6.560639E-01   
 6.569140E-01   
 6.577634E-01   
 6.586120E-01   
 6.594597E-01   
 6.603066E-01   
 6.611526E-01   
 6.619977E-01   
 6.628418E-01   
 6.636849E-01   
 6.645271E-01   
 6.653682E-01   
 6.662082E-01   
 6.670472E-01   
 6.678850E-01   
 6.687216E-01   
 6.695571E-01   
 6.703914E-01   
 6.712244E-01   
 6.720561E-01   
 6.728866E-01   
 6.737157E-01   
 6.745435E-01   
 6.753699E-01   
 6.761949E-01   
 6.770184E-01   
 6.778405E-01   
 6.786611E-01   
 6.794801E-01   
 6.802976E-01   
 6.811135E-01   
 6.819278E-01   
 6.827405E-01   
 6.835515E-01   
 6.843609E-01   
 6.851685E-01   
 6.859743E-01   
 6.867784E-01   
 6.875807E-01   
 6.883812E-01   
 6.891798E-01   
 6.899766E-01   
 6.907714E-01   
 6.915643E-01   
 6.923553E-01   
 6.931443E-01   
 6.939312E-01   
 6.947161E-01   
 6.954990E-01   
 6.962798E-01   
 6.970585E-01   
 6.978350E-01   
 6.986094E-01   
 6.993815E-01   
 7.001515E-01   
 7.009192E-01   
 7.016847E-01   
 7.024479E-01   
 7.032087E-01   
 7.039672E-01   
 7.047234E-01   
 7.054772E-01   
 7.062285E-01   
 7.069775E-01   
 7.077239E-01   
 7.084679E-01   
 7.092094E-01   
 7.099483E-01   
 7.106847E-01   
 7.114185E-01   
 7.121497E-01   
 7.128783E-01   
 7.136042E-01   
 7.143275E-01   
 7.150481E-01   
 7.157659E-01   
 7.164810E-01   
 7.171934E-01   
 7.179029E-01   
 7.186097E-01   
 7.193136E-01   
 7.200147E-01   
 7.207129E-01   
 7.214082E-01   
 7.221006E-01   
 7.227901E-01   
 7.234766E-01   
 7.241601E-01   
 7.248406E-01   
 7.255181E-01   
 7.261925E-01   
 7.268639E-01   
 7.275322E-01   
 7.281973E-01   
 7.288594E-01   
 7.295183E-01   
 7.301740E-01   
 7.308266E-01   
 7.314759E-01   
 7.321220E-01   
 7.327649E-01   
 7.334045E-01   
 7.340408E-01   
 7.346738E-01   
 7.353035E-01   
 7.359298E-01   
 7.365528E-01   
 7.371724E-01   
 7.377886E-01   
 7.384013E-01   
 7.390106E-01   
 7.396165E-01   
 7.402189E-01   
 7.408178E-01   
 7.414132E-01   
 7.420050E-01   
 7.425933E-01   
 7.431781E-01   
 7.437592E-01   
 7.443368E-01   
 7.449107E-01   
 7.454811E-01   
 7.460477E-01   
 7.466107E-01   
 7.471700E-01   
 7.477256E-01   
 7.482775E-01   
 7.488257E-01   
 7.493701E-01   
 7.499107E-01   
 7.504475E-01   
 7.509806E-01   
 7.515098E-01   
 7.520353E-01   
 7.525568E-01   
 7.530745E-01   
 7.535884E-01   
 7.540983E-01   
 7.546043E-01   
 7.551065E-01   
 7.556046E-01   
 7.560989E-01   
 7.565891E-01   
 7.570754E-01   
 7.575577E-01   
 7.580360E-01   
 7.585103E-01   
 7.589805E-01   
 7.594467E-01   
 7.599088E-01   
 7.603669E-01   
 7.608209E-01   
 7.612707E-01   
 7.617165E-01   
 7.621581E-01   
 7.625956E-01   
 7.630289E-01   
 7.634581E-01   
 7.638831E-01   
 7.643039E-01   
 7.647205E-01   
 7.651329E-01   
 7.655411E-01   
 7.659450E-01   
 7.663447E-01   
 7.667401E-01   
 7.671313E-01   
 7.675181E-01   
 7.679007E-01   
 7.682790E-01   
 7.686530E-01   
 7.690226E-01   
 7.693879E-01   
 7.697489E-01   
 7.701055E-01   
 7.704577E-01   
 7.708056E-01   
 7.711490E-01   
 7.714881E-01   
 7.718228E-01   
 7.721530E-01   
 7.724789E-01   
 7.728003E-01   
 7.731172E-01   
 7.734298E-01   
 7.737378E-01   
 7.740414E-01   
 7.743405E-01   
 7.746351E-01   
 7.749252E-01   
 7.752109E-01   
 7.754920E-01   
 7.757686E-01   
 7.760407E-01   
 7.763082E-01   
 7.765712E-01   
 7.768297E-01   
 7.770836E-01   
 7.773329E-01   
 7.775777E-01   
 7.778179E-01   
 7.780535E-01   
 7.782845E-01   
 7.785109E-01   
 7.787327E-01   
 7.789500E-01   
 7.791626E-01   
 7.793706E-01   
 7.795739E-01   
 7.797726E-01   
 7.799667E-01   
 7.801562E-01   
 7.803410E-01   
 7.805211E-01   
 7.806966E-01   
 7.808674E-01   
 7.810336E-01   
 7.811951E-01   
 7.813519E-01   
 7.815041E-01   
 7.816515E-01   
 7.817943E-01   
 7.819323E-01   
 7.820657E-01   
 7.821944E-01   
 7.823184E-01   
 7.824376E-01   
 7.825522E-01   
 7.826620E-01   
 7.827671E-01   
 7.828675E-01   
 7.829632E-01   
 7.830542E-01   
 7.831404E-01   
 7.832219E-01   
 7.832987E-01   
 7.833707E-01   
 7.834380E-01   
 7.835006E-01   
 7.835584E-01   
 7.836115E-01   
 7.836598E-01   
 7.837034E-01   
 7.837422E-01   
 7.837763E-01   
 7.838057E-01   
 7.838303E-01   
 7.838502E-01   
 7.838653E-01   
 7.838756E-01   
 7.838812E-01   
 7.838821E-01   
 7.838782E-01   
 7.838696E-01   
 7.838562E-01   
 7.838380E-01   
 7.838152E-01   
 7.837875E-01   
 7.837551E-01   
 7.837180E-01   
 7.836761E-01   
 7.836295E-01   
 7.835781E-01   
 7.835220E-01   
 7.834612E-01   
 7.833956E-01   
 7.833253E-01   
 7.832502E-01   
 7.831704E-01   
 7.830859E-01   
 7.829967E-01   
 7.829027E-01   
 7.828040E-01   
 7.827006E-01   
 7.825925E-01   
 7.824796E-01   
 7.823621E-01   
 7.822398E-01   
 7.821128E-01   
 7.819812E-01   
 7.818448E-01   
 7.817037E-01   
 7.815580E-01   
 7.814075E-01   
 7.812524E-01   
 7.810926E-01   
 7.809281E-01   
 7.807590E-01   
 7.805852E-01   
 7.804067E-01   
 7.802236E-01   
 7.800358E-01   
 7.798434E-01   
 7.796464E-01   
 7.794447E-01   
 7.792384E-01   
 7.790274E-01   
 7.788119E-01   
 7.785917E-01   
 7.783670E-01   
 7.781376E-01   
 7.779036E-01   
 7.776651E-01   
 7.774220E-01   
 7.771743E-01   
 7.769221E-01   
 7.766652E-01   
 7.764039E-01   
 7.761380E-01   
 7.758675E-01   
 7.755926E-01   
 7.753131E-01   
 7.750291E-01   
 7.747406E-01   
 7.744476E-01   
 7.741501E-01   
 7.738481E-01   
 7.735417E-01   
 7.732308E-01   
 7.729154E-01   
 7.725956E-01   
 7.722714E-01   
 7.719427E-01   
 7.716097E-01   
 7.712722E-01   
 7.709303E-01   
 7.705840E-01   
 7.702333E-01   
 7.698783E-01   
 7.695189E-01   
 7.691552E-01   
 7.687871E-01   
 7.684147E-01   
 7.680380E-01   
 7.676570E-01   
 7.672716E-01   
 7.668820E-01   
 7.664881E-01   
 7.660900E-01   
 7.656876E-01   
 7.652809E-01   
 7.648701E-01   
 7.644550E-01   
 7.640357E-01   
 7.636122E-01   
 7.631845E-01   
 7.627527E-01   
 7.623167E-01   
 7.618766E-01   
 7.614323E-01   
 7.609839E-01   
 7.605314E-01   
 7.600748E-01   
 7.596142E-01   
 7.591494E-01   
 7.586807E-01   
 7.582078E-01   
 7.577310E-01   
 7.572501E-01   
 7.567653E-01   
 7.562764E-01   
 7.557836E-01   
 7.552869E-01   
 7.547862E-01   
 7.542815E-01   
 7.537730E-01   
 7.532606E-01   
 7.527443E-01   
 7.522241E-01   
 7.517000E-01   
 7.511722E-01   
 7.506405E-01   
 7.501050E-01   
 7.495657E-01   
 7.490227E-01   
 7.484759E-01   
 7.479253E-01   
 7.473710E-01   
 7.468131E-01   
 7.462514E-01   
 7.456860E-01   
 7.451170E-01   
 7.445444E-01   
 7.439681E-01   
 7.433883E-01   
 7.428048E-01   
 7.422178E-01   
 7.416272E-01   
 7.410331E-01   
 7.404354E-01   
 7.398343E-01   
 7.392296E-01   
 7.386216E-01   
 7.380100E-01   
 7.373951E-01   
 7.367767E-01   
 7.361549E-01   
 7.355298E-01   
 7.349013E-01   
 7.342695E-01   
 7.336344E-01   
 7.329960E-01   
 7.323543E-01   
 7.317093E-01   
 7.310611E-01   
 7.304097E-01   
 7.297551E-01   
 7.290973E-01   
 7.284364E-01   
 7.277723E-01   
 7.271052E-01   
 7.264349E-01   
 7.257615E-01   
 7.250851E-01   
 7.244057E-01   
 7.237233E-01   
 7.230378E-01   
 7.223494E-01   
 7.216581E-01   
 7.209638E-01   
 7.202666E-01   
 7.195666E-01   
 7.188637E-01   
 7.181579E-01   
 7.174493E-01   
 7.167380E-01   
 7.160239E-01   
 7.153070E-01   
 7.145874E-01   
 7.138651E-01   
 7.131401E-01   
 7.124124E-01   
 7.116822E-01   
 7.109493E-01   
 7.102138E-01   
 7.094758E-01   
 7.087352E-01   
 7.079921E-01   
 7.072465E-01   
 7.064984E-01   
 7.057479E-01   
 7.049950E-01   
 7.042397E-01   
 7.034820E-01   
 7.027220E-01   
 7.019596E-01   
 7.011950E-01   
 7.004280E-01   
 6.996589E-01   
 6.988875E-01   
 6.981139E-01   
 6.973381E-01   
 6.965602E-01   
 6.957802E-01   
 6.949980E-01   
 6.942138E-01   
 6.934276E-01   
 6.926393E-01   
 6.918491E-01   
 6.910568E-01   
 6.902627E-01   
 6.894666E-01   
 6.886686E-01   
 6.878688E-01   
 6.870671E-01   
 6.862637E-01   
 6.854584E-01   
 6.846514E-01   
 6.838427E-01   
 6.830323E-01   
 6.822202E-01   
 6.814064E-01   
 6.805911E-01   
 6.797741E-01   
 6.789556E-01   
 6.781356E-01   
 6.773140E-01   
 6.764910E-01   
 6.756665E-01   
 6.748406E-01   
 6.740133E-01   
 6.731846E-01   
 6.723546E-01   
 6.715233E-01   
 6.706907E-01   
 6.698569E-01   
 6.690218E-01   
 6.681856E-01   
 6.673482E-01   
 6.665096E-01   
 6.656699E-01   
 6.648292E-01   
 6.639874E-01   
 6.631446E-01   
 6.623008E-01   
 6.614561E-01   
 6.606104E-01   
 6.597638E-01   
 6.589163E-01   
 6.580680E-01   
 6.572189E-01   
 6.563690E-01   
 6.555184E-01   
 6.546671E-01   
 6.538150E-01   
 6.529623E-01   
 6.521090E-01   
 6.512550E-01   
 6.504005E-01   
 6.495455E-01   
 6.486899E-01   
 6.478339E-01   
 6.469774E-01   
 6.461205E-01   
 6.452633E-01   
 6.444056E-01   
 6.435477E-01   
 6.426894E-01   
 6.418309E-01   
 6.409722E-01   
 6.401133E-01   
 6.392542E-01   
 6.383950E-01   
 6.375357E-01   
 6.366763E-01   
 6.358168E-01   
 6.349574E-01   
 6.340980E-01   
 6.332386E-01   
 6.323793E-01   
 6.315202E-01   
 6.306612E-01   
 6.298023E-01   
 6.289437E-01   
 6.280854E-01   
 6.272273E-01   
 6.263695E-01   
 6.255121E-01   
 6.246550E-01   
 6.237984E-01   
 6.229422E-01   
 6.220865E-01   
 6.212312E-01   
 6.203765E-01   
 6.195224E-01   
 6.186689E-01   
 6.178160E-01   
 6.169638E-01   
 6.161123E-01   
 6.152615E-01   
 6.144115E-01   
 6.135622E-01   
 6.127138E-01   
 6.118663E-01   
 6.110197E-01   
 6.101739E-01   
 6.093292E-01   
 6.084854E-01   
 6.076427E-01   
 6.068010E-01   
 6.059604E-01   
 6.051210E-01   
 6.042827E-01   
 6.034455E-01   
 6.026096E-01   
 6.017750E-01   
 6.009416E-01   
 6.001096E-01   
 5.992789E-01   
 5.984496E-01   
 5.976217E-01   
 5.967953E-01   
 5.959704E-01   
 5.951469E-01   
 5.943250E-01   
 5.935048E-01   
 5.926861E-01   
 5.918690E-01   
 5.910537E-01   
 5.902400E-01   
 5.894281E-01   
 5.886180E-01   
 5.878097E-01   
 5.870032E-01   
 5.861986E-01   
 5.853959E-01   
 5.845952E-01   
 5.837964E-01   
 5.829996E-01   
 5.822049E-01   
 5.814122E-01   
 5.806217E-01   
 5.798332E-01   
 5.790470E-01   
 5.782629E-01   
 5.774811E-01   
 5.767015E-01   
 5.759242E-01   
 5.751493E-01   
 5.743767E-01   
 5.736065E-01   
 5.728387E-01   
 5.720734E-01   
 5.713105E-01   
 5.705502E-01   
 5.697924E-01   
 5.690373E-01   
 5.682847E-01   
 5.675347E-01   
 5.667875E-01   
 5.660429E-01   
 5.653011E-01   
 5.645620E-01   
 5.638258E-01   
 5.630924E-01   
 5.623618E-01   
 5.616341E-01   
 5.609094E-01   
 5.601876E-01   
 5.594688E-01   
 5.587530E-01   
 5.580402E-01   
 5.573306E-01   
 5.566240E-01   
 5.559206E-01   
 5.552203E-01   
 5.545232E-01   
 5.538294E-01   
 5.531388E-01   
 5.524515E-01   
 5.517675E-01   
 5.510868E-01   
 5.504095E-01   
 5.497357E-01   
 5.490652E-01   
 5.483982E-01   
 5.477347E-01   
 5.470747E-01   
 5.464183E-01   
 5.457654E-01   
 5.451162E-01   
 5.444706E-01   
 5.438286E-01   
 5.431903E-01   
 5.425557E-01   
 5.419249E-01   
 5.412979E-01   
 5.406746E-01   
 5.400552E-01   
 5.394396E-01   
 5.388279E-01   
 5.382201E-01   
 5.376163E-01   
 5.370164E-01   
 5.364205E-01   
 5.358286E-01   
 5.352407E-01   
 5.346569E-01   
 5.340772E-01   
 5.335016E-01   
 5.329302E-01   
 5.323629E-01   
 5.317998E-01   
 5.312410E-01   
 5.306863E-01   
 5.301360E-01   
 5.295899E-01   
 5.290482E-01   
 5.285108E-01   
 5.279777E-01   
 5.274491E-01   
 5.269249E-01   
 5.264051E-01   
 5.258897E-01   
 5.253789E-01   
 5.248725E-01   
 5.243707E-01   
 5.238734E-01   
 5.233807E-01   
 5.228926E-01   
 5.224091E-01   
 5.219303E-01   
 5.214561E-01   
 5.209866E-01   
 5.205218E-01   
 5.200617E-01   
 5.196064E-01   
 5.191559E-01   
 5.187101E-01   
 5.182691E-01   
 5.178330E-01   
 5.174017E-01   
 5.169753E-01   
 5.165538E-01   
 5.161372E-01   
 5.157255E-01   
 5.153187E-01   
 5.149170E-01   
 5.145202E-01   
 5.141284E-01   
 5.137416E-01   
 5.133598E-01   
 5.129831E-01   
 5.126115E-01   
 5.122450E-01   
 5.118836E-01   
 5.115273E-01   
 5.111761E-01   
 5.108301E-01   
 5.104893E-01   
 5.101536E-01   
 5.098232E-01   
 5.094979E-01   
 5.091779E-01   
 5.088632E-01   
 5.085537E-01   
 5.082495E-01   
 5.079505E-01   
 5.076569E-01   
 5.073686E-01   
 5.070856E-01   
 5.068080E-01   
 5.065357E-01   
 5.062688E-01   
 5.060073E-01   
 5.057512E-01   
 5.055005E-01   
 5.052552E-01   
 5.050153E-01   
 5.047809E-01   
 5.045519E-01   
 5.043284E-01   
 5.041104E-01   
 5.038978E-01   
 5.036908E-01   
 5.034892E-01   
 5.032932E-01   
 5.031026E-01   
 5.029176E-01   
 5.027382E-01   
 5.025643E-01   
 5.023959E-01   
 5.022332E-01   
 5.020759E-01   
 5.019243E-01   
 5.017783E-01   
 5.016378E-01   
 5.015029E-01   
 5.013737E-01   
 5.012501E-01   
 5.011320E-01   
 5.010196E-01   
 5.009129E-01   
 5.008117E-01   
 5.007163E-01   
 5.006264E-01   
 5.005422E-01   
 5.004636E-01   
 5.003907E-01   
 5.003235E-01   
 5.002619E-01   
 5.002060E-01   
 5.001558E-01   
 5.001112E-01   
 5.000723E-01   
 5.000390E-01   
 5.000115E-01   
 4.999896E-01   
 4.999734E-01   
 4.999629E-01   
 4.999580E-01   
 4.999589E-01   
 4.999654E-01   
 4.999775E-01   
 4.999954E-01   
 5.000190E-01   
 5.000482E-01   
 5.000831E-01   
 5.001236E-01   
 5.001699E-01   
 5.002218E-01   
 5.002793E-01   
 5.003426E-01   
 5.004115E-01   
 5.004860E-01   
 5.005662E-01   
 5.006521E-01   
 5.007436E-01   
 5.008407E-01   
 5.009435E-01   
 5.010519E-01   
 5.011660E-01   
 5.012856E-01   
 5.014109E-01   
 5.015418E-01   
 5.016783E-01   
 5.018204E-01   
 5.019681E-01   
 5.021213E-01   
 5.022802E-01   
 5.024446E-01   
 5.026145E-01   
 5.027901E-01   
 5.029711E-01   
 5.031578E-01   
 5.033499E-01   
 5.035475E-01   
 5.037507E-01   
 5.039594E-01   
 5.041735E-01   
 5.043932E-01   
 5.046183E-01   
 5.048489E-01   
 5.050849E-01   
 5.053263E-01   
 5.055732E-01   
 5.058255E-01   
 5.060832E-01   
 5.063463E-01   
 5.066148E-01   
 5.068886E-01   
 5.071678E-01   
 5.074523E-01   
 5.077422E-01   
 5.080373E-01   
 5.083378E-01   
 5.086436E-01   
 5.089546E-01   
 5.092709E-01   
 5.095924E-01   
 5.099192E-01   
 5.102512E-01   
 5.105883E-01   
 5.109307E-01   
 5.112782E-01   
 5.116309E-01   
 5.119887E-01   
 5.123516E-01   
 5.127196E-01   
 5.130927E-01   
 5.134709E-01   
 5.138541E-01   
 5.142423E-01   
 5.146356E-01   
 5.150338E-01   
 5.154371E-01   
 5.158453E-01   
 5.162584E-01   
 5.166764E-01   
 5.170994E-01   
 5.175272E-01   
 5.179599E-01   
 5.183974E-01   
 5.188398E-01   
 5.192870E-01   
 5.197389E-01   
 5.201956E-01   
 5.206571E-01   
 5.211232E-01   
 5.215941E-01   
 5.220697E-01   
 5.225498E-01   
 5.230347E-01   
 5.235241E-01   
 5.240182E-01   
 5.245168E-01   
 5.250199E-01   
 5.255276E-01   
 5.260397E-01   
 5.265564E-01   
 5.270775E-01   
 5.276030E-01   
 5.281329E-01   
 5.286672E-01   
 5.292059E-01   
 5.297489E-01   
 5.302962E-01   
 5.308478E-01   
 5.314037E-01   
 5.319638E-01   
 5.325281E-01   
 5.330966E-01   
 5.336692E-01   
 5.342460E-01   
 5.348269E-01   
 5.354119E-01   
 5.360009E-01   
 5.365940E-01   
 5.371911E-01   
 5.377921E-01   
 5.383971E-01   
 5.390060E-01   
 5.396189E-01   
 5.402356E-01   
 5.408561E-01   
 5.414805E-01   
 5.421086E-01   
 5.427405E-01   
 5.433762E-01   
 5.440155E-01   
 5.446586E-01   
 5.453052E-01   
 5.459555E-01   
 5.466094E-01   
 5.472669E-01   
 5.479279E-01   
 5.485924E-01   
 5.492604E-01   
 5.499319E-01   
 5.506067E-01   
 5.512850E-01   
 5.519666E-01   
 5.526516E-01   
 5.533398E-01   
 5.540314E-01   
 5.547262E-01   
 5.554242E-01   
 5.561253E-01   
 5.568297E-01   
 5.575372E-01   
 5.582477E-01   
 5.589614E-01   
 5.596780E-01   
 5.603977E-01   
 5.611204E-01   
 5.618460E-01   
 5.625745E-01   
 5.633058E-01   
 5.640401E-01   
 5.647772E-01   
 5.655170E-01   
 5.662596E-01   
 5.670050E-01   
 5.677530E-01   
 5.685037E-01   
 5.692570E-01   
 5.700130E-01   
 5.707715E-01   
 5.715325E-01   
 5.722961E-01   
 5.730621E-01   
 5.738306E-01   
 5.746015E-01   
 5.753748E-01   
 5.761504E-01   
 5.769283E-01   
 5.777086E-01   
 5.784910E-01   
 5.792757E-01   
 5.800626E-01   
 5.808517E-01   
 5.816428E-01   
 5.824361E-01   
 5.832314E-01   
 5.840288E-01   
 5.848281E-01   
 5.856294E-01   
 5.864326E-01   
 5.872378E-01   
 5.880448E-01   
 5.888536E-01   
 5.896642E-01   
 5.904766E-01   
 5.912908E-01   
 5.921066E-01   
 5.929241E-01   
 5.937433E-01   
 5.945640E-01   
 5.953863E-01   
 5.962102E-01   
 5.970356E-01   
 5.978624E-01   
 5.986907E-01   
 5.995204E-01   
 6.003515E-01   
 6.011839E-01   
 6.020176E-01   
 6.028526E-01   
 6.036888E-01   
 6.045263E-01   
 6.053649E-01   
 6.062047E-01   
 6.070456E-01   
 6.078876E-01   
 6.087306E-01   
 6.095746E-01   
 6.104197E-01   
 6.112656E-01   
 6.121125E-01   
 6.129603E-01   
 6.138089E-01   
 6.146584E-01   
 6.155086E-01   
 6.163596E-01   
 6.172113E-01   
 6.180637E-01   
 6.189168E-01   
 6.197705E-01   
 6.206247E-01   
 6.214796E-01   
 6.223349E-01   
 6.231908E-01   
 6.240471E-01   
 6.249039E-01   
 6.257610E-01   
 6.266185E-01   
 6.274764E-01   
 6.283345E-01   
 6.291930E-01   
 6.300516E-01   
 6.309105E-01   
 6.317695E-01   
 6.326287E-01   
 6.334880E-01   
 6.343474E-01   
 6.352068E-01   
 6.360662E-01   
 6.369256E-01   
 6.377850E-01   
 6.386443E-01   
 6.395034E-01   
 6.403625E-01   
 6.412213E-01   
 6.420800E-01   
 6.429384E-01   
 6.437965E-01   
 6.446543E-01   
 6.455119E-01   
 6.463690E-01   
 6.472258E-01   
 6.480821E-01   
 6.489380E-01   
 6.497934E-01   
 6.506482E-01   
 6.515026E-01   
 6.523563E-01   
 6.532095E-01   
 6.540620E-01   
 6.549138E-01   
 6.557649E-01   
 6.566153E-01   
 6.574650E-01   
 6.583138E-01   
 6.591619E-01   
 6.600091E-01   
 6.608554E-01   
 6.617008E-01   
 6.625452E-01   
 6.633887E-01   
 6.642312E-01   
 6.650727E-01   
 6.659131E-01   
 6.667524E-01   
 6.675907E-01   
 6.684277E-01   
 6.692636E-01   
 6.700983E-01   
 6.709318E-01   
 6.717640E-01   
 6.725949E-01   
 6.734245E-01   
 6.742527E-01   
 6.750796E-01   
 6.759051E-01   
 6.767291E-01   
 6.775517E-01   
 6.783728E-01   
 6.791924E-01   
 6.800105E-01   
 6.808269E-01   
 6.816418E-01   
 6.824551E-01   
 6.832667E-01   
 6.840766E-01   
 6.848848E-01   
 6.856913E-01   
 6.864960E-01   
 6.872989E-01   
 6.881000E-01   
 6.888993E-01   
 6.896967E-01   
 6.904922E-01   
 6.912858E-01   
 6.920775E-01   
 6.928671E-01   
 6.936548E-01   
 6.944404E-01   
 6.952240E-01   
 6.960055E-01   
 6.967849E-01   
 6.975622E-01   
 6.983374E-01   
 6.991103E-01   
 6.998810E-01   
 7.006495E-01   
 7.014158E-01   
 7.021798E-01   
 7.029415E-01   
 7.037008E-01   
 7.044578E-01   
 7.052124E-01   
 7.059646E-01   
 7.067144E-01   
 7.074617E-01   
 7.082066E-01   
 7.089489E-01   
 7.096887E-01   
 7.104260E-01   
 7.111607E-01   
 7.118929E-01   
 7.126224E-01   
 7.133492E-01   
 7.140734E-01   
 7.147949E-01   
 7.155137E-01   
 7.162298E-01   
 7.169431E-01   
 7.176537E-01   
 7.183614E-01   
 7.190663E-01   
 7.197684E-01   
 7.204676E-01   
 7.211640E-01   
 7.218574E-01   
 7.225479E-01   
 7.232354E-01   
 7.239199E-01   
 7.246015E-01   
 7.252800E-01   
 7.259556E-01   
 7.266280E-01   
 7.272974E-01   
 7.279636E-01   
 7.286268E-01   
 7.292868E-01   
 7.299437E-01   
 7.305973E-01   
 7.312478E-01   
 7.318950E-01   
 7.325390E-01   
 7.331798E-01   
 7.338172E-01   
 7.344514E-01   
 7.350822E-01   
 7.357097E-01   
 7.363339E-01   
 7.369547E-01   
 7.375720E-01   
 7.381860E-01   
 7.387965E-01   
 7.394036E-01   
 7.400072E-01   
 7.406073E-01   
 7.412039E-01   
 7.417970E-01   
 7.423866E-01   
 7.429726E-01   
 7.435550E-01   
 7.441338E-01   
 7.447090E-01   
 7.452806E-01   
 7.458486E-01   
 7.464128E-01   
 7.469734E-01   
 7.475303E-01   
 7.480835E-01   
 7.486330E-01   
 7.491787E-01   
 7.497207E-01   
 7.502588E-01   
 7.507932E-01   
 7.513238E-01   
 7.518506E-01   
 7.523735E-01   
 7.528925E-01   
 7.534077E-01   
 7.539190E-01   
 7.544264E-01   
 7.549299E-01   
 7.554295E-01   
 7.559251E-01   
 7.564168E-01   
 7.569044E-01   
 7.573881E-01   
 7.578678E-01   
 7.583435E-01   
 7.588152E-01   
 7.592828E-01   
 7.597463E-01   
 7.602058E-01   
 7.606612E-01   
 7.611125E-01   
 7.615597E-01   
 7.620028E-01   
 7.624417E-01   
 7.628765E-01   
 7.633072E-01   
 7.637336E-01   
 7.641559E-01   
 7.645740E-01   
 7.649878E-01   
 7.653975E-01   
 7.658029E-01   
 7.662041E-01   
 7.666010E-01   
 7.669936E-01   
 7.673820E-01   
 7.677661E-01   
 7.681459E-01   
 7.685214E-01   
 7.688925E-01   
 7.692593E-01   
 7.696218E-01   
 7.699800E-01   
 7.703337E-01   
 7.706831E-01   
 7.710281E-01   
 7.713688E-01   
 7.717050E-01   
 7.720368E-01   
 7.723642E-01   
 7.726871E-01   
 7.730057E-01   
 7.733197E-01   
 7.736293E-01   
 7.739345E-01   
 7.742352E-01   
 7.745314E-01   
 7.748231E-01   
 7.751103E-01   
 7.753930E-01   
 7.756712E-01   
 7.759448E-01   
 7.762139E-01   
 7.764785E-01   
 7.767386E-01   
 7.769941E-01   
 7.772450E-01   
 7.774914E-01   
 7.777332E-01   
 7.779704E-01   
 7.782030E-01   
 7.784311E-01   
 7.786545E-01   
 7.788733E-01   
 7.790876E-01   
 7.792972E-01   
 7.795022E-01   
 7.797025E-01   
 7.798982E-01   
 7.800893E-01   
 7.802757E-01   
 7.804575E-01   
 7.806346E-01   
 7.808071E-01   
 7.809749E-01   
 7.811380E-01   
 7.812965E-01   
 7.814503E-01   
 7.815994E-01   
 7.817438E-01   
 7.818835E-01   
 7.820185E-01   
 7.821488E-01   
 7.822744E-01   
 7.823954E-01   
 7.825116E-01   
 7.826231E-01   
 7.827298E-01   
 7.828319E-01   
 7.829292E-01   
 7.830218E-01   
 7.831097E-01   
 7.831929E-01   
 7.832713E-01   
 7.833450E-01   
 7.834140E-01   
 7.834782E-01   
 7.835377E-01   
 7.835924E-01   
 7.836424E-01   
 7.836877E-01   
 7.837282E-01   
 7.837640E-01   
 7.837950E-01   
 7.838212E-01   
 7.838428E-01   
 7.838595E-01   
 7.838716E-01   
 7.838789E-01   
 7.838814E-01   
 7.838792E-01   
 7.838722E-01   
 7.838605E-01   
 7.838440E-01   
 7.838228E-01   
 7.837968E-01   
 7.837661E-01   
 7.837306E-01   
 7.836904E-01   
 7.836454E-01   
 7.835957E-01   
 7.835413E-01   
 7.834821E-01   
 7.834182E-01   
 7.833495E-01   
 7.832761E-01   
 7.831980E-01   
 7.831152E-01   
 7.830276E-01   
 7.829353E-01   
 7.828382E-01   
 7.827365E-01   
 7.826300E-01   
 7.825188E-01   
 7.824029E-01   
 7.822823E-01   
 7.821569E-01   
 7.820269E-01   
 7.818922E-01   
 7.817528E-01   
 7.816087E-01   
 7.814599E-01   
 7.813064E-01   
 7.811482E-01   
 7.809854E-01   
 7.808179E-01   
 7.806457E-01   
 7.804689E-01   
 7.802874E-01   
 7.801013E-01   
 7.799105E-01   
 7.797151E-01   
 7.795150E-01   
 7.793103E-01   
 7.791010E-01   
 7.788871E-01   
 7.786685E-01   
 7.784454E-01   
 7.782176E-01   
 7.779853E-01   
 7.777484E-01   
 7.775069E-01   
 7.772608E-01   
 7.770101E-01   
 7.767549E-01   
 7.764952E-01   
 7.762309E-01   
 7.759620E-01   
 7.756886E-01   
 7.754107E-01   
 7.751283E-01   
 7.748414E-01   
 7.745500E-01   
 7.742541E-01   
 7.739537E-01   
 7.736488E-01   
 7.733395E-01   
 7.730257E-01   
 7.727074E-01   
 7.723847E-01   
 7.720576E-01   
 7.717261E-01   
 7.713902E-01   
 7.710498E-01   
 7.707051E-01   
 7.703560E-01   
 7.700025E-01   
 7.696446E-01   
 7.692824E-01   
 7.689158E-01   
 7.685450E-01   
 7.681697E-01   
 7.677902E-01   
 7.674064E-01   
 7.670183E-01   
 7.666259E-01   
 7.662293E-01   
 7.658284E-01   
 7.654232E-01   
 7.650138E-01   
 7.646002E-01   
 7.641824E-01   
 7.637604E-01   
 7.633342E-01   
 7.629038E-01   
 7.624693E-01   
 7.620306E-01   
 7.615878E-01   
 7.611408E-01   
 7.606898E-01   
 7.602346E-01   
 7.597754E-01   
 7.593121E-01   
 7.588447E-01   
 7.583733E-01   
 7.578979E-01   
 7.574184E-01   
 7.569350E-01   
 7.564476E-01   
 7.559561E-01   
 7.554608E-01   
 7.549614E-01   
 7.544582E-01   
 7.539510E-01   
 7.534400E-01   
 7.529250E-01   
 7.524062E-01   
 7.518835E-01   
 7.513570E-01   
 7.508266E-01   
 7.502925E-01   
 7.497545E-01   
 7.492128E-01   
 7.486673E-01   
 7.481181E-01   
 7.475651E-01   
 7.470084E-01   
 7.464481E-01   
 7.458840E-01   
 7.453163E-01   
 7.447449E-01   
 7.441699E-01   
 7.435913E-01   
 7.430091E-01   
 7.424234E-01   
 7.418340E-01   
 7.412411E-01   
 7.406447E-01   
 7.400448E-01   
 7.394414E-01   
 7.388345E-01   
 7.382242E-01   
 7.376105E-01   
 7.369933E-01   
 7.363727E-01   
 7.357488E-01   
 7.351215E-01   
 7.344908E-01   
 7.338569E-01   
 7.332196E-01   
 7.325791E-01   
 7.319352E-01   
 7.312882E-01   
 7.306379E-01   
 7.299844E-01   
 7.293278E-01   
 7.286680E-01   
 7.280050E-01   
 7.273389E-01   
 7.266697E-01   
 7.259974E-01   
 7.253221E-01   
 7.246437E-01   
 7.239624E-01   
 7.232780E-01   
 7.225906E-01   
 7.219003E-01   
 7.212071E-01   
 7.205109E-01   
 7.198119E-01   
 7.191100E-01   
 7.184052E-01   
 7.176976E-01   
 7.169872E-01   
 7.162741E-01   
 7.155582E-01   
 7.148395E-01   
 7.141182E-01   
 7.133941E-01   
 7.126674E-01   
 7.119381E-01   
 7.112061E-01   
 7.104715E-01   
 7.097344E-01   
 7.089947E-01   
 7.082525E-01   
 7.075078E-01   
 7.067606E-01   
 7.060109E-01   
 7.052589E-01   
 7.045044E-01   
 7.037475E-01   
 7.029883E-01   
 7.022268E-01   
 7.014629E-01   
 7.006968E-01   
 6.999284E-01   
 6.991578E-01   
 6.983850E-01   
 6.976100E-01   
 6.968328E-01   
 6.960535E-01   
 6.952721E-01   
 6.944887E-01   
 6.937031E-01   
 6.929156E-01   
 6.921260E-01   
 6.913345E-01   
 6.905410E-01   
 6.897456E-01   
 6.889483E-01   
 6.881491E-01   
 6.873481E-01   
 6.865453E-01   
 6.857407E-01   
 6.849343E-01   
 6.841262E-01   
 6.833163E-01   
 6.825048E-01   
 6.816916E-01   
 6.808769E-01   
 6.800605E-01   
 6.792425E-01   
 6.784230E-01   
 6.776020E-01   
 6.767795E-01   
 6.759555E-01   
 6.751301E-01   
 6.743033E-01   
 6.734751E-01   
 6.726456E-01   
 6.718147E-01   
 6.709826E-01   
 6.701492E-01   
 6.693146E-01   
 6.684787E-01   
 6.676417E-01   
 6.668036E-01   
 6.659643E-01   
 6.651239E-01   
 6.642825E-01   
 6.634401E-01   
 6.625966E-01   
 6.617522E-01   
 6.609068E-01   
 6.600606E-01   
 6.592134E-01   
 6.583654E-01   
 6.575166E-01   
 6.566670E-01   
 6.558166E-01   
 6.549655E-01   
 6.541137E-01   
 6.532612E-01   
 6.524081E-01   
 6.515544E-01   
 6.507001E-01   
 6.498452E-01   
 6.489899E-01   
 6.481340E-01   
 6.472777E-01   
 6.464209E-01   
 6.455638E-01   
 6.447063E-01   
 6.438485E-01   
 6.429903E-01   
 6.421319E-01   
 6.412733E-01   
 6.404144E-01   
 6.395554E-01   
 6.386962E-01   
 6.378370E-01   
 6.369776E-01   
 6.361182E-01   
 6.352587E-01   
 6.343993E-01   
 6.335399E-01   
 6.326806E-01   
 6.318214E-01   
 6.309624E-01   
 6.301035E-01   
 6.292448E-01   
 6.283863E-01   
 6.275282E-01   
 6.266703E-01   
 6.258127E-01   
 6.249556E-01   
 6.240988E-01   
 6.232424E-01   
 6.223865E-01   
 6.215311E-01   
 6.206762E-01   
 6.198219E-01   
 6.189682E-01   
 6.181151E-01   
 6.172626E-01   
 6.164109E-01   
 6.155598E-01   
 6.147095E-01   
 6.138600E-01   
 6.130113E-01   
 6.121635E-01   
 6.113165E-01   
 6.104705E-01   
 6.096254E-01   
 6.087813E-01   
 6.079382E-01   
 6.070962E-01   
 6.062552E-01   
 6.054153E-01   
 6.045766E-01   
 6.037391E-01   
 6.029028E-01   
 6.020677E-01   
 6.012339E-01   
 6.004014E-01   
 5.995702E-01   
 5.987404E-01   
 5.979121E-01   
 5.970851E-01   
 5.962596E-01   
 5.954357E-01   
 5.946133E-01   
 5.937924E-01   
 5.929732E-01   
 5.921555E-01   
 5.913396E-01   
 5.905254E-01   
 5.897128E-01   
 5.889021E-01   
 5.880932E-01   
 5.872860E-01   
 5.864808E-01   
 5.856774E-01   
 5.848760E-01   
 5.840765E-01   
 5.832791E-01   
 5.824836E-01   
 5.816902E-01   
 5.808989E-01   
 5.801097E-01   
 5.793227E-01   
 5.785379E-01   
 5.777553E-01   
 5.769749E-01   
 5.761968E-01   
 5.754211E-01   
 5.746476E-01   
 5.738766E-01   
 5.731080E-01   
 5.723418E-01   
 5.715781E-01   
 5.708169E-01   
 5.700582E-01   
 5.693021E-01   
 5.685486E-01   
 5.677977E-01   
 5.670495E-01   
 5.663040E-01   
 5.655613E-01   
 5.648212E-01   
 5.640840E-01   
 5.633496E-01   
 5.626180E-01   
 5.618893E-01   
 5.611636E-01   
 5.604407E-01   
 5.597209E-01   
 5.590040E-01   
 5.582902E-01   
 5.575795E-01   
 5.568718E-01   
 5.561673E-01   
 5.554659E-01   
 5.547677E-01   
 5.540727E-01   
 5.533810E-01   
 5.526925E-01   
 5.520074E-01   
 5.513255E-01   
 5.506471E-01   
 5.499720E-01   
 5.493004E-01   
 5.486322E-01   
 5.479674E-01   
 5.473062E-01   
 5.466485E-01   
 5.459944E-01   
 5.453439E-01   
 5.446970E-01   
 5.440538E-01   
 5.434142E-01   
 5.427783E-01   
 5.421462E-01   
 5.415178E-01   
 5.408932E-01   
 5.402725E-01   
 5.396555E-01   
 5.390425E-01   
 5.384333E-01   
 5.378281E-01   
 5.372268E-01   
 5.366295E-01   
 5.360362E-01   
 5.354469E-01   
 5.348617E-01   
 5.342806E-01   
 5.337035E-01   
 5.331306E-01   
 5.325619E-01   
 5.319973E-01   
 5.314370E-01   
 5.308809E-01   
 5.303290E-01   
 5.297815E-01   
 5.292382E-01   
 5.286993E-01   
 5.281647E-01   
 5.276345E-01   
 5.271087E-01   
 5.265874E-01   
 5.260705E-01   
 5.255580E-01   
 5.250501E-01   
 5.245467E-01   
 5.240478E-01   
 5.235535E-01   
 5.230638E-01   
 5.225787E-01   
 5.220982E-01   
 5.216224E-01   
 5.211513E-01   
 5.206848E-01   
 5.202231E-01   
 5.197661E-01   
 5.193139E-01   
 5.188665E-01   
 5.184238E-01   
 5.179860E-01   
 5.175530E-01   
 5.171249E-01   
 5.167017E-01   
 5.162833E-01   
 5.158699E-01   
 5.154614E-01   
 5.150579E-01   
 5.146594E-01   
 5.142658E-01   
 5.138773E-01   
 5.134937E-01   
 5.131153E-01   
 5.127419E-01   
 5.123736E-01   
 5.120104E-01   
 5.116523E-01   
 5.112993E-01   
 5.109515E-01   
 5.106088E-01   
 5.102713E-01   
 5.099391E-01   
 5.096120E-01   
 5.092902E-01   
 5.089736E-01   
 5.086622E-01   
 5.083562E-01   
 5.080554E-01   
 5.077599E-01   
 5.074697E-01   
 5.071849E-01   
 5.069054E-01   
 5.066313E-01   
 5.063625E-01   
 5.060991E-01   
 5.058410E-01   
 5.055884E-01   
 5.053412E-01   
 5.050995E-01   
 5.048631E-01   
 5.046322E-01   
 5.044068E-01   
 5.041869E-01   
 5.039724E-01   
 5.037634E-01   
 5.035599E-01   
 5.033619E-01   
 5.031695E-01   
 5.029825E-01   
 5.028012E-01   
 5.026253E-01   
 5.024550E-01   
 5.022903E-01   
 5.021311E-01   
 5.019775E-01   
 5.018295E-01   
 5.016871E-01   
 5.015503E-01   
 5.014191E-01   
 5.012934E-01   
 5.011735E-01   
 5.010591E-01   
 5.009503E-01   
 5.008472E-01   
 5.007498E-01   
 5.006579E-01   
 5.005717E-01   
 5.004912E-01   
 5.004163E-01   
 5.003471E-01   
 5.002835E-01   
 5.002256E-01   
 5.001734E-01   
 5.001268E-01   
 5.000859E-01   
 5.000507E-01   
 5.000212E-01   
 4.999973E-01   
 4.999791E-01   
 4.999666E-01   
 4.999597E-01   
 4.999586E-01   
 4.999631E-01   
 4.999733E-01   
 4.999892E-01   
 5.000107E-01   
 5.000379E-01   
 5.000708E-01   
 5.001094E-01   
 5.001537E-01   
 5.002036E-01   
 5.002592E-01   
 5.003204E-01   
 5.003873E-01   
 5.004599E-01   
 5.005381E-01   
 5.006220E-01   
 5.007115E-01   
 5.008067E-01   
 5.009075E-01   
 5.010139E-01   
 5.011260E-01   
 5.012437E-01   
 5.013670E-01   
 5.014959E-01   
 5.016304E-01   
 5.017705E-01   
 5.019163E-01   
 5.020676E-01   
 5.022245E-01   
 5.023869E-01   
 5.025549E-01   
 5.027285E-01   
 5.029076E-01   
 5.030923E-01   
 5.032825E-01   
 5.034782E-01   
 5.036795E-01   
 5.038862E-01   
 5.040984E-01   
 5.043161E-01   
 5.045393E-01   
 5.047680E-01   
 5.050021E-01   
 5.052416E-01   
 5.054866E-01   
 5.057370E-01   
 5.059928E-01   
 5.062540E-01   
 5.065206E-01   
 5.067925E-01   
 5.070699E-01   
 5.073525E-01   
 5.076405E-01   
 5.079338E-01   
 5.082324E-01   
 5.085363E-01   
 5.088455E-01   
 5.091599E-01   
 5.094796E-01   
 5.098046E-01   
 5.101347E-01   
 5.104700E-01   
 5.108106E-01   
 5.111563E-01   
 5.115071E-01   
 5.118631E-01   
 5.122243E-01   
 5.125905E-01   
 5.129618E-01   
 5.133382E-01   
 5.137196E-01   
 5.141061E-01   
 5.144976E-01   
 5.148941E-01   
 5.152956E-01   
 5.157021E-01   
 5.161135E-01   
 5.165298E-01   
 5.169510E-01   
 5.173771E-01   
 5.178081E-01   
 5.182440E-01   
 5.186846E-01   
 5.191301E-01   
 5.195804E-01   
 5.200354E-01   
 5.204952E-01   
 5.209597E-01   
 5.214289E-01   
 5.219028E-01   
 5.223814E-01   
 5.228646E-01   
 5.233524E-01   
 5.238448E-01   
 5.243418E-01   
 5.248434E-01   
 5.253495E-01   
 5.258601E-01   
 5.263751E-01   
 5.268947E-01   
 5.274186E-01   
 5.279470E-01   
 5.284798E-01   
 5.290169E-01   
 5.295584E-01   
 5.301042E-01   
 5.306543E-01   
 5.312087E-01   
 5.317673E-01   
 5.323301E-01   
 5.328971E-01   
 5.334683E-01   
 5.340437E-01   
 5.346231E-01   
 5.352067E-01   
 5.357943E-01   
 5.363859E-01   
 5.369816E-01   
 5.375812E-01   
 5.381849E-01   
 5.387924E-01   
 5.394039E-01   
 5.400192E-01   
 5.406384E-01   
 5.412614E-01   
 5.418882E-01   
 5.425188E-01   
 5.431532E-01   
 5.437912E-01   
 5.444330E-01   
 5.450784E-01   
 5.457274E-01   
 5.463800E-01   
 5.470362E-01   
 5.476960E-01   
 5.483593E-01   
 5.490261E-01   
 5.496963E-01   
 5.503700E-01   
 5.510470E-01   
 5.517275E-01   
 5.524113E-01   
 5.530984E-01   
 5.537887E-01   
 5.544824E-01   
 5.551793E-01   
 5.558793E-01   
 5.565826E-01   
 5.572889E-01   
 5.579984E-01   
 5.587110E-01   
 5.594266E-01   
 5.601452E-01   
 5.608668E-01   
 5.615914E-01   
 5.623189E-01   
 5.630492E-01   
 5.637825E-01   
 5.645185E-01   
 5.652574E-01   
 5.659991E-01   
 5.667434E-01   
 5.674905E-01   
 5.682403E-01   
 5.689927E-01   
 5.697477E-01   
 5.705053E-01   
 5.712655E-01   
 5.720282E-01   
 5.727933E-01   
 5.735610E-01   
 5.743310E-01   
 5.751034E-01   
 5.758782E-01   
 5.766554E-01   
 5.774348E-01   
 5.782165E-01   
 5.790004E-01   
 5.797865E-01   
 5.805748E-01   
 5.813652E-01   
 5.821577E-01   
 5.829523E-01   
 5.837490E-01   
 5.845476E-01   
 5.853482E-01   
 5.861508E-01   
 5.869553E-01   
 5.877616E-01   
 5.885698E-01   
 5.893798E-01   
 5.901916E-01   
 5.910051E-01   
 5.918203E-01   
 5.926373E-01   
 5.934558E-01   
 5.942760E-01   
 5.950978E-01   
 5.959211E-01   
 5.967459E-01   
 5.975723E-01   
 5.984001E-01   
 5.992292E-01   
 6.000598E-01   
 6.008918E-01   
 6.017250E-01   
 6.025596E-01   
 6.033954E-01   
 6.042324E-01   
 6.050706E-01   
 6.059100E-01   
 6.067505E-01   
 6.075921E-01   
 6.084348E-01   
 6.092785E-01   
 6.101231E-01   
 6.109688E-01   
 6.118153E-01   
 6.126628E-01   
 6.135111E-01   
 6.143603E-01   
 6.152102E-01   
 6.160610E-01   
 6.169124E-01   
 6.177646E-01   
 6.186174E-01   
 6.194709E-01   
 6.203249E-01   
 6.211796E-01   
 6.220348E-01   
 6.228904E-01   
 6.237466E-01   
 6.246032E-01   
 6.254602E-01   
 6.263176E-01   
 6.271753E-01   
 6.280334E-01   
 6.288917E-01   
 6.297503E-01   
 6.306091E-01   
 6.314680E-01   
 6.323272E-01   
 6.331864E-01   
 6.340458E-01   
 6.349052E-01   
 6.357646E-01   
 6.366240E-01   
 6.374834E-01   
 6.383427E-01   
 6.392019E-01   
 6.400610E-01   
 6.409199E-01   
 6.417786E-01   
 6.426371E-01   
 6.434953E-01   
 6.443533E-01   
 6.452109E-01   
 6.460682E-01   
 6.469250E-01   
 6.477815E-01   
 6.486376E-01   
 6.494931E-01   
 6.503482E-01   
 6.512027E-01   
 6.520566E-01   
 6.529100E-01   
 6.537627E-01   
 6.546148E-01   
 6.554662E-01   
 6.563168E-01   
 6.571667E-01   
 6.580159E-01   
 6.588642E-01   
 6.597117E-01   
 6.605583E-01   
 6.614040E-01   
 6.622488E-01   
 6.630927E-01   
 6.639355E-01   
 6.647773E-01   
 6.656181E-01   
 6.664578E-01   
 6.672964E-01   
 6.681339E-01   
 6.689702E-01   
 6.698053E-01   
 6.706392E-01   
 6.714718E-01   
 6.723032E-01   
 6.731333E-01   
 6.739620E-01   
 6.747893E-01   
 6.756153E-01   
 6.764399E-01   
 6.772630E-01   
 6.780846E-01   
 6.789047E-01   
 6.797233E-01   
 6.805403E-01   
 6.813557E-01   
 6.821696E-01   
 6.829817E-01   
 6.837922E-01   
 6.846011E-01   
 6.854081E-01   
 6.862135E-01   
 6.870170E-01   
 6.878188E-01   
 6.886187E-01   
 6.894168E-01   
 6.902129E-01   
 6.910072E-01   
 6.917995E-01   
 6.925899E-01   
 6.933782E-01   
 6.941646E-01   
 6.949489E-01   
 6.957311E-01   
 6.965113E-01   
 6.972893E-01   
 6.980652E-01   
 6.988389E-01   
 6.996104E-01   
 7.003797E-01   
 7.011468E-01   
 7.019115E-01   
 7.026740E-01   
 7.034342E-01   
 7.041920E-01   
 7.049474E-01   
 7.057005E-01   
 7.064511E-01   
 7.071993E-01   
 7.079450E-01   
 7.086882E-01   
 7.094289E-01   
 7.101671E-01   
 7.109027E-01   
 7.116358E-01   
 7.123662E-01   
 7.130940E-01   
 7.138191E-01   
 7.145416E-01   
 7.152613E-01   
 7.159783E-01   
 7.166926E-01   
 7.174041E-01   
 7.181129E-01   
 7.188188E-01   
 7.195218E-01   
 7.202221E-01   
 7.209194E-01   
 7.216138E-01   
 7.223053E-01   
 7.229939E-01   
 7.236795E-01   
 7.243621E-01   
 7.250417E-01   
 7.257183E-01   
 7.263918E-01   
 7.270623E-01   
 7.277296E-01   
 7.283939E-01   
 7.290550E-01   
 7.297129E-01   
 7.303677E-01   
 7.310193E-01   
 7.316677E-01   
 7.323128E-01   
 7.329547E-01   
 7.335933E-01   
 7.342286E-01   
 7.348606E-01   
 7.354893E-01   
 7.361146E-01   
 7.367366E-01   
 7.373551E-01   
 7.379703E-01   
 7.385820E-01   
 7.391903E-01   
 7.397951E-01   
 7.403965E-01   
 7.409943E-01   
 7.415887E-01   
 7.421794E-01   
 7.427667E-01   
 7.433504E-01   
 7.439304E-01   
 7.445069E-01   
 7.450798E-01   
 7.456490E-01   
 7.462146E-01   
 7.467764E-01   
 7.473346E-01   
 7.478891E-01   
 7.484399E-01   
 7.489869E-01   
 7.495302E-01   
 7.500697E-01   
 7.506054E-01   
 7.511373E-01   
 7.516654E-01   
 7.521897E-01   
 7.527101E-01   
 7.532267E-01   
 7.537393E-01   
 7.542481E-01   
 7.547530E-01   
 7.552539E-01   
 7.557509E-01   
 7.562439E-01   
 7.567330E-01   
 7.572181E-01   
 7.576992E-01   
 7.581763E-01   
 7.586494E-01   
 7.591184E-01   
 7.595834E-01   
 7.600443E-01   
 7.605011E-01   
 7.609538E-01   
 7.614025E-01   
 7.618470E-01   
 7.622874E-01   
 7.627236E-01   
 7.631557E-01   
 7.635836E-01   
 7.640074E-01   
 7.644269E-01   
 7.648423E-01   
 7.652534E-01   
 7.656603E-01   
 7.660630E-01   
 7.664614E-01   
 7.668555E-01   
 7.672454E-01   
 7.676310E-01   
 7.680123E-01   
 7.683893E-01   
 7.687619E-01   
 7.691303E-01   
 7.694943E-01   
 7.698539E-01   
 7.702092E-01   
 7.705602E-01   
 7.709067E-01   
 7.712489E-01   
 7.715866E-01   
 7.719200E-01   
 7.722489E-01   
 7.725734E-01   
 7.728935E-01   
 7.732092E-01   
 7.735203E-01   
 7.738270E-01   
 7.741293E-01   
 7.744271E-01   
 7.747203E-01   
 7.750091E-01   
 7.752934E-01   
 7.755732E-01   
 7.758484E-01   
 7.761191E-01   
 7.763853E-01   
 7.766470E-01   
 7.769041E-01   
 7.771566E-01   
 7.774046E-01   
 7.776480E-01   
 7.778868E-01   
 7.781210E-01   
 7.783507E-01   
 7.785757E-01   
 7.787962E-01   
 7.790120E-01   
 7.792232E-01   
 7.794298E-01   
 7.796318E-01   
 7.798292E-01   
 7.800219E-01   
 7.802099E-01   
 7.803933E-01   
 7.805721E-01   
 7.807462E-01   
 7.809156E-01   
 7.810804E-01   
 7.812405E-01   
 7.813959E-01   
 7.815466E-01   
 7.816927E-01   
 7.818341E-01   
 7.819707E-01   
 7.821027E-01   
 7.822300E-01   
 7.823525E-01   
 7.824704E-01   
 7.825835E-01   
 7.826920E-01   
 7.827957E-01   
 7.828947E-01   
 7.829889E-01   
 7.830785E-01   
 7.831633E-01   
 7.832434E-01   
 7.833187E-01   
 7.833894E-01   
 7.834552E-01   
 7.835164E-01   
 7.835728E-01   
 7.836245E-01   
 7.836714E-01   
 7.837136E-01   
 7.837510E-01   
 7.837837E-01   
 7.838116E-01   
 7.838348E-01   
 7.838532E-01   
 7.838669E-01   
 7.838759E-01   
 7.838801E-01   
 7.838795E-01   
 7.838742E-01   
 7.838641E-01   
 7.838493E-01   
 7.838298E-01   
 7.838055E-01   
 7.837764E-01   
 7.837426E-01   
 7.837041E-01   
 7.836608E-01   
 7.836128E-01   
 7.835600E-01   
 7.835025E-01   
 7.834402E-01   
 7.833732E-01   
 7.833015E-01   
 7.832250E-01   
 7.831438E-01   
 7.830579E-01   
 7.829672E-01   
 7.828718E-01   
 7.827717E-01   
 7.826669E-01   
 7.825574E-01   
 7.824431E-01   
 7.823242E-01   
 7.822005E-01   
 7.820721E-01   
 7.819390E-01   
 7.818013E-01   
 7.816588E-01   
 7.815117E-01   
 7.813598E-01   
 7.812033E-01   
 7.810421E-01   
 7.808762E-01   
 7.807057E-01   
 7.805305E-01   
 7.803507E-01   
 7.801662E-01   
 7.799770E-01   
 7.797832E-01   
 7.795848E-01   
 7.793817E-01   
 7.791740E-01   
 7.789617E-01   
 7.787448E-01   
 7.785233E-01   
 7.782971E-01   
 7.780664E-01   
 7.778311E-01   
 7.775912E-01   
 7.773467E-01   
 7.770977E-01   
 7.768440E-01   
 7.765859E-01   
 7.763232E-01   
 7.760559E-01   
 7.757841E-01   
 7.755078E-01   
 7.752270E-01   
 7.749416E-01   
 7.746518E-01   
 7.743575E-01   
 7.740586E-01   
 7.737553E-01   
 7.734476E-01   
 7.731353E-01   
 7.728187E-01   
 7.724975E-01   
 7.721720E-01   
 7.718420E-01   
 7.715076E-01   
 7.711688E-01   
 7.708256E-01   
 7.704780E-01   
 7.701261E-01   
 7.697697E-01   
 7.694091E-01   
 7.690440E-01   
 7.686747E-01   
 7.683010E-01   
 7.679230E-01   
 7.675407E-01   
 7.671541E-01   
 7.667632E-01   
 7.663680E-01   
 7.659686E-01   
 7.655649E-01   
 7.651570E-01   
 7.647449E-01   
 7.643286E-01   
 7.639080E-01   
 7.634833E-01   
 7.630544E-01   
 7.626213E-01   
 7.621841E-01   
 7.617427E-01   
 7.612972E-01   
 7.608476E-01   
 7.603939E-01   
 7.599361E-01   
 7.594742E-01   
 7.590083E-01   
 7.585383E-01   
 7.580643E-01   
 7.575863E-01   
 7.571042E-01   
 7.566182E-01   
 7.561282E-01   
 7.556342E-01   
 7.551362E-01   
 7.546344E-01   
 7.541286E-01   
 7.536189E-01   
 7.531053E-01   
 7.525878E-01   
 7.520665E-01   
 7.515413E-01   
 7.510123E-01   
 7.504795E-01   
 7.499429E-01   
 7.494025E-01   
 7.488583E-01   
 7.483104E-01   
 7.477587E-01   
 7.472034E-01   
 7.466443E-01   
 7.460815E-01   
 7.455151E-01   
 7.449450E-01   
 7.443713E-01   
 7.437940E-01   
 7.432130E-01   
 7.426285E-01   
 7.420404E-01   
 7.414488E-01   
 7.408536E-01   
 7.402549E-01   
 7.396528E-01   
 7.390471E-01   
 7.384380E-01   
 7.378254E-01   
 7.372095E-01   
 7.365901E-01   
 7.359673E-01   
 7.353412E-01   
 7.347117E-01   
 7.340789E-01   
 7.334428E-01   
 7.328034E-01   
 7.321608E-01   
 7.315149E-01   
 7.308657E-01   
 7.302134E-01   
 7.295578E-01   
 7.288991E-01   
 7.282372E-01   
 7.275722E-01   
 7.269042E-01   
 7.262330E-01   
 7.255587E-01   
 7.248814E-01   
 7.242011E-01   
 7.235178E-01   
 7.228314E-01   
 7.221422E-01   
 7.214500E-01   
 7.207548E-01   
 7.200568E-01   
 7.193559E-01   
 7.186521E-01   
 7.179455E-01   
 7.172361E-01   
 7.165240E-01   
 7.158090E-01   
 7.150913E-01   
 7.143709E-01   
 7.136478E-01   
 7.129220E-01   
 7.121936E-01   
 7.114626E-01   
 7.107289E-01   
 7.099927E-01   
 7.092539E-01   
 7.085126E-01   
 7.077687E-01   
 7.070224E-01   
 7.062736E-01   
 7.055224E-01   
 7.047688E-01   
 7.040128E-01   
 7.032544E-01   
 7.024937E-01   
 7.017306E-01   
 7.009653E-01   
 7.001977E-01   
 6.994279E-01   
 6.986558E-01   
 6.978816E-01   
 6.971052E-01   
 6.963267E-01   
 6.955460E-01   
 6.947633E-01   
 6.939784E-01   
 6.931916E-01   
 6.924027E-01   
 6.916119E-01   
 6.908191E-01   
 6.900244E-01   
 6.892277E-01   
 6.884292E-01   
 6.876289E-01   
 6.868267E-01   
 6.860227E-01   
 6.852169E-01   
 6.844094E-01   
 6.836002E-01   
 6.827893E-01   
 6.819767E-01   
 6.811625E-01   
 6.803466E-01   
 6.795292E-01   
 6.787103E-01   
 6.778898E-01   
 6.770678E-01   
 6.762443E-01   
 6.754194E-01   
 6.745931E-01   
 6.737654E-01   
 6.729364E-01   
 6.721060E-01   
 6.712743E-01   
 6.704413E-01   
 6.696071E-01   
 6.687717E-01   
 6.679351E-01   
 6.670974E-01   
 6.662585E-01   
 6.654185E-01   
 6.645775E-01   
 6.637354E-01   
 6.628923E-01   
 6.620482E-01   
 6.612032E-01   
 6.603573E-01   
 6.595104E-01   
 6.586627E-01   
 6.578142E-01   
 6.569649E-01   
 6.561147E-01   
 6.552639E-01   
 6.544123E-01   
 6.535601E-01   
 6.527072E-01   
 6.518537E-01   
 6.509996E-01   
 6.501449E-01   
 6.492897E-01   
 6.484341E-01   
 6.475779E-01   
 6.467213E-01   
 6.458643E-01   
 6.450070E-01   
 6.441492E-01   
 6.432912E-01   
 6.424329E-01   
 6.415743E-01   
 6.407156E-01   
 6.398566E-01   
 6.389975E-01   
 6.381382E-01   
 6.372789E-01   
 6.364195E-01   
 6.355601E-01   
 6.347006E-01   
 6.338412E-01   
 6.329819E-01   
 6.321227E-01   
 6.312636E-01   
 6.304046E-01   
 6.295459E-01   
 6.286873E-01   
 6.278291E-01   
 6.269711E-01   
 6.261134E-01   
 6.252561E-01   
 6.243992E-01   
 6.235427E-01   
 6.226866E-01   
 6.218310E-01   
 6.209760E-01   
 6.201215E-01   
 6.192675E-01   
 6.184142E-01   
 6.175615E-01   
 6.167095E-01   
 6.158582E-01   
 6.150077E-01   
 6.141579E-01   
 6.133089E-01   
 6.124608E-01   
 6.116135E-01   
 6.107672E-01   
 6.099217E-01   
 6.090773E-01   
 6.082338E-01   
 6.073914E-01   
 6.065501E-01   
 6.057098E-01   
 6.048707E-01   
 6.040328E-01   
 6.031960E-01   
 6.023605E-01   
 6.015263E-01   
 6.006933E-01   
 5.998617E-01   
 5.990314E-01   
 5.982025E-01   
 5.973751E-01   
 5.965491E-01   
 5.957246E-01   
 5.949017E-01   
 5.940803E-01   
 5.932605E-01   
 5.924423E-01   
 5.916257E-01   
 5.908109E-01   
 5.899978E-01   
 5.891864E-01   
 5.883768E-01   
 5.875691E-01   
 5.867632E-01   
 5.859592E-01   
 5.851570E-01   
 5.843569E-01   
 5.835587E-01   
 5.827626E-01   
 5.819685E-01   
 5.811764E-01   
 5.803865E-01   
 5.795987E-01   
 5.788131E-01   
 5.780297E-01   
 5.772486E-01   
 5.764697E-01   
 5.756931E-01   
 5.749189E-01   
 5.741470E-01   
 5.733775E-01   
 5.726105E-01   
 5.718459E-01   
 5.710838E-01   
 5.703243E-01   
 5.695673E-01   
 5.688129E-01   
 5.680611E-01   
 5.673120E-01   
 5.665655E-01   
 5.658218E-01   
 5.650808E-01   
 5.643426E-01   
 5.636072E-01   
 5.628746E-01   
 5.621449E-01   
 5.614181E-01   
 5.606943E-01   
 5.599734E-01   
 5.592555E-01   
 5.585406E-01   
 5.578287E-01   
 5.571200E-01   
 5.564144E-01   
 5.557119E-01   
 5.550126E-01   
 5.543165E-01   
 5.536236E-01   
 5.529340E-01   
 5.522477E-01   
 5.515647E-01   
 5.508850E-01   
 5.502088E-01   
 5.495359E-01   
 5.488665E-01   
 5.482006E-01   
 5.475381E-01   
 5.468792E-01   
 5.462239E-01   
 5.455721E-01   
 5.449239E-01   
 5.442794E-01   
 5.436385E-01   
 5.430013E-01   
 5.423679E-01   
 5.417382E-01   
 5.411123E-01   
 5.404902E-01   
 5.398719E-01   
 5.392575E-01   
 5.386470E-01   
 5.380404E-01   
 5.374377E-01   
 5.368390E-01   
 5.362443E-01   
 5.356536E-01   
 5.350670E-01   
 5.344844E-01   
 5.339059E-01   
 5.333316E-01   
 5.327614E-01   
 5.321954E-01   
 5.316335E-01   
 5.310759E-01   
 5.305226E-01   
 5.299735E-01   
 5.294288E-01   
 5.288883E-01   
 5.283522E-01   
 5.278205E-01   
 5.272932E-01   
 5.267703E-01   
 5.262518E-01   
 5.257378E-01   
 5.252283E-01   
 5.247233E-01   
 5.242228E-01   
 5.237269E-01   
 5.232356E-01   
 5.227489E-01   
 5.222668E-01   
 5.217893E-01   
 5.213165E-01   
 5.208485E-01   
 5.203851E-01   
 5.199264E-01   
 5.194725E-01   
 5.190234E-01   
 5.185791E-01   
 5.181396E-01   
 5.177049E-01   
 5.172751E-01   
 5.168501E-01   
 5.164301E-01   
 5.160149E-01   
 5.156047E-01   
 5.151994E-01   
 5.147992E-01   
 5.144039E-01   
 5.140136E-01   
 5.136283E-01   
 5.132480E-01   
 5.128729E-01   
 5.125028E-01   
 5.121378E-01   
 5.117779E-01   
 5.114231E-01   
 5.110735E-01   
 5.107290E-01   
 5.103897E-01   
 5.100556E-01   
 5.097267E-01   
 5.094031E-01   
 5.090846E-01   
 5.087715E-01   
 5.084635E-01   
 5.081609E-01   
 5.078636E-01   
 5.075715E-01   
 5.072848E-01   
 5.070035E-01   
 5.067274E-01   
 5.064568E-01   
 5.061915E-01   
 5.059316E-01   
 5.056771E-01   
 5.054280E-01   
 5.051843E-01   
 5.049460E-01   
 5.047132E-01   
 5.044859E-01   
 5.042640E-01   
 5.040476E-01   
 5.038367E-01   
 5.036313E-01   
 5.034314E-01   
 5.032370E-01   
 5.030481E-01   
 5.028648E-01   
 5.026870E-01   
 5.025148E-01   
 5.023481E-01   
 5.021869E-01   
 5.020314E-01   
 5.018814E-01   
 5.017371E-01   
 5.015983E-01   
 5.014651E-01   
 5.013375E-01   
 5.012156E-01   
 5.010992E-01   
 5.009885E-01   
 5.008834E-01   
 5.007840E-01   
 5.006902E-01   
 5.006020E-01   
 5.005195E-01   
 5.004426E-01   
 5.003714E-01   
 5.003058E-01   
 5.002460E-01   
 5.001917E-01   
 5.001432E-01   
 5.001003E-01   
 5.000631E-01   
 5.000315E-01   
 5.000057E-01   
 4.999855E-01   
 4.999710E-01   
 4.999621E-01   
 4.999590E-01   
 4.999615E-01   
 4.999697E-01   
 4.999836E-01   
 5.000032E-01   
 5.000284E-01   
 5.000593E-01   
 5.000959E-01   
 5.001382E-01   
 5.001861E-01   
 5.002397E-01   
 5.002989E-01   
 5.003639E-01   
 5.004344E-01   
 5.005107E-01   
 5.005926E-01   
 5.006801E-01   
 5.007733E-01   
 5.008721E-01   
 5.009766E-01   
 5.010867E-01   
 5.012024E-01   
 5.013237E-01   
 5.014507E-01   
 5.015832E-01   
 5.017214E-01   
 5.018652E-01   
 5.020145E-01   
 5.021694E-01   
 5.023299E-01   
 5.024960E-01   
 5.026676E-01   
 5.028448E-01   
 5.030275E-01   
 5.032158E-01   
 5.034096E-01   
 5.036089E-01   
 5.038137E-01   
 5.040240E-01   
 5.042398E-01   
 5.044610E-01   
 5.046878E-01   
 5.049200E-01   
 5.051576E-01   
 5.054007E-01   
 5.056492E-01   
 5.059031E-01   
 5.061624E-01   
 5.064271E-01   
 5.066972E-01   
 5.069726E-01   
 5.072534E-01   
 5.075395E-01   
 5.078309E-01   
 5.081277E-01   
 5.084297E-01   
 5.087371E-01   
 5.090496E-01   
 5.093675E-01   
 5.096906E-01   
 5.100189E-01   
 5.103524E-01   
 5.106911E-01   
 5.110350E-01   
 5.113841E-01   
 5.117383E-01   
 5.120976E-01   
 5.124620E-01   
 5.128316E-01   
 5.132062E-01   
 5.135858E-01   
 5.139706E-01   
 5.143603E-01   
 5.147550E-01   
 5.151548E-01   
 5.155595E-01   
 5.159691E-01   
 5.163837E-01   
 5.168032E-01   
 5.172277E-01   
 5.176569E-01   
 5.180911E-01   
 5.185300E-01   
 5.189738E-01   
 5.194224E-01   
 5.198758E-01   
 5.203339E-01   
 5.207968E-01   
 5.212643E-01   
 5.217366E-01   
 5.222135E-01   
 5.226951E-01   
 5.231813E-01   
 5.236721E-01   
 5.241675E-01   
 5.246674E-01   
 5.251719E-01   
 5.256809E-01   
 5.261944E-01   
 5.267124E-01   
 5.272348E-01   
 5.277617E-01   
 5.282929E-01   
 5.288285E-01   
 5.293685E-01   
 5.299127E-01   
 5.304613E-01   
 5.310142E-01   
 5.315713E-01   
 5.321327E-01   
 5.326982E-01   
 5.332679E-01   
 5.338418E-01   
 5.344198E-01   
 5.350019E-01   
 5.355881E-01   
 5.361784E-01   
 5.367726E-01   
 5.373709E-01   
 5.379731E-01   
 5.385793E-01   
 5.391893E-01   
 5.398033E-01   
 5.404212E-01   
 5.410428E-01   
 5.416683E-01   
 5.422976E-01   
 5.429306E-01   
 5.435674E-01   
 5.442078E-01   
 5.448519E-01   
 5.454997E-01   
 5.461511E-01   
 5.468060E-01   
 5.474645E-01   
 5.481266E-01   
 5.487921E-01   
 5.494611E-01   
 5.501336E-01   
 5.508095E-01   
 5.514887E-01   
 5.521713E-01   
 5.528573E-01   
 5.535465E-01   
 5.542390E-01   
 5.549348E-01   
 5.556337E-01   
 5.563358E-01   
 5.570411E-01   
 5.577495E-01   
 5.584610E-01   
 5.591755E-01   
 5.598931E-01   
 5.606136E-01   
 5.613372E-01   
 5.620636E-01   
 5.627930E-01   
 5.635252E-01   
 5.642603E-01   
 5.649982E-01   
 5.657388E-01   
 5.664823E-01   
 5.672284E-01   
 5.679772E-01   
 5.687287E-01   
 5.694828E-01   
 5.702395E-01   
 5.709988E-01   
 5.717606E-01   
 5.725249E-01   
 5.732916E-01   
 5.740608E-01   
 5.748324E-01   
 5.756064E-01   
 5.763827E-01   
 5.771613E-01   
 5.779422E-01   
 5.787253E-01   
 5.795107E-01   
 5.802982E-01   
 5.810879E-01   
 5.818797E-01   
 5.826735E-01   
 5.834694E-01   
 5.842674E-01   
 5.850673E-01   
 5.858692E-01   
 5.866730E-01   
 5.874787E-01   
 5.882862E-01   
 5.890956E-01   
 5.899067E-01   
 5.907196E-01   
 5.915343E-01   
 5.923506E-01   
 5.931686E-01   
 5.939882E-01   
 5.948094E-01   
 5.956322E-01   
 5.964565E-01   
 5.972823E-01   
 5.981096E-01   
 5.989383E-01   
 5.997684E-01   
 6.005998E-01   
 6.014326E-01   
 6.022667E-01   
 6.031021E-01   
 6.039387E-01   
 6.047765E-01   
 6.056155E-01   
 6.064556E-01   
 6.072968E-01   
 6.081391E-01   
 6.089824E-01   
 6.098267E-01   
 6.106720E-01   
 6.115183E-01   
 6.123654E-01   
 6.132134E-01   
 6.140623E-01   
 6.149120E-01   
 6.157624E-01   
 6.166136E-01   
 6.174655E-01   
 6.183181E-01   
 6.191714E-01   
 6.200252E-01   
 6.208797E-01   
 6.217346E-01   
 6.225902E-01   
 6.234461E-01   
 6.243026E-01   
 6.251594E-01   
 6.260167E-01   
 6.268743E-01   
 6.277322E-01   
 6.285905E-01   
 6.294490E-01   
 6.303077E-01   
 6.311666E-01   
 6.320257E-01   
 6.328849E-01   
 6.337442E-01   
 6.346035E-01   
 6.354630E-01   
 6.363224E-01   
 6.371818E-01   
 6.380411E-01   
 6.389003E-01   
 6.397595E-01   
 6.406184E-01   
 6.414772E-01   
 6.423358E-01   
 6.431941E-01   
 6.440521E-01   
 6.449099E-01   
 6.457673E-01   
 6.466243E-01   
 6.474809E-01   
 6.483371E-01   
 6.491928E-01   
 6.500481E-01   
 6.509028E-01   
 6.517569E-01   
 6.526105E-01   
 6.534634E-01   
 6.543157E-01   
 6.551673E-01   
 6.560183E-01   
 6.568684E-01   
 6.577178E-01   
 6.585664E-01   
 6.594142E-01   
 6.602611E-01   
 6.611072E-01   
 6.619523E-01   
 6.627965E-01   
 6.636396E-01   
 6.644818E-01   
 6.653230E-01   
 6.661631E-01   
 6.670020E-01   
 6.678399E-01   
 6.686766E-01   
 6.695122E-01   
 6.703465E-01   
 6.711795E-01   
 6.720114E-01   
 6.728419E-01   
 6.736711E-01   
 6.744989E-01   
 6.753254E-01   
 6.761504E-01   
 6.769740E-01   
 6.777961E-01   
 6.786168E-01   
 6.794359E-01   
 6.802535E-01   
 6.810695E-01   
 6.818839E-01   
 6.826966E-01   
 6.835077E-01   
 6.843171E-01   
 6.851248E-01   
 6.859307E-01   
 6.867349E-01   
 6.875373E-01   
 6.883379E-01   
 6.891366E-01   
 6.899334E-01   
 6.907283E-01   
 6.915213E-01   
 6.923124E-01   
 6.931014E-01   
 6.938885E-01   
 6.946735E-01   
 6.954565E-01   
 6.962374E-01   
 6.970161E-01   
 6.977928E-01   
 6.985672E-01   
 6.993395E-01   
 7.001096E-01   
 7.008774E-01   
 7.016430E-01   
 7.024063E-01   
 7.031672E-01   
 7.039259E-01   
 7.046822E-01   
 7.054360E-01   
 7.061875E-01   
 7.069366E-01   
 7.076831E-01   
 7.084272E-01   
 7.091688E-01   
 7.099079E-01   
 7.106444E-01   
 7.113783E-01   
 7.121097E-01   
 7.128384E-01   
 7.135645E-01   
 7.142878E-01   
 7.150085E-01   
 7.157265E-01   
 7.164418E-01   
 7.171543E-01   
 7.178640E-01   
 7.185709E-01   
 7.192749E-01   
 7.199761E-01   
 7.206745E-01   
 7.213699E-01   
 7.220625E-01   
 7.227521E-01   
 7.234387E-01   
 7.241224E-01   
 7.248030E-01   
 7.254807E-01   
 7.261552E-01   
 7.268268E-01   
 7.274952E-01   
 7.281605E-01   
 7.288227E-01   
 7.294818E-01   
 7.301377E-01   
 7.307904E-01   
 7.314399E-01   
 7.320862E-01   
 7.327292E-01   
 7.333690E-01   
 7.340054E-01   
 7.346386E-01   
 7.352684E-01   
 7.358949E-01   
 7.365181E-01   
 7.371378E-01   
 7.377542E-01   
 7.383671E-01   
 7.389766E-01   
 7.395826E-01   
 7.401852E-01   
 7.407843E-01   
 7.413798E-01   
 7.419719E-01   
 7.425604E-01   
 7.431453E-01   
 7.437266E-01   
 7.443044E-01   
 7.448785E-01   
 7.454490E-01   
 7.460158E-01   
 7.465790E-01   
 7.471385E-01   
 7.476943E-01   
 7.482463E-01   
 7.487947E-01   
 7.493393E-01   
 7.498801E-01   
 7.504171E-01   
 7.509504E-01   
 7.514798E-01   
 7.520054E-01   
 7.525272E-01   
 7.530451E-01   
 7.535591E-01   
 7.540693E-01   
 7.545755E-01   
 7.550778E-01   
 7.555762E-01   
 7.560706E-01   
 7.565611E-01   
 7.570476E-01   
 7.575301E-01   
 7.580086E-01   
 7.584830E-01   
 7.589535E-01   
 7.594199E-01   
 7.598822E-01   
 7.603405E-01   
 7.607946E-01   
 7.612447E-01   
 7.616907E-01   
 7.621325E-01   
 7.625702E-01   
 7.630038E-01   
 7.634331E-01   
 7.638584E-01   
 7.642794E-01   
 7.646962E-01   
 7.651088E-01   
 7.655172E-01   
 7.659213E-01   
 7.663212E-01   
 7.667169E-01   
 7.671082E-01   
 7.674953E-01   
 7.678781E-01   
 7.682566E-01   
 7.686308E-01   
 7.690007E-01   
 7.693662E-01   
 7.697274E-01   
 7.700842E-01   
 7.704367E-01   
 7.707848E-01   
 7.711285E-01   
 7.714678E-01   
 7.718027E-01   
 7.721331E-01   
 7.724592E-01   
 7.727808E-01   
 7.730980E-01   
 7.734108E-01   
 7.737191E-01   
 7.740229E-01   
 7.743222E-01   
 7.746171E-01   
 7.749074E-01   
 7.751933E-01   
 7.754746E-01   
 7.757515E-01   
 7.760238E-01   
 7.762915E-01   
 7.765548E-01   
 7.768135E-01   
 7.770676E-01   
 7.773172E-01   
 7.775622E-01   
 7.778026E-01   
 7.780385E-01   
 7.782697E-01   
 7.784964E-01   
 7.787184E-01   
 7.789359E-01   
 7.791487E-01   
 7.793570E-01   
 7.795606E-01   
 7.797595E-01   
 7.799539E-01   
 7.801435E-01   
 7.803286E-01   
 7.805090E-01   
 7.806847E-01   
 7.808558E-01   
 7.810222E-01   
 7.811839E-01   
 7.813410E-01   
 7.814934E-01   
 7.816411E-01   
 7.817841E-01   
 7.819224E-01   
 7.820560E-01   
 7.821849E-01   
 7.823091E-01   
 7.824286E-01   
 7.825434E-01   
 7.826535E-01   
 7.827589E-01   
 7.828595E-01   
 7.829555E-01   
 7.830467E-01   
 7.831331E-01   
 7.832149E-01   
 7.832919E-01   
 7.833642E-01   
 7.834317E-01   
 7.834945E-01   
 7.835526E-01   
 7.836059E-01   
 7.836545E-01   
 7.836983E-01   
 7.837374E-01   
 7.837718E-01   
 7.838014E-01   
 7.838263E-01   
 7.838464E-01   
 7.838617E-01   
 7.838723E-01   
 7.838782E-01   
 7.838793E-01   
 7.838756E-01   
 7.838673E-01   
 7.838541E-01   
 7.838362E-01   
 7.838136E-01   
 7.837862E-01   
 7.837541E-01   
 7.837172E-01   
 7.836756E-01   
 7.836292E-01   
 7.835781E-01   
 7.835222E-01   
 7.834616E-01   
 7.833963E-01   
 7.833262E-01   
 7.832514E-01   
 7.831719E-01   
 7.830876E-01   
 7.829986E-01   
 7.829049E-01   
 7.828064E-01   
 7.827033E-01   
 7.825954E-01   
 7.824828E-01   
 7.823655E-01   
 7.822435E-01   
 7.821167E-01   
 7.819853E-01   
 7.818492E-01   
 7.817084E-01   
 7.815629E-01   
 7.814127E-01   
 7.812578E-01   
 7.810982E-01   
 7.809340E-01   
 7.807651E-01   
 7.805916E-01   
 7.804133E-01   
 7.802305E-01   
 7.800430E-01   
 7.798508E-01   
 7.796540E-01   
 7.794525E-01   
 7.792465E-01   
 7.790358E-01   
 7.788205E-01   
 7.786006E-01   
 7.783760E-01   
 7.781469E-01   
 7.779132E-01   
 7.776749E-01   
 7.774321E-01   
 7.771846E-01   
 7.769326E-01   
 7.766760E-01   
 7.764149E-01   
 7.761493E-01   
 7.758791E-01   
 7.756043E-01   
 7.753251E-01   
 7.750413E-01   
 7.747531E-01   
 7.744603E-01   
 7.741631E-01   
 7.738613E-01   
 7.735551E-01   
 7.732445E-01   
 7.729294E-01   
 7.726098E-01   
 7.722858E-01   
 7.719574E-01   
 7.716245E-01   
 7.712873E-01   
 7.709456E-01   
 7.705996E-01   
 7.702491E-01   
 7.698944E-01   
 7.695352E-01   
 7.691717E-01   
 7.688039E-01   
 7.684317E-01   
 7.680552E-01   
 7.676744E-01   
 7.672893E-01   
 7.668999E-01   
 7.665063E-01   
 7.661083E-01   
 7.657062E-01   
 7.652997E-01   
 7.648891E-01   
 7.644742E-01   
 7.640552E-01   
 7.636319E-01   
 7.632045E-01   
 7.627729E-01   
 7.623371E-01   
 7.618972E-01   
 7.614531E-01   
 7.610050E-01   
 7.605527E-01   
 7.600963E-01   
 7.596359E-01   
 7.591714E-01   
 7.587028E-01   
 7.582302E-01   
 7.577536E-01   
 7.572730E-01   
 7.567883E-01   
 7.562997E-01   
 7.558071E-01   
 7.553106E-01   
 7.548101E-01   
 7.543057E-01   
 7.537973E-01   
 7.532851E-01   
 7.527690E-01   
 7.522490E-01   
 7.517252E-01   
 7.511975E-01   
 7.506661E-01   
 7.501308E-01   
 7.495917E-01   
 7.490489E-01   
 7.485023E-01   
 7.479519E-01   
 7.473978E-01   
 7.468401E-01   
 7.462786E-01   
 7.457135E-01   
 7.451447E-01   
 7.445722E-01   
 7.439961E-01   
 7.434165E-01   
 7.428332E-01   
 7.422464E-01   
 7.416560E-01   
 7.410621E-01   
 7.404646E-01   
 7.398637E-01   
 7.392592E-01   
 7.386513E-01   
 7.380400E-01   
 7.374252E-01   
 7.368070E-01   
 7.361855E-01   
 7.355605E-01   
 7.349322E-01   
 7.343006E-01   
 7.336656E-01   
 7.330274E-01   
 7.323859E-01   
 7.317411E-01   
 7.310931E-01   
 7.304419E-01   
 7.297875E-01   
 7.291299E-01   
 7.284691E-01   
 7.278052E-01   
 7.271382E-01   
 7.264681E-01   
 7.257949E-01   
 7.251187E-01   
 7.244394E-01   
 7.237572E-01   
 7.230719E-01   
 7.223837E-01   
 7.216925E-01   
 7.209984E-01   
 7.203014E-01   
 7.196015E-01   
 7.188987E-01   
 7.181931E-01   
 7.174847E-01   
 7.167735E-01   
 7.160595E-01   
 7.153428E-01   
 7.146234E-01   
 7.139012E-01   
 7.131764E-01   
 7.124489E-01   
 7.117187E-01   
 7.109860E-01   
 7.102507E-01   
 7.095128E-01   
 7.087723E-01   
 7.080294E-01   
 7.072840E-01   
 7.065360E-01   
 7.057857E-01   
 7.050329E-01   
 7.042777E-01   
 7.035202E-01   
 7.027603E-01   
 7.019980E-01   
 7.012335E-01   
 7.004667E-01   
 6.996977E-01   
 6.989264E-01   
 6.981529E-01   
 6.973773E-01   
 6.965995E-01   
 6.958196E-01   
 6.950376E-01   
 6.942535E-01   
 6.934674E-01   
 6.926792E-01   
 6.918891E-01   
 6.910970E-01   
 6.903029E-01   
 6.895070E-01   
 6.887091E-01   
 6.879094E-01   
 6.871078E-01   
 6.863045E-01   
 6.854993E-01   
 6.846924E-01   
 6.838838E-01   
 6.830735E-01   
 6.822615E-01   
 6.814479E-01   
 6.806326E-01   
 6.798157E-01   
 6.789973E-01   
 6.781774E-01   
 6.773559E-01   
 6.765330E-01   
 6.757086E-01   
 6.748828E-01   
 6.740556E-01   
 6.732270E-01   
 6.723971E-01   
 6.715658E-01   
 6.707333E-01   
 6.698996E-01   
 6.690646E-01   
 6.682284E-01   
 6.673911E-01   
 6.665526E-01   
 6.657130E-01   
 6.648723E-01   
 6.640306E-01   
 6.631879E-01   
 6.623441E-01   
 6.614994E-01   
 6.606538E-01   
 6.598073E-01   
 6.589599E-01   
 6.581117E-01   
 6.572626E-01   
 6.564128E-01   
 6.555622E-01   
 6.547109E-01   
 6.538589E-01   
 6.530062E-01   
 6.521529E-01   
 6.512990E-01   
 6.504446E-01   
 6.495896E-01   
 6.487341E-01   
 6.478781E-01   
 6.470216E-01   
 6.461648E-01   
 6.453075E-01   
 6.444500E-01   
 6.435920E-01   
 6.427338E-01   
 6.418754E-01   
 6.410167E-01   
 6.401578E-01   
 6.392987E-01   
 6.384395E-01   
 6.375802E-01   
 6.367208E-01   
 6.358614E-01   
 6.350020E-01   
 6.341426E-01   
 6.332832E-01   
 6.324239E-01   
 6.315648E-01   
 6.307058E-01   
 6.298470E-01   
 6.289884E-01   
 6.281300E-01   
 6.272719E-01   
 6.264141E-01   
 6.255567E-01   
 6.246997E-01   
 6.238430E-01   
 6.229868E-01   
 6.221310E-01   
 6.212758E-01   
 6.204211E-01   
 6.195670E-01   
 6.187134E-01   
 6.178605E-01   
 6.170083E-01   
 6.161567E-01   
 6.153059E-01   
 6.144559E-01   
 6.136066E-01   
 6.127582E-01   
 6.119106E-01   
 6.110639E-01   
 6.102182E-01   
 6.093734E-01   
 6.085296E-01   
 6.076868E-01   
 6.068451E-01   
 6.060045E-01   
 6.051650E-01   
 6.043266E-01   
 6.034894E-01   
 6.026535E-01   
 6.018188E-01   
 6.009854E-01   
 6.001533E-01   
 5.993226E-01   
 5.984932E-01   
 5.976653E-01   
 5.968388E-01   
 5.960138E-01   
 5.951903E-01   
 5.943683E-01   
 5.935479E-01   
 5.927292E-01   
 5.919121E-01   
 5.910967E-01   
 5.902829E-01   
 5.894709E-01   
 5.886607E-01   
 5.878524E-01   
 5.870458E-01   
 5.862411E-01   
 5.854383E-01   
 5.846375E-01   
 5.838386E-01   
 5.830418E-01   
 5.822469E-01   
 5.814542E-01   
 5.806635E-01   
 5.798750E-01   
 5.790886E-01   
 5.783045E-01   
 5.775225E-01   
 5.767429E-01   
 5.759655E-01   
 5.751904E-01   
 5.744177E-01   
 5.736474E-01   
 5.728795E-01   
 5.721141E-01   
 5.713511E-01   
 5.705907E-01   
 5.698328E-01   
 5.690775E-01   
 5.683247E-01   
 5.675747E-01   
 5.668273E-01   
 5.660826E-01   
 5.653407E-01   
 5.646015E-01   
 5.638651E-01   
 5.631315E-01   
 5.624008E-01   
 5.616730E-01   
 5.609481E-01   
 5.602262E-01   
 5.595072E-01   
 5.587913E-01   
 5.580784E-01   
 5.573686E-01   
 5.566619E-01   
 5.559583E-01   
 5.552578E-01   
 5.545606E-01   
 5.538666E-01   
 5.531759E-01   
 5.524884E-01   
 5.518042E-01   
 5.511234E-01   
 5.504460E-01   
 5.497719E-01   
 5.491013E-01   
 5.484341E-01   
 5.477705E-01   
 5.471103E-01   
 5.464537E-01   
 5.458007E-01   
 5.451512E-01   
 5.445054E-01   
 5.438633E-01   
 5.432248E-01   
 5.425901E-01   
 5.419591E-01   
 5.413318E-01   
 5.407084E-01   
 5.400888E-01   
 5.394730E-01   
 5.388611E-01   
 5.382531E-01   
 5.376491E-01   
 5.370490E-01   
 5.364529E-01   
 5.358608E-01   
 5.352727E-01   
 5.346887E-01   
 5.341088E-01   
 5.335330E-01   
 5.329614E-01   
 5.323939E-01   
 5.318306E-01   
 5.312715E-01   
 5.307167E-01   
 5.301661E-01   
 5.296199E-01   
 5.290779E-01   
 5.285403E-01   
 5.280070E-01   
 5.274781E-01   
 5.269537E-01   
 5.264337E-01   
 5.259181E-01   
 5.254070E-01   
 5.249004E-01   
 5.243984E-01   
 5.239009E-01   
 5.234079E-01   
 5.229196E-01   
 5.224359E-01   
 5.219568E-01   
 5.214824E-01   
 5.210126E-01   
 5.205476E-01   
 5.200873E-01   
 5.196317E-01   
 5.191810E-01   
 5.187349E-01   
 5.182937E-01   
 5.178574E-01   
 5.174258E-01   
 5.169992E-01   
 5.165774E-01   
 5.161605E-01   
 5.157486E-01   
 5.153416E-01   
 5.149396E-01   
 5.145425E-01   
 5.141505E-01   
 5.137634E-01   
 5.133814E-01   
 5.130045E-01   
 5.126326E-01   
 5.122658E-01   
 5.119041E-01   
 5.115476E-01   
 5.111961E-01   
 5.108499E-01   
 5.105088E-01   
 5.101728E-01   
 5.098421E-01   
 5.095166E-01   
 5.091963E-01   
 5.088813E-01   
 5.085716E-01   
 5.082671E-01   
 5.079679E-01   
 5.076740E-01   
 5.073854E-01   
 5.071022E-01   
 5.068243E-01   
 5.065517E-01   
 5.062845E-01   
 5.060227E-01   
 5.057663E-01   
 5.055154E-01   
 5.052698E-01   
 5.050296E-01   
 5.047949E-01   
 5.045657E-01   
 5.043419E-01   
 5.041236E-01   
 5.039107E-01   
 5.037034E-01   
 5.035015E-01   
 5.033052E-01   
 5.031144E-01   
 5.029291E-01   
 5.027494E-01   
 5.025752E-01   
 5.024065E-01   
 5.022435E-01   
 5.020860E-01   
 5.019340E-01   
 5.017877E-01   
 5.016470E-01   
 5.015118E-01   
 5.013823E-01   
 5.012584E-01   
 5.011400E-01   
 5.010274E-01   
 5.009203E-01   
 5.008189E-01   
 5.007231E-01   
 5.006329E-01   
 5.005484E-01   
 5.004696E-01   
 5.003964E-01   
 5.003289E-01   
 5.002670E-01   
 5.002108E-01   
 5.001602E-01   
 5.001154E-01   
 5.000761E-01   
 5.000426E-01   
 5.000148E-01   
 4.999926E-01   
 4.999761E-01   
 4.999653E-01   
 4.999601E-01   
 4.999606E-01   
 4.999669E-01   
 4.999787E-01   
 4.999963E-01   
 5.000196E-01   
 5.000485E-01   
 5.000831E-01   
 5.001233E-01   
 5.001693E-01   
 5.002209E-01   
 5.002782E-01   
 5.003411E-01   
 5.004097E-01   
 5.004839E-01   
 5.005639E-01   
 5.006494E-01   
 5.007406E-01   
 5.008375E-01   
 5.009399E-01   
 5.010481E-01   
 5.011618E-01   
 5.012812E-01   
 5.014062E-01   
 5.015367E-01   
 5.016729E-01   
 5.018147E-01   
 5.019621E-01   
 5.021151E-01   
 5.022736E-01   
 5.024378E-01   
 5.026074E-01   
 5.027827E-01   
 5.029634E-01   
 5.031498E-01   
 5.033416E-01   
 5.035390E-01   
 5.037418E-01   
 5.039502E-01   
 5.041641E-01   
 5.043834E-01   
 5.046083E-01   
 5.048385E-01   
 5.050743E-01   
 5.053154E-01   
 5.055620E-01   
 5.058140E-01   
 5.060714E-01   
 5.063342E-01   
 5.066024E-01   
 5.068760E-01   
 5.071549E-01   
 5.074391E-01   
 5.077287E-01   
 5.080236E-01   
 5.083238E-01   
 5.086292E-01   
 5.089400E-01   
 5.092560E-01   
 5.095773E-01   
 5.099037E-01   
 5.102354E-01   
 5.105723E-01   
 5.109144E-01   
 5.112616E-01   
 5.116140E-01   
 5.119715E-01   
 5.123342E-01   
 5.127019E-01   
 5.130748E-01   
 5.134527E-01   
 5.138356E-01   
 5.142236E-01   
 5.146166E-01   
 5.150145E-01   
 5.154175E-01   
 5.158254E-01   
 5.162383E-01   
 5.166561E-01   
 5.170788E-01   
 5.175063E-01   
 5.179388E-01   
 5.183761E-01   
 5.188182E-01   
 5.192651E-01   
 5.197167E-01   
 5.201732E-01   
 5.206344E-01   
 5.211003E-01   
 5.215709E-01   
 5.220462E-01   
 5.225261E-01   
 5.230107E-01   
 5.234999E-01   
 5.239937E-01   
 5.244921E-01   
 5.249950E-01   
 5.255024E-01   
 5.260143E-01   
 5.265307E-01   
 5.270516E-01   
 5.275768E-01   
 5.281065E-01   
 5.286406E-01   
 5.291790E-01   
 5.297218E-01   
 5.302689E-01   
 5.308202E-01   
 5.313759E-01   
 5.319357E-01   
 5.324998E-01   
 5.330681E-01   
 5.336405E-01   
 5.342171E-01   
 5.347977E-01   
 5.353825E-01   
 5.359713E-01   
 5.365641E-01   
 5.371610E-01   
 5.377618E-01   
 5.383666E-01   
 5.389753E-01   
 5.395879E-01   
 5.402044E-01   
 5.408247E-01   
 5.414489E-01   
 5.420768E-01   
 5.427085E-01   
 5.433440E-01   
 5.439831E-01   
 5.446259E-01   
 5.452724E-01   
 5.459225E-01   
 5.465762E-01   
 5.472335E-01   
 5.478943E-01   
 5.485586E-01   
 5.492264E-01   
 5.498977E-01   
 5.505723E-01   
 5.512504E-01   
 5.519319E-01   
 5.526166E-01   
 5.533047E-01   
 5.539961E-01   
 5.546907E-01   
 5.553885E-01   
 5.560895E-01   
 5.567937E-01   
 5.575010E-01   
 5.582114E-01   
 5.589248E-01   
 5.596413E-01   
 5.603608E-01   
 5.610833E-01   
 5.618087E-01   
 5.625371E-01   
 5.632683E-01   
 5.640024E-01   
 5.647393E-01   
 5.654790E-01   
 5.662214E-01   
 5.669666E-01   
 5.677145E-01   
 5.684650E-01   
 5.692182E-01   
 5.699740E-01   
 5.707324E-01   
 5.714933E-01   
 5.722567E-01   
 5.730226E-01   
 5.737909E-01   
 5.745617E-01   
 5.753348E-01   
 5.761103E-01   
 5.768881E-01   
 5.776682E-01   
 5.784505E-01   
 5.792351E-01   
 5.800219E-01   
 5.808108E-01   
 5.816018E-01   
 5.823950E-01   
 5.831902E-01   
 5.839874E-01   
 5.847866E-01   
 5.855878E-01   
 5.863909E-01   
 5.871960E-01   
 5.880028E-01   
 5.888116E-01   
 5.896221E-01   
 5.904344E-01   
 5.912484E-01   
 5.920642E-01   
 5.928816E-01   
 5.937006E-01   
 5.945213E-01   
 5.953435E-01   
 5.961673E-01   
 5.969925E-01   
 5.978193E-01   
 5.986475E-01   
 5.994771E-01   
 6.003081E-01   
 6.011404E-01   
 6.019740E-01   
 6.028090E-01   
 6.036451E-01   
 6.044825E-01   
 6.053211E-01   
 6.061608E-01   
 6.070016E-01   
 6.078435E-01   
 6.086864E-01   
 6.095304E-01   
 6.103754E-01   
 6.112213E-01   
 6.120681E-01   
 6.129158E-01   
 6.137644E-01   
 6.146138E-01   
 6.154640E-01   
 6.163149E-01   
 6.171666E-01   
 6.180189E-01   
 6.188719E-01   
 6.197256E-01   
 6.205798E-01   
 6.214346E-01   
 6.222899E-01   
 6.231457E-01   
 6.240020E-01   
 6.248587E-01   
 6.257158E-01   
 6.265733E-01   
 6.274312E-01   
 6.282893E-01   
 6.291477E-01   
 6.300063E-01   
 6.308651E-01   
 6.317242E-01   
 6.325833E-01   
 6.334426E-01   
 6.343019E-01   
 6.351613E-01   
 6.360207E-01   
 6.368801E-01   
 6.377395E-01   
 6.385988E-01   
 6.394579E-01   
 6.403169E-01   
 6.411758E-01   
 6.420344E-01   
 6.428928E-01   
 6.437510E-01   
 6.446088E-01   
 6.454663E-01   
 6.463235E-01   
 6.471803E-01   
 6.480366E-01   
 6.488925E-01   
 6.497479E-01   
 6.506028E-01   
 6.514571E-01   
 6.523109E-01   
 6.531640E-01   
 6.540166E-01   
 6.548684E-01   
 6.557196E-01   
 6.565700E-01   
 6.574197E-01   
 6.582686E-01   
 6.591166E-01   
 6.599639E-01   
 6.608102E-01   
 6.616556E-01   
 6.625001E-01   
 6.633437E-01   
 6.641862E-01   
 6.650277E-01   
 6.658682E-01   
 6.667075E-01   
 6.675458E-01   
 6.683829E-01   
 6.692189E-01   
 6.700536E-01   
 6.708871E-01   
 6.717194E-01   
 6.725503E-01   
 6.733800E-01   
 6.742083E-01   
 6.750352E-01   
 6.758608E-01   
 6.766849E-01   
 6.775075E-01   
 6.783287E-01   
 6.791483E-01   
 6.799665E-01   
 6.807830E-01   
 6.815979E-01   
 6.824113E-01   
 6.832229E-01   
 6.840329E-01   
 6.848412E-01   
 6.856478E-01   
 6.864526E-01   
 6.872556E-01   
 6.880568E-01   
 6.888562E-01   
 6.896536E-01   
 6.904492E-01   
 6.912429E-01   
 6.920346E-01   
 6.928244E-01   
 6.936122E-01   
 6.943979E-01   
 6.951816E-01   
 6.959632E-01   
 6.967427E-01   
 6.975201E-01   
 6.982953E-01   
 6.990684E-01   
 6.998392E-01   
 7.006078E-01   
 7.013742E-01   
 7.021383E-01   
 7.029000E-01   
 7.036595E-01   
 7.044166E-01   
 7.051713E-01   
 7.059236E-01   
 7.066735E-01   
 7.074210E-01   
 7.081659E-01   
 7.089084E-01   
 7.096484E-01   
 7.103858E-01   
 7.111206E-01   
 7.118529E-01   
 7.125825E-01   
 7.133095E-01   
 7.140338E-01   
 7.147554E-01   
 7.154744E-01   
 7.161906E-01   
 7.169040E-01   
 7.176147E-01   
 7.183226E-01   
 7.190277E-01   
 7.197299E-01   
 7.204292E-01   
 7.211257E-01   
 7.218192E-01   
 7.225099E-01   
 7.231975E-01   
 7.238822E-01   
 7.245639E-01   
 7.252426E-01   
 7.259183E-01   
 7.265909E-01   
 7.272604E-01   
 7.279268E-01   
 7.285901E-01   
 7.292503E-01   
 7.299073E-01   
 7.305611E-01   
 7.312118E-01   
 7.318592E-01   
 7.325033E-01   
 7.331442E-01   
 7.337818E-01   
 7.344162E-01   
 7.350472E-01   
 7.356748E-01   
 7.362992E-01   
 7.369201E-01   
 7.375376E-01   
 7.381518E-01   
 7.387625E-01   
 7.393697E-01   
 7.399735E-01   
 7.405738E-01   
 7.411706E-01   
 7.417639E-01   
 7.423536E-01   
 7.429398E-01   
 7.435224E-01   
 7.441014E-01   
 7.446767E-01   
 7.452485E-01   
 7.458166E-01   
 7.463811E-01   
 7.469419E-01   
 7.474990E-01   
 7.480523E-01   
 7.486020E-01   
 7.491479E-01   
 7.496900E-01   
 7.502284E-01   
 7.507630E-01   
 7.512938E-01   
 7.518207E-01   
 7.523438E-01   
 7.528631E-01   
 7.533784E-01   
 7.538899E-01   
 7.543976E-01   
 7.549012E-01   
 7.554010E-01   
 7.558968E-01   
 7.563887E-01   
 7.568766E-01   
 7.573605E-01   
 7.578404E-01   
 7.583162E-01   
 7.587881E-01   
 7.592559E-01   
 7.597197E-01   
 7.601793E-01   
 7.606350E-01   
 7.610865E-01   
 7.615339E-01   
 7.619772E-01   
 7.624163E-01   
 7.628513E-01   
 7.632821E-01   
 7.637088E-01   
 7.641313E-01   
 7.645496E-01   
 7.649637E-01   
 7.653735E-01   
 7.657792E-01   
 7.661806E-01   
 7.665777E-01   
 7.669706E-01   
 7.673592E-01   
 7.677435E-01   
 7.681235E-01   
 7.684992E-01   
 7.688706E-01   
 7.692376E-01   
 7.696003E-01   
 7.699587E-01   
 7.703126E-01   
 7.706623E-01   
 7.710075E-01   
 7.713483E-01   
 7.716848E-01   
 7.720168E-01   
 7.723444E-01   
 7.726676E-01   
 7.729864E-01   
 7.733007E-01   
 7.736105E-01   
 7.739159E-01   
 7.742168E-01   
 7.745132E-01   
 7.748052E-01   
 7.750926E-01   
 7.753755E-01   
 7.756539E-01   
 7.759278E-01   
 7.761972E-01   
 7.764620E-01   
 7.767223E-01   
 7.769780E-01   
 7.772292E-01   
 7.774758E-01   
 7.777179E-01   
 7.779553E-01   
 7.781882E-01   
 7.784165E-01   
 7.786401E-01   
 7.788592E-01   
 7.790737E-01   
 7.792835E-01   
 7.794887E-01   
 7.796893E-01   
 7.798853E-01   
 7.800766E-01   
 7.802633E-01   
 7.804453E-01   
 7.806227E-01   
 7.807954E-01   
 7.809634E-01   
 7.811268E-01   
 7.812855E-01   
 7.814395E-01   
 7.815888E-01   
 7.817335E-01   
 7.818734E-01   
 7.820087E-01   
 7.821393E-01   
 7.822651E-01   
 7.823863E-01   
 7.825027E-01   
 7.826145E-01   
 7.827215E-01   
 7.828238E-01   
 7.829214E-01   
 7.830142E-01   
 7.831024E-01   
 7.831858E-01   
 7.832645E-01   
 7.833384E-01   
 7.834076E-01   
 7.834721E-01   
 7.835318E-01   
 7.835868E-01   
 7.836370E-01   
 7.836825E-01   
 7.837233E-01   
 7.837593E-01   
 7.837906E-01   
 7.838171E-01   
 7.838389E-01   
 7.838559E-01   
 7.838682E-01   
 7.838757E-01   
 7.838785E-01   
 7.838765E-01   
 7.838698E-01   
 7.838583E-01   
 7.838421E-01   
 7.838211E-01   
 7.837954E-01   
 7.837649E-01   
 7.837297E-01   
 7.836897E-01   
 7.836450E-01   
 7.835956E-01   
 7.835414E-01   
 7.834825E-01   
 7.834188E-01   
 7.833504E-01   
 7.832772E-01   
 7.831994E-01   
 7.831167E-01   
 7.830294E-01   
 7.829373E-01   
 7.828406E-01   
 7.827390E-01   
 7.826328E-01   
 7.825219E-01   
 7.824062E-01   
 7.822858E-01   
 7.821608E-01   
 7.820310E-01   
 7.818965E-01   
 7.817574E-01   
 7.816135E-01   
 7.814649E-01   
 7.813117E-01   
 7.811538E-01   
 7.809912E-01   
 7.808240E-01   
 7.806520E-01   
 7.804755E-01   
 7.802942E-01   
 7.801083E-01   
 7.799178E-01   
 7.797226E-01   
 7.795228E-01   
 7.793184E-01   
 7.791093E-01   
 7.788956E-01   
 7.786773E-01   
 7.784544E-01   
 7.782269E-01   
 7.779948E-01   
 7.777581E-01   
 7.775168E-01   
 7.772710E-01   
 7.770206E-01   
 7.767656E-01   
 7.765061E-01   
 7.762420E-01   
 7.759734E-01   
 7.757003E-01   
 7.754227E-01   
 7.751405E-01   
 7.748538E-01   
 7.745626E-01   
 7.742669E-01   
 7.739668E-01   
 7.736622E-01   
 7.733531E-01   
 7.730395E-01   
 7.727215E-01   
 7.723991E-01   
 7.720722E-01   
 7.717409E-01   
 7.714052E-01   
 7.710651E-01   
 7.707206E-01   
 7.703717E-01   
 7.700184E-01   
 7.696608E-01   
 7.692988E-01   
 7.689325E-01   
 7.685618E-01   
 7.681869E-01   
 7.678076E-01   
 7.674240E-01   
 7.670361E-01   
 7.666440E-01   
 7.662475E-01   
 7.658469E-01   
 7.654419E-01   
 7.650328E-01   
 7.646194E-01   
 7.642018E-01   
 7.637800E-01   
 7.633540E-01   
 7.629239E-01   
 7.624896E-01   
 7.620511E-01   
 7.616085E-01   
 7.611618E-01   
 7.607110E-01   
 7.602561E-01   
 7.597970E-01   
 7.593340E-01   
 7.588668E-01   
 7.583956E-01   
 7.579204E-01   
 7.574412E-01   
 7.569580E-01   
 7.564707E-01   
 7.559795E-01   
 7.554844E-01   
 7.549853E-01   
 7.544822E-01   
 7.539753E-01   
 7.534644E-01   
 7.529497E-01   
 7.524311E-01   
 7.519086E-01   
 7.513823E-01   
 7.508522E-01   
 7.503182E-01   
 7.497805E-01   
 7.492389E-01   
 7.486937E-01   
 7.481446E-01   
 7.475919E-01   
 7.470354E-01   
 7.464752E-01   
 7.459114E-01   
 7.453438E-01   
 7.447727E-01   
 7.441979E-01   
 7.436195E-01   
 7.430375E-01   
 7.424519E-01   
 7.418628E-01   
 7.412701E-01   
 7.406739E-01   
 7.400741E-01   
 7.394709E-01   
 7.388642E-01   
 7.382541E-01   
 7.376405E-01   
 7.370236E-01   
 7.364032E-01   
 7.357794E-01   
 7.351523E-01   
 7.345218E-01   
 7.338881E-01   
 7.332510E-01   
 7.326106E-01   
 7.319670E-01   
 7.313201E-01   
 7.306700E-01   
 7.300167E-01   
 7.293602E-01   
 7.287006E-01   
 7.280378E-01   
 7.273719E-01   
 7.267029E-01   
 7.260308E-01   
 7.253556E-01   
 7.246774E-01   
 7.239962E-01   
 7.233120E-01   
 7.226248E-01   
 7.219346E-01   
 7.212416E-01   
 7.205456E-01   
 7.198467E-01   
 7.191449E-01   
 7.184403E-01   
 7.177329E-01   
 7.170227E-01   
 7.163097E-01   
 7.155939E-01   
 7.148754E-01   
 7.141542E-01   
 7.134303E-01   
 7.127038E-01   
 7.119746E-01   
 7.112428E-01   
 7.105083E-01   
 7.097714E-01   
 7.090318E-01   
 7.082897E-01   
 7.075452E-01   
 7.067981E-01   
 7.060486E-01   
 7.052967E-01   
 7.045424E-01   
 7.037856E-01   
 7.030266E-01   
 7.022652E-01   
 7.015014E-01   
 7.007355E-01   
 6.999672E-01   
 6.991967E-01   
 6.984240E-01   
 6.976491E-01   
 6.968721E-01   
 6.960929E-01   
 6.953117E-01   
 6.945283E-01   
 6.937429E-01   
 6.929555E-01   
 6.921660E-01   
 6.913746E-01   
 6.905812E-01   
 6.897859E-01   
 6.889887E-01   
 6.881897E-01   
 6.873888E-01   
 6.865861E-01   
 6.857815E-01   
 6.849753E-01   
 6.841672E-01   
 6.833575E-01   
 6.825461E-01   
 6.817330E-01   
 6.809184E-01   
 6.801021E-01   
 6.792842E-01   
 6.784648E-01   
 6.776438E-01   
 6.768214E-01   
 6.759976E-01   
 6.751722E-01   
 6.743455E-01   
 6.735174E-01   
 6.726880E-01   
 6.718572E-01   
 6.710252E-01   
 6.701918E-01   
 6.693573E-01   
 6.685215E-01   
 6.676846E-01   
 6.668465E-01   
 6.660073E-01   
 6.651670E-01   
 6.643257E-01   
 6.634833E-01   
 6.626399E-01   
 6.617956E-01   
 6.609503E-01   
 6.601041E-01   
 6.592570E-01   
 6.584090E-01   
 6.575603E-01   
 6.567107E-01   
 6.558604E-01   
 6.550093E-01   
 6.541576E-01   
 6.533051E-01   
 6.524521E-01   
 6.515984E-01   
 6.507441E-01   
 6.498893E-01   
 6.490340E-01   
 6.481782E-01   
 6.473219E-01   
 6.464652E-01   
 6.456081E-01   
 6.447506E-01   
 6.438928E-01   
 6.430347E-01   
 6.421763E-01   
 6.413177E-01   
 6.404589E-01   
 6.395999E-01   
 6.387407E-01   
 6.378815E-01   
 6.370221E-01   
 6.361627E-01   
 6.353033E-01   
 6.344439E-01   
 6.335845E-01   
 6.327252E-01   
 6.318660E-01   
 6.310070E-01   
 6.301481E-01   
 6.292894E-01   
 6.284310E-01   
 6.275728E-01   
 6.267149E-01   
 6.258574E-01   
 6.250002E-01   
 6.241434E-01   
 6.232870E-01   
 6.224311E-01   
 6.215757E-01   
 6.207208E-01   
 6.198665E-01   
 6.190127E-01   
 6.181596E-01   
 6.173071E-01   
 6.164553E-01   
 6.156043E-01   
 6.147539E-01   
 6.139044E-01   
 6.130557E-01   
 6.122078E-01   
 6.113608E-01   
 6.105148E-01   
 6.096696E-01   
 6.088255E-01   
 6.079824E-01   
 6.071403E-01   
 6.062993E-01   
 6.054594E-01   
 6.046206E-01   
 6.037830E-01   
 6.029466E-01   
 6.021115E-01   
 6.012776E-01   
 6.004451E-01   
 5.996139E-01   
 5.987840E-01   
 5.979556E-01   
 5.971286E-01   
 5.963031E-01   
 5.954790E-01   
 5.946566E-01   