 0.000000E+00   
-5.010308E+01   
-1.002061E+02   
-1.503091E+02   
-2.004118E+02   
-2.505138E+02   
-3.006146E+02   
-3.507132E+02   
-4.008085E+02   
-4.508988E+02   
-5.009822E+02   
-5.510559E+02   
-6.011169E+02   
-6.511614E+02   
-7.011850E+02   
-7.511825E+02   
-8.011479E+02   
-8.510745E+02   
-9.009544E+02   
-9.507792E+02   
-1.000539E+03   
-1.050223E+03   
-1.099820E+03   
-1.149316E+03   
-1.198698E+03   
-1.247949E+03   
-1.297053E+03   
-1.345992E+03   
-1.394746E+03   
-1.443294E+03   
-1.491614E+03   
-1.539681E+03   
-1.587470E+03   
-1.634954E+03   
-1.682103E+03   
-1.728887E+03   
-1.775274E+03   
-1.821229E+03   
-1.866718E+03   
-1.911701E+03   
-1.956141E+03   
-1.999996E+03   
-2.043223E+03   
-2.085778E+03   
-2.127614E+03   
-2.168683E+03   
-2.208936E+03   
-2.248321E+03   
-2.286785E+03   
-2.324273E+03   
-2.360729E+03   
-2.396095E+03   
-2.430313E+03   
-2.463321E+03   
-2.495059E+03   
-2.525463E+03   
-2.554470E+03   
-2.582014E+03   
-2.608031E+03   
-2.632454E+03   
-2.655216E+03   
-2.676251E+03   
-2.695491E+03   
-2.712869E+03   
-2.728318E+03   
-2.741772E+03   
-2.753164E+03   
-2.762428E+03   
-2.769502E+03   
-2.774321E+03   
-2.776825E+03   
-2.776953E+03   
-2.774647E+03   
-2.769852E+03   
-2.762514E+03   
-2.752583E+03   
-2.740011E+03   
-2.724754E+03   
-2.706771E+03   
-2.686026E+03   
-2.662484E+03   
-2.636118E+03   
-2.606902E+03   
-2.574818E+03   
-2.539850E+03   
-2.501989E+03   
-2.461231E+03   
-2.417577E+03   
-2.371035E+03   
-2.321618E+03   
-2.269344E+03   
-2.214240E+03   
-2.156336E+03   
-2.095671E+03   
-2.032289E+03   
-1.966241E+03   
-1.897584E+03   
-1.826381E+03   
-1.752703E+03   
-1.676627E+03   
-1.598234E+03   
-1.517614E+03   
-1.434860E+03   
-1.350075E+03   
-1.263363E+03   
-1.174836E+03   
-1.084611E+03   
-9.928083E+02   
-8.995544E+02   
-8.049792E+02   
-7.092164E+02   
-6.124032E+02   
-5.146802E+02   
-4.161903E+02   
-3.170789E+02   
-2.174931E+02   
-1.175816E+02   
-1.749397E+01   
 8.261972E+01   
 1.826093E+02   
 2.823249E+02   
 3.816176E+02   
 4.803396E+02   
 5.783450E+02   
 6.754898E+02   
 7.716326E+02   
 8.666352E+02   
 9.603624E+02   
 1.052683E+03   
 1.143469E+03   
 1.232599E+03   
 1.319954E+03   
 1.405420E+03   
 1.488890E+03   
 1.570262E+03   
 1.649439E+03   
 1.726329E+03   
 1.800849E+03   
 1.872919E+03   
 1.942468E+03   
 2.009429E+03   
 2.073744E+03   
 2.135358E+03   
 2.194226E+03   
 2.250308E+03   
 2.303568E+03   
 2.353981E+03   
 2.401525E+03   
 2.446185E+03   
 2.487950E+03   
 2.526819E+03   
 2.562793E+03   
 2.595880E+03   
 2.626093E+03   
 2.653449E+03   
 2.677972E+03   
 2.699688E+03   
 2.718629E+03   
 2.734832E+03   
 2.748335E+03   
 2.759181E+03   
 2.767418E+03   
 2.773094E+03   
 2.776263E+03   
 2.776978E+03   
 2.775297E+03   
 2.771280E+03   
 2.764987E+03   
 2.756480E+03   
 2.745825E+03   
 2.733084E+03   
 2.718326E+03   
 2.701615E+03   
 2.683019E+03   
 2.662604E+03   
 2.640439E+03   
 2.616590E+03   
 2.591125E+03   
 2.564108E+03   
 2.535607E+03   
 2.505686E+03   
 2.474409E+03   
 2.441839E+03   
 2.408039E+03   
 2.373070E+03   
 2.336990E+03   
 2.299858E+03   
 2.261731E+03   
 2.222665E+03   
 2.182711E+03   
 2.141924E+03   
 2.100353E+03   
 2.058046E+03   
 2.015051E+03   
 1.971413E+03   
 1.927175E+03   
 1.882379E+03   
 1.837064E+03   
 1.791270E+03   
 1.745032E+03   
 1.698385E+03   
 1.651362E+03   
 1.603994E+03   
 1.556310E+03   
 1.508339E+03   
 1.460106E+03   
 1.411637E+03   
 1.362954E+03   
 1.314079E+03   
 1.265032E+03   
 1.215831E+03   
 1.166495E+03   
 1.117038E+03   
 1.067476E+03   
 1.017822E+03   
 9.680885E+02   
 9.182862E+02   
 8.684254E+02   
 8.185150E+02   
 7.685631E+02   
 7.185768E+02   
 6.685624E+02   
 6.185252E+02   
 5.684700E+02   
 5.184008E+02   
 4.683210E+02   
 4.182332E+02   
 3.681397E+02   
 3.180423E+02   
 2.679424E+02   
 2.178409E+02   
 1.677386E+02   
 1.176358E+02   
 6.753278E+01   
 1.742973E+01   
-3.267334E+01   
-8.277641E+01   
-1.328794E+02   
-1.829822E+02   
-2.330845E+02   
-2.831857E+02   
-3.332852E+02   
-3.833817E+02   
-4.334739E+02   
-4.835598E+02   
-5.336370E+02   
-5.837027E+02   
-6.337531E+02   
-6.837843E+02   
-7.337912E+02   
-7.837682E+02   
-8.337087E+02   
-8.836053E+02   
-9.334499E+02   
-9.832329E+02   
-1.032944E+03   
-1.082572E+03   
-1.132104E+03   
-1.181526E+03   
-1.230824E+03   
-1.279980E+03   
-1.328978E+03   
-1.377797E+03   
-1.426419E+03   
-1.474819E+03   
-1.522976E+03   
-1.570863E+03   
-1.618454E+03   
-1.665722E+03   
-1.712635E+03   
-1.759162E+03   
-1.805269E+03   
-1.850922E+03   
-1.896084E+03   
-1.940715E+03   
-1.984776E+03   
-2.028224E+03   
-2.071015E+03   
-2.113104E+03   
-2.154443E+03   
-2.194983E+03   
-2.234672E+03   
-2.273460E+03   
-2.311290E+03   
-2.348108E+03   
-2.383857E+03   
-2.418478E+03   
-2.451910E+03   
-2.484093E+03   
-2.514965E+03   
-2.544461E+03   
-2.572517E+03   
-2.599069E+03   
-2.624050E+03   
-2.647393E+03   
-2.669032E+03   
-2.688900E+03   
-2.706929E+03   
-2.723053E+03   
-2.737204E+03   
-2.749316E+03   
-2.759323E+03   
-2.767162E+03   
-2.772768E+03   
-2.776080E+03   
-2.777036E+03   
-2.775579E+03   
-2.771651E+03   
-2.765199E+03   
-2.756171E+03   
-2.744519E+03   
-2.730197E+03   
-2.713163E+03   
-2.693378E+03   
-2.670809E+03   
-2.645424E+03   
-2.617199E+03   
-2.586110E+03   
-2.552143E+03   
-2.515286E+03   
-2.475533E+03   
-2.432884E+03   
-2.387342E+03   
-2.338921E+03   
-2.287636E+03   
-2.233511E+03   
-2.176576E+03   
-2.116865E+03   
-2.054422E+03   
-1.989294E+03   
-1.921537E+03   
-1.851212E+03   
-1.778387E+03   
-1.703136E+03   
-1.625540E+03   
-1.545685E+03   
-1.463663E+03   
-1.379575E+03   
-1.293522E+03   
-1.205616E+03   
-1.115971E+03   
-1.024706E+03   
-9.319452E+02   
-8.378181E+02   
-7.424568E+02   
-6.459974E+02   
-5.485791E+02   
-4.503443E+02   
-3.514375E+02   
-2.520052E+02   
-1.521956E+02   
-5.215798E+01   
 4.795766E+01   
 1.480012E+02   
 2.478225E+02   
 3.472725E+02   
 4.462028E+02   
 5.444668E+02   
 6.419199E+02   
 7.384198E+02   
 8.338270E+02   
 9.280053E+02   
 1.020822E+03   
 1.112149E+03   
 1.201860E+03   
 1.289838E+03   
 1.375965E+03   
 1.460134E+03   
 1.542239E+03   
 1.622182E+03   
 1.699869E+03   
 1.775215E+03   
 1.848138E+03   
 1.918564E+03   
 1.986425E+03   
 2.051659E+03   
 2.114211E+03   
 2.174031E+03   
 2.231079E+03   
 2.285317E+03   
 2.336717E+03   
 2.385254E+03   
 2.430911E+03   
 2.473678E+03   
 2.513549E+03   
 2.550523E+03   
 2.584607E+03   
 2.615812E+03   
 2.644154E+03   
 2.669654E+03   
 2.692338E+03   
 2.712236E+03   
 2.729382E+03   
 2.743815E+03   
 2.755577E+03   
 2.764712E+03   
 2.771269E+03   
 2.775301E+03   
 2.776860E+03   
 2.776003E+03   
 2.772788E+03   
 2.767277E+03   
 2.759531E+03   
 2.749613E+03   
 2.737588E+03   
 2.723522E+03   
 2.707481E+03   
 2.689531E+03   
 2.669740E+03   
 2.648175E+03   
 2.624903E+03   
 2.599991E+03   
 2.573506E+03   
 2.545513E+03   
 2.516078E+03   
 2.485264E+03   
 2.453137E+03   
 2.419758E+03   
 2.385188E+03   
 2.349488E+03   
 2.312715E+03   
 2.274928E+03   
 2.236182E+03   
 2.196532E+03   
 2.156029E+03   
 2.114725E+03   
 2.072669E+03   
 2.029908E+03   
 1.986489E+03   
 1.942455E+03   
 1.897849E+03   
 1.852711E+03   
 1.807080E+03   
 1.760993E+03   
 1.714485E+03   
 1.667590E+03   
 1.620339E+03   
 1.572762E+03   
 1.524888E+03   
 1.476744E+03   
 1.428355E+03   
 1.379745E+03   
 1.330934E+03   
 1.281945E+03   
 1.232797E+03   
 1.183506E+03   
 1.134090E+03   
 1.084563E+03   
 1.034940E+03   
 9.852335E+02   
 9.354542E+02   
 8.856130E+02   
 8.357192E+02   
 7.857812E+02   
 7.358063E+02   
 6.858012E+02   
 6.357716E+02   
 5.857224E+02   
 5.356578E+02   
 4.855814E+02   
 4.354962E+02   
 3.854046E+02   
 3.353084E+02   
 2.852093E+02   
 2.351083E+02   
 1.850062E+02   
 1.349036E+02   
 8.480063E+01   
 3.469760E+01   
-1.540547E+01   
-6.550854E+01   
-1.156116E+02   
-1.657145E+02   
-2.158169E+02   
-2.659186E+02   
-3.160187E+02   
-3.661163E+02   
-4.162101E+02   
-4.662983E+02   
-5.163786E+02   
-5.664485E+02   
-6.165044E+02   
-6.665425E+02   
-7.165581E+02   
-7.665457E+02   
-8.164992E+02   
-8.664114E+02   
-9.162744E+02   
-9.660793E+02   
-1.015816E+03   
-1.065473E+03   
-1.115039E+03   
-1.164500E+03   
-1.213841E+03   
-1.263047E+03   
-1.312101E+03   
-1.360983E+03   
-1.409674E+03   
-1.458152E+03   
-1.506394E+03   
-1.554375E+03   
-1.602071E+03   
-1.649451E+03   
-1.696488E+03   
-1.743150E+03   
-1.789404E+03   
-1.835216E+03   
-1.880549E+03   
-1.925365E+03   
-1.969625E+03   
-2.013287E+03   
-2.056307E+03   
-2.098641E+03   
-2.140241E+03   
-2.181059E+03   
-2.221044E+03   
-2.260146E+03   
-2.298309E+03   
-2.335479E+03   
-2.371600E+03   
-2.406612E+03   
-2.440458E+03   
-2.473075E+03   
-2.504402E+03   
-2.534375E+03   
-2.562931E+03   
-2.590005E+03   
-2.615531E+03   
-2.639442E+03   
-2.661672E+03   
-2.682153E+03   
-2.700819E+03   
-2.717603E+03   
-2.732437E+03   
-2.745254E+03   
-2.755990E+03   
-2.764579E+03   
-2.770957E+03   
-2.775062E+03   
-2.776832E+03   
-2.776209E+03   
-2.773134E+03   
-2.767554E+03   
-2.759415E+03   
-2.748668E+03   
-2.735267E+03   
-2.719168E+03   
-2.700331E+03   
-2.678721E+03   
-2.654306E+03   
-2.627058E+03   
-2.596955E+03   
-2.563979E+03   
-2.528115E+03   
-2.489357E+03   
-2.447703E+03   
-2.403155E+03   
-2.355722E+03   
-2.305419E+03   
-2.252268E+03   
-2.196296E+03   
-2.137535E+03   
-2.076027E+03   
-2.011818E+03   
-1.944960E+03   
-1.875512E+03   
-1.803540E+03   
-1.729117E+03   
-1.652320E+03   
-1.573234E+03   
-1.491949E+03   
-1.408563E+03   
-1.323177E+03   
-1.235899E+03   
-1.146842E+03   
-1.056124E+03   
-9.638680E+02   
-8.702005E+02   
-7.752530E+02   
-6.791604E+02   
-5.820610E+02   
-4.840959E+02   
-3.854091E+02   
-2.861464E+02   
-1.864554E+02   
-8.648521E+01   
 1.361455E+01   
 1.136937E+02   
 2.136021E+02   
 3.131902E+02   
 4.123095E+02   
 5.108126E+02   
 6.085542E+02   
 7.053911E+02   
 8.011830E+02   
 8.957924E+02   
 9.890854E+02   
 1.080932E+03   
 1.171206E+03   
 1.259786E+03   
 1.346556E+03   
 1.431404E+03   
 1.514224E+03   
 1.594914E+03   
 1.673381E+03   
 1.749536E+03   
 1.823295E+03   
 1.894581E+03   
 1.963326E+03   
 2.029464E+03   
 2.092938E+03   
 2.153698E+03   
 2.211698E+03   
 2.266901E+03   
 2.319275E+03   
 2.368794E+03   
 2.415439E+03   
 2.459196E+03   
 2.500059E+03   
 2.538025E+03   
 2.573098E+03   
 2.605288E+03   
 2.634609E+03   
 2.661080E+03   
 2.684727E+03   
 2.705576E+03   
 2.723662E+03   
 2.739021E+03   
 2.751694E+03   
 2.761725E+03   
 2.769161E+03   
 2.774053E+03   
 2.776455E+03   
 2.776421E+03   
 2.774009E+03   
 2.769279E+03   
 2.762294E+03   
 2.753114E+03   
 2.741806E+03   
 2.728434E+03   
 2.713064E+03   
 2.695763E+03   
 2.676597E+03   
 2.655635E+03   
 2.632942E+03   
 2.608587E+03   
 2.582635E+03   
 2.555154E+03   
 2.526207E+03   
 2.495861E+03   
 2.464179E+03   
 2.431224E+03   
 2.397057E+03   
 2.361740E+03   
 2.325330E+03   
 2.287886E+03   
 2.249465E+03   
 2.210120E+03   
 2.169905E+03   
 2.128872E+03   
 2.087070E+03   
 2.044547E+03   
 2.001350E+03   
 1.957524E+03   
 1.913111E+03   
 1.868152E+03   
 1.822687E+03   
 1.776754E+03   
 1.730388E+03   
 1.683622E+03   
 1.636491E+03   
 1.589024E+03   
 1.541250E+03   
 1.493197E+03   
 1.444890E+03   
 1.396353E+03   
 1.347610E+03   
 1.298681E+03   
 1.249586E+03   
 1.200343E+03   
 1.150968E+03   
 1.101479E+03   
 1.051888E+03   
 1.002209E+03   
 9.524537E+02   
 9.026331E+02   
 8.527567E+02   
 8.028333E+02   
 7.528706E+02   
 7.028754E+02   
 6.528539E+02   
 6.028111E+02   
 5.527515E+02   
 5.026789E+02   
 4.525966E+02   
 4.025070E+02   
 3.524123E+02   
 3.023142E+02   
 2.522138E+02   
 2.021120E+02   
 1.520095E+02   
 1.019066E+02   
 5.180362E+01   
 1.700566E+00   
-4.840251E+01   
-9.850556E+01   
-1.486085E+02   
-1.987111E+02   
-2.488131E+02   
-2.989138E+02   
-3.490123E+02   
-3.991075E+02   
-4.491977E+02   
-4.992809E+02   
-5.493545E+02   
-5.994154E+02   
-6.494598E+02   
-6.994834E+02   
-7.494809E+02   
-7.994464E+02   
-8.493732E+02   
-8.992535E+02   
-9.490788E+02   
-9.988393E+02   
-1.048524E+03   
-1.098122E+03   
-1.147620E+03   
-1.197003E+03   
-1.246256E+03   
-1.295363E+03   
-1.344304E+03   
-1.393062E+03   
-1.441614E+03   
-1.489938E+03   
-1.538010E+03   
-1.585804E+03   
-1.633294E+03   
-1.680450E+03   
-1.727242E+03   
-1.773637E+03   
-1.819602E+03   
-1.865100E+03   
-1.910095E+03   
-1.954547E+03   
-1.998416E+03   
-2.041658E+03   
-2.084228E+03   
-2.126081E+03   
-2.167169E+03   
-2.207442E+03   
-2.246848E+03   
-2.285335E+03   
-2.322847E+03   
-2.359329E+03   
-2.394724E+03   
-2.428971E+03   
-2.462010E+03   
-2.493781E+03   
-2.524220E+03   
-2.553264E+03   
-2.580847E+03   
-2.606904E+03   
-2.631370E+03   
-2.654177E+03   
-2.675259E+03   
-2.694548E+03   
-2.711978E+03   
-2.727480E+03   
-2.740989E+03   
-2.752439E+03   
-2.761763E+03   
-2.768899E+03   
-2.773782E+03   
-2.776352E+03   
-2.776547E+03   
-2.774312E+03   
-2.769588E+03   
-2.762324E+03   
-2.752469E+03   
-2.739975E+03   
-2.724797E+03   
-2.706895E+03   
-2.686232E+03   
-2.662774E+03   
-2.636492E+03   
-2.607363E+03   
-2.575365E+03   
-2.540485E+03   
-2.502713E+03   
-2.462044E+03   
-2.418480E+03   
-2.372028E+03   
-2.322701E+03   
-2.270518E+03   
-2.215503E+03   
-2.157689E+03   
-2.097113E+03   
-2.033819E+03   
-1.967858E+03   
-1.899286E+03   
-1.828168E+03   
-1.754574E+03   
-1.678578E+03   
-1.600264E+03   
-1.519721E+03   
-1.437042E+03   
-1.352329E+03   
-1.265687E+03   
-1.177226E+03   
-1.087064E+03   
-9.953221E+02   
-9.021251E+02   
-8.076032E+02   
-7.118900E+02   
-6.151228E+02   
-5.174417E+02   
-4.189898E+02   
-3.199122E+02   
-2.203562E+02   
-1.204701E+02   
-2.040352E+01   
 7.969344E+01   
 1.796707E+02   
 2.793784E+02   
 3.786676E+02   
 4.773905E+02   
 5.754012E+02   
 6.725556E+02   
 7.687125E+02   
 8.637333E+02   
 9.574829E+02   
 1.049830E+03   
 1.140647E+03   
 1.229811E+03   
 1.317204E+03   
 1.402712E+03   
 1.486228E+03   
 1.567648E+03   
 1.646877E+03   
 1.723822E+03   
 1.798400E+03   
 1.870531E+03   
 1.940143E+03   
 2.007170E+03   
 2.071552E+03   
 2.133237E+03   
 2.192176E+03   
 2.248331E+03   
 2.301667E+03   
 2.352156E+03   
 2.399777E+03   
 2.444515E+03   
 2.486360E+03   
 2.525308E+03   
 2.561362E+03   
 2.594529E+03   
 2.624822E+03   
 2.652259E+03   
 2.676861E+03   
 2.698657E+03   
 2.717678E+03   
 2.733959E+03   
 2.747540E+03   
 2.758463E+03   
 2.766776E+03   
 2.772527E+03   
 2.775769E+03   
 2.776557E+03   
 2.774947E+03   
 2.770999E+03   
 2.764774E+03   
 2.756334E+03   
 2.745743E+03   
 2.733066E+03   
 2.718369E+03   
 2.701718E+03   
 2.683179E+03   
 2.662821E+03   
 2.640711E+03   
 2.616914E+03   
 2.591499E+03   
 2.564531E+03   
 2.536077E+03   
 2.506201E+03   
 2.474967E+03   
 2.442439E+03   
 2.408679E+03   
 2.373748E+03   
 2.337704E+03   
 2.300607E+03   
 2.262513E+03   
 2.223477E+03   
 2.183554E+03   
 2.142794E+03   
 2.101250E+03   
 2.058968E+03   
 2.015997E+03   
 1.972381E+03   
 1.928164E+03   
 1.883387E+03   
 1.838091E+03   
 1.792314E+03   
 1.746092E+03   
 1.699460E+03   
 1.652451E+03   
 1.605095E+03   
 1.557424E+03   
 1.509463E+03   
 1.461241E+03   
 1.412781E+03   
 1.364106E+03   
 1.315239E+03   
 1.266198E+03   
 1.217004E+03   
 1.167673E+03   
 1.118222E+03   
 1.068664E+03   
 1.019015E+03   
 9.692844E+02   
 9.194853E+02   
 8.696273E+02   
 8.197193E+02   
 7.697694E+02   
 7.197849E+02   
 6.697719E+02   
 6.197360E+02   
 5.696819E+02   
 5.196135E+02   
 4.695343E+02   
 4.194470E+02   
 3.693540E+02   
 3.192569E+02   
 2.691572E+02   
 2.190558E+02   
 1.689536E+02   
 1.188508E+02   
 6.874783E+01   
 1.864478E+01   
-3.145829E+01   
-8.156135E+01   
-1.316643E+02   
-1.817671E+02   
-2.318693E+02   
-2.819705E+02   
-3.320698E+02   
-3.821662E+02   
-4.322582E+02   
-4.823439E+02   
-5.324209E+02   
-5.824863E+02   
-6.325365E+02   
-6.825674E+02   
-7.325740E+02   
-7.825508E+02   
-8.324911E+02   
-8.823876E+02   
-9.322320E+02   
-9.820149E+02   
-1.031726E+03   
-1.081354E+03   
-1.130887E+03   
-1.180309E+03   
-1.229607E+03   
-1.278765E+03   
-1.327763E+03   
-1.376584E+03   
-1.425207E+03   
-1.473609E+03   
-1.521768E+03   
-1.569658E+03   
-1.617252E+03   
-1.664522E+03   
-1.711439E+03   
-1.757970E+03   
-1.804083E+03   
-1.849741E+03   
-1.894909E+03   
-1.939547E+03   
-1.983615E+03   
-2.027071E+03   
-2.069871E+03   
-2.111970E+03   
-2.153319E+03   
-2.193870E+03   
-2.233573E+03   
-2.272373E+03   
-2.310218E+03   
-2.347052E+03   
-2.382817E+03   
-2.417455E+03   
-2.450907E+03   
-2.483110E+03   
-2.514002E+03   
-2.543521E+03   
-2.571602E+03   
-2.598179E+03   
-2.623186E+03   
-2.646557E+03   
-2.668226E+03   
-2.688125E+03   
-2.706186E+03   
-2.722343E+03   
-2.736530E+03   
-2.748678E+03   
-2.758724E+03   
-2.766603E+03   
-2.772250E+03   
-2.775605E+03   
-2.776605E+03   
-2.775194E+03   
-2.771313E+03   
-2.764910E+03   
-2.755932E+03   
-2.744331E+03   
-2.730061E+03   
-2.713081E+03   
-2.693351E+03   
-2.670838E+03   
-2.645510E+03   
-2.617342E+03   
-2.586313E+03   
-2.552406E+03   
-2.515609E+03   
-2.475917E+03   
-2.433329E+03   
-2.387850E+03   
-2.339491E+03   
-2.288269E+03   
-2.234206E+03   
-2.177333E+03   
-2.117685E+03   
-2.055304E+03   
-1.990238E+03   
-1.922542E+03   
-1.852277E+03   
-1.779512E+03   
-1.704319E+03   
-1.626780E+03   
-1.546982E+03   
-1.465016E+03   
-1.380980E+03   
-1.294980E+03   
-1.207124E+03   
-1.117526E+03   
-1.026308E+03   
-9.335913E+02   
-8.395062E+02   
-7.441844E+02   
-6.477622E+02   
-5.503787E+02   
-4.521760E+02   
-3.532986E+02   
-2.538930E+02   
-1.541073E+02   
-5.409079E+01   
 4.600667E+01   
 1.460349E+02   
 2.458440E+02   
 3.452847E+02   
 4.442086E+02   
 5.424693E+02   
 6.399221E+02   
 7.364246E+02   
 8.318373E+02   
 9.260241E+02   
 1.018852E+03   
 1.110193E+03   
 1.199921E+03   
 1.287918E+03   
 1.374068E+03   
 1.458261E+03   
 1.540393E+03   
 1.620366E+03   
 1.698085E+03   
 1.773465E+03   
 1.846424E+03   
 1.916888E+03   
 1.984788E+03   
 2.050063E+03   
 2.112658E+03   
 2.172524E+03   
 2.229617E+03   
 2.283902E+03   
 2.335350E+03   
 2.383936E+03   
 2.429644E+03   
 2.472461E+03   
 2.512383E+03   
 2.549409E+03   
 2.583545E+03   
 2.614803E+03   
 2.643198E+03   
 2.668750E+03   
 2.691487E+03   
 2.711438E+03   
 2.728636E+03   
 2.743121E+03   
 2.754934E+03   
 2.764120E+03   
 2.770728E+03   
 2.774809E+03   
 2.776417E+03   
 2.775609E+03   
 2.772442E+03   
 2.766977E+03   
 2.759276E+03   
 2.749403E+03   
 2.737422E+03   
 2.723399E+03   
 2.707399E+03   
 2.689490E+03   
 2.669738E+03   
 2.648211E+03   
 2.624976E+03   
 2.600100E+03   
 2.573649E+03   
 2.545689E+03   
 2.516286E+03   
 2.485504E+03   
 2.453406E+03   
 2.420055E+03   
 2.385513E+03   
 2.349838E+03   
 2.313091E+03   
 2.275328E+03   
 2.236605E+03   
 2.196976E+03   
 2.156493E+03   
 2.115209E+03   
 2.073171E+03   
 2.030428E+03   
 1.987026E+03   
 1.943008E+03   
 1.898416E+03   
 1.853292E+03   
 1.807674E+03   
 1.761599E+03   
 1.715103E+03   
 1.668218E+03   
 1.620977E+03   
 1.573409E+03   
 1.525544E+03   
 1.477408E+03   
 1.429026E+03   
 1.380422E+03   
 1.331618E+03   
 1.282634E+03   
 1.233491E+03   
 1.184205E+03   
 1.134793E+03   
 1.085270E+03   
 1.035650E+03   
 9.859463E+02   
 9.361697E+02   
 8.863308E+02   
 8.364390E+02   
 7.865028E+02   
 7.365295E+02   
 6.865257E+02   
 6.364972E+02   
 5.864489E+02   
 5.363851E+02   
 4.863093E+02   
 4.362246E+02   
 3.861333E+02   
 3.360375E+02   
 2.859386E+02   
 2.358378E+02   
 1.857358E+02   
 1.356332E+02   
 8.553024E+01   
 3.542722E+01   
-1.467584E+01   
-6.477891E+01   
-1.148819E+02   
-1.649848E+02   
-2.150872E+02   
-2.651887E+02   
-3.152887E+02   
-3.653862E+02   
-4.154797E+02   
-4.655677E+02   
-5.156477E+02   
-5.657172E+02   
-6.157728E+02   
-6.658104E+02   
-7.158255E+02   
-7.658125E+02   
-8.157654E+02   
-8.656771E+02   
-9.155394E+02   
-9.653435E+02   
-1.015079E+03   
-1.064736E+03   
-1.114301E+03   
-1.163761E+03   
-1.213102E+03   
-1.262308E+03   
-1.311360E+03   
-1.360242E+03   
-1.408932E+03   
-1.457410E+03   
-1.505651E+03   
-1.553633E+03   
-1.601328E+03   
-1.648708E+03   
-1.695745E+03   
-1.742407E+03   
-1.788662E+03   
-1.834475E+03   
-1.879809E+03   
-1.924626E+03   
-1.968888E+03   
-2.012551E+03   
-2.055574E+03   
-2.097910E+03   
-2.139513E+03   
-2.180334E+03   
-2.220323E+03   
-2.259429E+03   
-2.297597E+03   
-2.334773E+03   
-2.370899E+03   
-2.405918E+03   
-2.439770E+03   
-2.472394E+03   
-2.503729E+03   
-2.533712E+03   
-2.562277E+03   
-2.589361E+03   
-2.614897E+03   
-2.638820E+03   
-2.661062E+03   
-2.681557E+03   
-2.700237E+03   
-2.717035E+03   
-2.731885E+03   
-2.744719E+03   
-2.755472E+03   
-2.764079E+03   
-2.770476E+03   
-2.774601E+03   
-2.776392E+03   
-2.775790E+03   
-2.772738E+03   
-2.767182E+03   
-2.759067E+03   
-2.748346E+03   
-2.734971E+03   
-2.718898E+03   
-2.700090E+03   
-2.678508E+03   
-2.654123E+03   
-2.626905E+03   
-2.596833E+03   
-2.563888E+03   
-2.528056E+03   
-2.489331E+03   
-2.447710E+03   
-2.403196E+03   
-2.355797E+03   
-2.305529E+03   
-2.252413E+03   
-2.196476E+03   
-2.137752E+03   
-2.076280E+03   
-2.012106E+03   
-1.945283E+03   
-1.875872E+03   
-1.803936E+03   
-1.729548E+03   
-1.652786E+03   
-1.573735E+03   
-1.492485E+03   
-1.409133E+03   
-1.323781E+03   
-1.236536E+03   
-1.147511E+03   
-1.056824E+03   
-9.645986E+02   
-8.709608E+02   
-7.760419E+02   
-6.799769E+02   
-5.829040E+02   
-4.849642E+02   
-3.863015E+02   
-2.870615E+02   
-1.873920E+02   
-8.744184E+01   
 1.263929E+01   
 1.127013E+02   
 2.125940E+02   
 3.121680E+02   
 4.112747E+02   
 5.097668E+02   
 6.074989E+02   
 7.043280E+02   
 8.001137E+02   
 8.947184E+02   
 9.880084E+02   
 1.079854E+03   
 1.170128E+03   
 1.258710E+03   
 1.345483E+03   
 1.430335E+03   
 1.513161E+03   
 1.593860E+03   
 1.672336E+03   
 1.748500E+03   
 1.822271E+03   
 1.893570E+03   
 1.962329E+03   
 2.028482E+03   
 2.091973E+03   
 2.152751E+03   
 2.210769E+03   
 2.265992E+03   
 2.318386E+03   
 2.367926E+03   
 2.414592E+03   
 2.458372E+03   
 2.499258E+03   
 2.537247E+03   
 2.572345E+03   
 2.604559E+03   
 2.633905E+03   
 2.660402E+03   
 2.684074E+03   
 2.704949E+03   
 2.723060E+03   
 2.738445E+03   
 2.751144E+03   
 2.761201E+03   
 2.768663E+03   
 2.773581E+03   
 2.776007E+03   
 2.775999E+03   
 2.773612E+03   
 2.768907E+03   
 2.761946E+03   
 2.752791E+03   
 2.741506E+03   
 2.728157E+03   
 2.712810E+03   
 2.695531E+03   
 2.676388E+03   
 2.655446E+03   
 2.632775E+03   
 2.608440E+03   
 2.582508E+03   
 2.555045E+03   
 2.526118E+03   
 2.495790E+03   
 2.464125E+03   
 2.431187E+03   
 2.397036E+03   
 2.361734E+03   
 2.325340E+03   
 2.287911E+03   
 2.249503E+03   
 2.210171E+03   
 2.169969E+03   
 2.128948E+03   
 2.087158E+03   
 2.044646E+03   
 2.001460E+03   
 1.957644E+03   
 1.913240E+03   
 1.868291E+03   
 1.822834E+03   
 1.776909E+03   
 1.730550E+03   
 1.683792E+03   
 1.636668E+03   
 1.589207E+03   
 1.541439E+03   
 1.493391E+03   
 1.445089E+03   
 1.396557E+03   
 1.347818E+03   
 1.298893E+03   
 1.249802E+03   
 1.200562E+03   
 1.151191E+03   
 1.101704E+03   
 1.052116E+03   
 1.002439E+03   
 9.526860E+02   
 9.028672E+02   
 8.529924E+02   
 8.030705E+02   
 7.531091E+02   
 7.031150E+02   
 6.530944E+02   
 6.030524E+02   
 5.529935E+02   
 5.029215E+02   
 4.528396E+02   
 4.027504E+02   
 3.526560E+02   
 3.025581E+02   
 2.524578E+02   
 2.023562E+02   
 1.522537E+02   
 1.021509E+02   
 5.204790E+01   
 1.944847E+00   
-4.815822E+01   
-9.826126E+01   
-1.483642E+02   
-1.984668E+02   
-2.485686E+02   
-2.986692E+02   
-3.487675E+02   
-3.988625E+02   
-4.489524E+02   
-4.990352E+02   
-5.491084E+02   
-5.991687E+02   
-6.492125E+02   
-6.992354E+02   
-7.492321E+02   
-7.991967E+02   
-8.491224E+02   
-8.990016E+02   
-9.488256E+02   
-9.985847E+02   
-1.048268E+03   
-1.097864E+03   
-1.147360E+03   
-1.196742E+03   
-1.245993E+03   
-1.295097E+03   
-1.344037E+03   
-1.392791E+03   
-1.441341E+03   
-1.489662E+03   
-1.537731E+03   
-1.585523E+03   
-1.633009E+03   
-1.680162E+03   
-1.726950E+03   
-1.773342E+03   
-1.819303E+03   
-1.864798E+03   
-1.909789E+03   
-1.954237E+03   
-1.998102E+03   
-2.041339E+03   
-2.083906E+03   
-2.125754E+03   
-2.166838E+03   
-2.207106E+03   
-2.246507E+03   
-2.284989E+03   
-2.322497E+03   
-2.358975E+03   
-2.394364E+03   
-2.428606E+03   
-2.461641E+03   
-2.493407E+03   
-2.523842E+03   
-2.552880E+03   
-2.580459E+03   
-2.606512E+03   
-2.630973E+03   
-2.653776E+03   
-2.674854E+03   
-2.694139E+03   
-2.711565E+03   
-2.727064E+03   
-2.740569E+03   
-2.752015E+03   
-2.761337E+03   
-2.768470E+03   
-2.773351E+03   
-2.775918E+03   
-2.776112E+03   
-2.773875E+03   
-2.769150E+03   
-2.761885E+03   
-2.752030E+03   
-2.739536E+03   
-2.724358E+03   
-2.706458E+03   
-2.685796E+03   
-2.662340E+03   
-2.636060E+03   
-2.606934E+03   
-2.574940E+03   
-2.540064E+03   
-2.502296E+03   
-2.461632E+03   
-2.418074E+03   
-2.371628E+03   
-2.322308E+03   
-2.270132E+03   
-2.215126E+03   
-2.157320E+03   
-2.096753E+03   
-2.033469E+03   
-1.967518E+03   
-1.898958E+03   
-1.827851E+03   
-1.754268E+03   
-1.678285E+03   
-1.599985E+03   
-1.519455E+03   
-1.436790E+03   
-1.352091E+03   
-1.265464E+03   
-1.177019E+03   
-1.086873E+03   
-9.951468E+02   
-9.019663E+02   
-8.074612E+02   
-7.117651E+02   
-6.150152E+02   
-5.173517E+02   
-4.189174E+02   
-3.198577E+02   
-2.203196E+02   
-1.204516E+02   
-2.040310E+01   
 7.967578E+01   
 1.796350E+02   
 2.793247E+02   
 3.785960E+02   
 4.773012E+02   
 5.752943E+02   
 6.724314E+02   
 7.685711E+02   
 8.635751E+02   
 9.573082E+02   
 1.049639E+03   
 1.140440E+03   
 1.229589E+03   
 1.316967E+03   
 1.402460E+03   
 1.485962E+03   
 1.567369E+03   
 1.646584E+03   
 1.723517E+03   
 1.798083E+03   
 1.870202E+03   
 1.939803E+03   
 2.006820E+03   
 2.071192E+03   
 2.132868E+03   
 2.191799E+03   
 2.247945E+03   
 2.301274E+03   
 2.351756E+03   
 2.399371E+03   
 2.444103E+03   
 2.485942E+03   
 2.524886E+03   
 2.560936E+03   
 2.594100E+03   
 2.624390E+03   
 2.651824E+03   
 2.676425E+03   
 2.698219E+03   
 2.717239E+03   
 2.733519E+03   
 2.747100E+03   
 2.758024E+03   
 2.766337E+03   
 2.772090E+03   
 2.775333E+03   
 2.776123E+03   
 2.774515E+03   
 2.770570E+03   
 2.764347E+03   
 2.755910E+03   
 2.745323E+03   
 2.732649E+03   
 2.717955E+03   
 2.701308E+03   
 2.682774E+03   
 2.662420E+03   
 2.640314E+03   
 2.616522E+03   
 2.591111E+03   
 2.564148E+03   
 2.535699E+03   
 2.505827E+03   
 2.474599E+03   
 2.442075E+03   
 2.408320E+03   
 2.373393E+03   
 2.337354E+03   
 2.300262E+03   
 2.262173E+03   
 2.223142E+03   
 2.183223E+03   
 2.142468E+03   
 2.100928E+03   
 2.058651E+03   
 2.015684E+03   
 1.972072E+03   
 1.927859E+03   
 1.883086E+03   
 1.837794E+03   
 1.792021E+03   
 1.745803E+03   
 1.699174E+03   
 1.652168E+03   
 1.604816E+03   
 1.557147E+03   
 1.509190E+03   
 1.460970E+03   
 1.412513E+03   
 1.363840E+03   
 1.314975E+03   
 1.265937E+03   
 1.216745E+03   
 1.167416E+03   
 1.117967E+03   
 1.068411E+03   
 1.018763E+03   
 9.690340E+02   
 9.192362E+02   
 8.693793E+02   
 8.194724E+02   
 7.695236E+02   
 7.195399E+02   
 6.695277E+02   
 6.194924E+02   
 5.694388E+02   
 5.193709E+02   
 4.692921E+02   
 4.192052E+02   
 3.691124E+02   
 3.190155E+02   
 2.689160E+02   
 2.188147E+02   
 1.687125E+02   
 1.186098E+02   
 6.850685E+01   
 1.840382E+01   
-3.169925E+01   
-8.180230E+01   
-1.319053E+02   
-1.820080E+02   
-2.321101E+02   
-2.822111E+02   
-3.323103E+02   
-3.824064E+02   
-4.324981E+02   
-4.825833E+02   
-5.326598E+02   
-5.827246E+02   
-6.327741E+02   
-6.828041E+02   
-7.328097E+02   
-7.827852E+02   
-8.327241E+02   
-8.826191E+02   
-9.324617E+02   
-9.822427E+02   
-1.031952E+03   
-1.081577E+03   
-1.131107E+03   
-1.180527E+03   
-1.229821E+03   
-1.278975E+03   
-1.327970E+03   
-1.376786E+03   
-1.425404E+03   
-1.473802E+03   
-1.521955E+03   
-1.569840E+03   
-1.617428E+03   
-1.664692E+03   
-1.711602E+03   
-1.758126E+03   
-1.804230E+03   
-1.849880E+03   
-1.895039E+03   
-1.939668E+03   
-1.983726E+03   
-2.027172E+03   
-2.069961E+03   
-2.112048E+03   
-2.153386E+03   
-2.193924E+03   
-2.233614E+03   
-2.272400E+03   
-2.310231E+03   
-2.347050E+03   
-2.382800E+03   
-2.417422E+03   
-2.450857E+03   
-2.483043E+03   
-2.513918E+03   
-2.543419E+03   
-2.571480E+03   
-2.598038E+03   
-2.623025E+03   
-2.646376E+03   
-2.668024E+03   
-2.687901E+03   
-2.705940E+03   
-2.722075E+03   
-2.736238E+03   
-2.748364E+03   
-2.758386E+03   
-2.766240E+03   
-2.771863E+03   
-2.775193E+03   
-2.776168E+03   
-2.774731E+03   
-2.770825E+03   
-2.764397E+03   
-2.755393E+03   
-2.743766E+03   
-2.729471E+03   
-2.712465E+03   
-2.692710E+03   
-2.670171E+03   
-2.644818E+03   
-2.616626E+03   
-2.585572E+03   
-2.551641E+03   
-2.514820E+03   
-2.475105E+03   
-2.432495E+03   
-2.386994E+03   
-2.338613E+03   
-2.287371E+03   
-2.233289E+03   
-2.176397E+03   
-2.116731E+03   
-2.054333E+03   
-1.989252E+03   
-1.921541E+03   
-1.851263E+03   
-1.778486E+03   
-1.703283E+03   
-1.625734E+03   
-1.545928E+03   
-1.463955E+03   
-1.379914E+03   
-1.293910E+03   
-1.206052E+03   
-1.116454E+03   
-1.025236E+03   
-9.325223E+02   
-8.384412E+02   
-7.431252E+02   
-6.467102E+02   
-5.493355E+02   
-4.511433E+02   
-3.522778E+02   
-2.528858E+02   
-1.531152E+02   
-5.311526E+01   
 4.696417E+01   
 1.469730E+02   
 2.467612E+02   
 3.461796E+02   
 4.450801E+02   
 5.433161E+02   
 6.407428E+02   
 7.372183E+02   
 8.326029E+02   
 9.267605E+02   
 1.019558E+03   
 1.110868E+03   
 1.200565E+03   
 1.288529E+03   
 1.374646E+03   
 1.458805E+03   
 1.540903E+03   
 1.620841E+03   
 1.698525E+03   
 1.773870E+03   
 1.846793E+03   
 1.917221E+03   
 1.985086E+03   
 2.050326E+03   
 2.112885E+03   
 2.172715E+03   
 2.229773E+03   
 2.284023E+03   
 2.335436E+03   
 2.383988E+03   
 2.429662E+03   
 2.472446E+03   
 2.512335E+03   
 2.549329E+03   
 2.583433E+03   
 2.614660E+03   
 2.643024E+03   
 2.668548E+03   
 2.691256E+03   
 2.711178E+03   
 2.728350E+03   
 2.742808E+03   
 2.754596E+03   
 2.763757E+03   
 2.770342E+03   
 2.774400E+03   
 2.775986E+03   
 2.775156E+03   
 2.771969E+03   
 2.766485E+03   
 2.758766E+03   
 2.748876E+03   
 2.736878E+03   
 2.722838E+03   
 2.706824E+03   
 2.688900E+03   
 2.669135E+03   
 2.647596E+03   
 2.624349E+03   
 2.599462E+03   
 2.573000E+03   
 2.545031E+03   
 2.515619E+03   
 2.484828E+03   
 2.452723E+03   
 2.419365E+03   
 2.384817E+03   
 2.349136E+03   
 2.312384E+03   
 2.274616E+03   
 2.235888E+03   
 2.196255E+03   
 2.155770E+03   
 2.114482E+03   
 2.072442E+03   
 2.029697E+03   
 1.986292E+03   
 1.942273E+03   
 1.897680E+03   
 1.852555E+03   
 1.806936E+03   
 1.760860E+03   
 1.714363E+03   
 1.667478E+03   
 1.620237E+03   
 1.572670E+03   
 1.524805E+03   
 1.476669E+03   
 1.428287E+03   
 1.379684E+03   
 1.330880E+03   
 1.281897E+03   
 1.232754E+03   
 1.183469E+03   
 1.134058E+03   
 1.084536E+03   
 1.034917E+03   
 9.852137E+02   
 9.354378E+02   
 8.855996E+02   
 8.357085E+02   
 7.857729E+02   
 7.358001E+02   
 6.857969E+02   
 6.357688E+02   
 5.857209E+02   
 5.356575E+02   
 4.855821E+02   
 4.354976E+02   
 3.854066E+02   
 3.353110E+02   
 2.852122E+02   
 2.351115E+02   
 1.850096E+02   
 1.349070E+02   
 8.480411E+01   
 3.470109E+01   
-1.540196E+01   
-6.550502E+01   
-1.156080E+02   
-1.657108E+02   
-2.158132E+02   
-2.659146E+02   
-3.160144E+02   
-3.661116E+02   
-4.162048E+02   
-4.662923E+02   
-5.163717E+02   
-5.664405E+02   
-6.164952E+02   
-6.665318E+02   
-7.165456E+02   
-7.665312E+02   
-8.164825E+02   
-8.663921E+02   
-9.162523E+02   
-9.660539E+02   
-1.015787E+03   
-1.065440E+03   
-1.115002E+03   
-1.164458E+03   
-1.213794E+03   
-1.262995E+03   
-1.312042E+03   
-1.360918E+03   
-1.409602E+03   
-1.458072E+03   
-1.506307E+03   
-1.554280E+03   
-1.601966E+03   
-1.649337E+03   
-1.696364E+03   
-1.743015E+03   
-1.789258E+03   
-1.835058E+03   
-1.880378E+03   
-1.925181E+03   
-1.969428E+03   
-2.013075E+03   
-2.056080E+03   
-2.098398E+03   
-2.139982E+03   
-2.180784E+03   
-2.220752E+03   
-2.259835E+03   
-2.297980E+03   
-2.335131E+03   
-2.371231E+03   
-2.406223E+03   
-2.440048E+03   
-2.472643E+03   
-2.503948E+03   
-2.533898E+03   
-2.562431E+03   
-2.589481E+03   
-2.614982E+03   
-2.638869E+03   
-2.661074E+03   
-2.681530E+03   
-2.700170E+03   
-2.716927E+03   
-2.731735E+03   
-2.744526E+03   
-2.755235E+03   
-2.763797E+03   
-2.770148E+03   
-2.774226E+03   
-2.775969E+03   
-2.775319E+03   
-2.772217E+03   
-2.766611E+03   
-2.758446E+03   
-2.747673E+03   
-2.734246E+03   
-2.718122E+03   
-2.699261E+03   
-2.677627E+03   
-2.653189E+03   
-2.625919E+03   
-2.595794E+03   
-2.562797E+03   
-2.526914E+03   
-2.488138E+03   
-2.446466E+03   
-2.401901E+03   
-2.354453E+03   
-2.304137E+03   
-2.250974E+03   
-2.194991E+03   
-2.136222E+03   
-2.074706E+03   
-2.010490E+03   
-1.943628E+03   
-1.874177E+03   
-1.802205E+03   
-1.727782E+03   
-1.650988E+03   
-1.571907E+03   
-1.490629E+03   
-1.407252E+03   
-1.321876E+03   
-1.234611E+03   
-1.145568E+03   
-1.054867E+03   
-9.626287E+02   
-8.689813E+02   
-7.740559E+02   
-6.779872E+02   
-5.809135E+02   
-4.829760E+02   
-3.843184E+02   
-2.850867E+02   
-1.854283E+02   
-8.549222E+01   
 1.457189E+01   
 1.146139E+02   
 2.144839E+02   
 3.140323E+02   
 4.131107E+02   
 5.115717E+02   
 6.092703E+02   
 7.060632E+02   
 8.018103E+02   