 0.000000E+00   
 4.778382E-03   
 5.066975E-02   
 1.469603E-01   
 3.610459E-01   
 7.313625E-01   
 1.289948E+00   
 2.074450E+00   
 3.122511E+00   
 4.471764E+00   
 6.159828E+00   
 8.224304E+00   
 1.070277E+01   
 1.363276E+01   
 1.705177E+01   
 2.099726E+01   
 2.550658E+01   
 3.061702E+01   
 3.636578E+01   
 4.278990E+01   
 4.992632E+01   
 5.781176E+01   
 6.648277E+01   
 7.597568E+01   
 8.632652E+01   
 9.757105E+01   
 1.097447E+02   
 1.228824E+02   
 1.370188E+02   
 1.521881E+02   
 1.684237E+02   
 1.857586E+02   
 2.042252E+02   
 2.238551E+02   
 2.446790E+02   
 2.667268E+02   
 2.900276E+02   
 3.146094E+02   
 3.404989E+02   
 3.677219E+02   
 3.963027E+02   
 4.262643E+02   
 4.576283E+02   
 4.904145E+02   
 5.246412E+02   
 5.603248E+02   
 5.974799E+02   
 6.361189E+02   
 6.762524E+02   
 7.178883E+02   
 7.610324E+02   
 8.056881E+02   
 8.518560E+02   
 8.995341E+02   
 9.487174E+02   
 9.993981E+02   
 1.051565E+03   
 1.105205E+03   
 1.160299E+03   
 1.216828E+03   
 1.274767E+03   
 1.334087E+03   
 1.394758E+03   
 1.456745E+03   
 1.520007E+03   
 1.584501E+03   
 1.650182E+03   
 1.716997E+03   
 1.784891E+03   
 1.853806E+03   
 1.923678E+03   
 1.994439E+03   
 2.066019E+03   
 2.138341E+03   
 2.211326E+03   
 2.284891E+03   
 2.358949E+03   
 2.433408E+03   
 2.508174E+03   
 2.583149E+03   
 2.658231E+03   
 2.733316E+03   
 2.808295E+03   
 2.883059E+03   
 2.957494E+03   
 3.031485E+03   
 3.104915E+03   
 3.177663E+03   
 3.249611E+03   
 3.320635E+03   
 3.390613E+03   
 3.459422E+03   
 3.526937E+03   
 3.593037E+03   
 3.657599E+03   
 3.720499E+03   
 3.781620E+03   
 3.840840E+03   
 3.898045E+03   
 3.953119E+03   
 4.005952E+03   
 4.056436E+03   
 4.104466E+03   
 4.149944E+03   
 4.192771E+03   
 4.232859E+03   
 4.270121E+03   
 4.304476E+03   
 4.335850E+03   
 4.364175E+03   
 4.389388E+03   
 4.411434E+03   
 4.430263E+03   
 4.445833E+03   
 4.458111E+03   
 4.467068E+03   
 4.472684E+03   
 4.474947E+03   
 4.473851E+03   
 4.469399E+03   
 4.461602E+03   
 4.450476E+03   
 4.436046E+03   
 4.418345E+03   
 4.397413E+03   
 4.373295E+03   
 4.346046E+03   
 4.315725E+03   
 4.282398E+03   
 4.246138E+03   
 4.207025E+03   
 4.165140E+03   
 4.120575E+03   
 4.073422E+03   
 4.023781E+03   
 3.971754E+03   
 3.917448E+03   
 3.860973E+03   
 3.802443E+03   
 3.741972E+03   
 3.679679E+03   
 3.615684E+03   
 3.550107E+03   
 3.483073E+03   
 3.414702E+03   
 3.345120E+03   
 3.274449E+03   
 3.202811E+03   
 3.130331E+03   
 3.057128E+03   
 2.983322E+03   
 2.909031E+03   
 2.834372E+03   
 2.759459E+03   
 2.684402E+03   
 2.609310E+03   
 2.534290E+03   
 2.459443E+03   
 2.384870E+03   
 2.310665E+03   
 2.236922E+03   
 2.163728E+03   
 2.091169E+03   
 2.019325E+03   
 1.948274E+03   
 1.878087E+03   
 1.808835E+03   
 1.740581E+03   
 1.673386E+03   
 1.607307E+03   
 1.542396E+03   
 1.478702E+03   
 1.416269E+03   
 1.355138E+03   
 1.295345E+03   
 1.236924E+03   
 1.179902E+03   
 1.124307E+03   
 1.070160E+03   
 1.017479E+03   
 9.662805E+02   
 9.165754E+02   
 8.683730E+02   
 8.216792E+02   
 7.764971E+02   
 7.328269E+02   
 6.906662E+02   
 6.500101E+02   
 6.108514E+02   
 5.731803E+02   
 5.369852E+02   
 5.022521E+02   
 4.689654E+02   
 4.371073E+02   
 4.066586E+02   
 3.775982E+02   
 3.499037E+02   
 3.235512E+02   
 2.985154E+02   
 2.747700E+02   
 2.522873E+02   
 2.310387E+02   
 2.109946E+02   
 1.921245E+02   
 1.743970E+02   
 1.577801E+02   
 1.422411E+02   
 1.277466E+02   
 1.142627E+02   
 1.017549E+02   
 9.018840E+01   
 7.952791E+01   
 6.973780E+01   
 6.078213E+01   
 5.262466E+01   
 4.522894E+01   
 3.855829E+01   
 3.257586E+01   
 2.724462E+01   
 2.252744E+01   
 1.838708E+01   
 1.478618E+01   
 1.168732E+01   
 9.053042E+00   
 6.845805E+00   
 5.028051E+00   
 3.562187E+00   
 2.410600E+00   
 1.535664E+00   
 8.997376E-01   
 4.651767E-01   
 1.943309E-01   
 4.954746E-02   
-6.827465E-03   
-1.244838E-02   
-4.970002E-03   
-2.204712E-02   
-1.013345E-01   
-2.804866E-01   
-5.971573E-01   
-1.088999E+00   
-1.793661E+00   
-2.748787E+00   
-3.992014E+00   
-5.560967E+00   
-7.493253E+00   
-9.826456E+00   
-1.259813E+01   
-1.584579E+01   
-1.960689E+01   
-2.391884E+01   
-2.881895E+01   
-3.434444E+01   
-4.053242E+01   
-4.741985E+01   
-5.504354E+01   
-6.344011E+01   
-7.264596E+01   
-8.269722E+01   
-9.362975E+01   
-1.054791E+02   
-1.182804E+02   
-1.320684E+02   
-1.468773E+02   
-1.627410E+02   
-1.796927E+02   
-1.977647E+02   
-2.169891E+02   
-2.373969E+02   
-2.590183E+02   
-2.818826E+02   
-3.060183E+02   
-3.314524E+02   
-3.582112E+02   
-3.863194E+02   
-4.158005E+02   
-4.466765E+02   
-4.789680E+02   
-5.126938E+02   
-5.478709E+02   
-5.845145E+02   
-6.226380E+02   
-6.622523E+02   
-7.033664E+02   
-7.459870E+02   
-7.901181E+02   
-8.357614E+02   
-8.829157E+02   
-9.315772E+02   
-9.817390E+02   
-1.033391E+03   
-1.086521E+03   
-1.141112E+03   
-1.197145E+03   
-1.254596E+03   
-1.313440E+03   
-1.373644E+03   
-1.435177E+03   
-1.497999E+03   
-1.562069E+03   
-1.627342E+03   
-1.693767E+03   
-1.761291E+03   
-1.829857E+03   
-1.899401E+03   
-1.969859E+03   
-2.041160E+03   
-2.113230E+03   
-2.185991E+03   
-2.259362E+03   
-2.333255E+03   
-2.407582E+03   
-2.482249E+03   
-2.557158E+03   
-2.632211E+03   
-2.707302E+03   
-2.782326E+03   
-2.857173E+03   
-2.931730E+03   
-3.005884E+03   
-3.079516E+03   
-3.152510E+03   
-3.224744E+03   
-3.296098E+03   
-3.366447E+03   
-3.435670E+03   
-3.503644E+03   
-3.570244E+03   
-3.635347E+03   
-3.698833E+03   
-3.760579E+03   
-3.820466E+03   
-3.878378E+03   
-3.934199E+03   
-3.987817E+03   
-4.039123E+03   
-4.088011E+03   
-4.134380E+03   
-4.178133E+03   
-4.219177E+03   
-4.257424E+03   
-4.292792E+03   
-4.325204E+03   
-4.354590E+03   
-4.380885E+03   
-4.404032E+03   
-4.423978E+03   
-4.440680E+03   
-4.454101E+03   
-4.464209E+03   
-4.470984E+03   
-4.474408E+03   
-4.474476E+03   
-4.471186E+03   
-4.464545E+03   
-4.454570E+03   
-4.441282E+03   
-4.424711E+03   
-4.404894E+03   
-4.381875E+03   
-4.355706E+03   
-4.326443E+03   
-4.294151E+03   
-4.258901E+03   
-4.220769E+03   
-4.179837E+03   
-4.136192E+03   
-4.089928E+03   
-4.041140E+03   
-3.989931E+03   
-3.936405E+03   
-3.880673E+03   
-3.822845E+03   
-3.763036E+03   
-3.701365E+03   
-3.637950E+03   
-3.572911E+03   
-3.506372E+03   
-3.438454E+03   
-3.369282E+03   
-3.298978E+03   
-3.227666E+03   
-3.155468E+03   
-3.082506E+03   
-3.008900E+03   
-2.934768E+03   
-2.860228E+03   
-2.785395E+03   
-2.710379E+03   
-2.635292E+03   
-2.560239E+03   
-2.485325E+03   
-2.410650E+03   
-2.336311E+03   
-2.262401E+03   
-2.189012E+03   
-2.116227E+03   
-2.044130E+03   
-1.972800E+03   
-1.902309E+03   
-1.832729E+03   
-1.764126E+03   
-1.696561E+03   
-1.630092E+03   
-1.564774E+03   
-1.500656E+03   
-1.437784E+03   
-1.376200E+03   
-1.315943E+03   
-1.257045E+03   
-1.199538E+03   
-1.143448E+03   
-1.088799E+03   
-1.035611E+03   
-9.838987E+02   
-9.336767E+02   
-8.849545E+02   
-8.377391E+02   
-7.920344E+02   
-7.478418E+02   
-7.051597E+02   
-6.639841E+02   
-6.243085E+02   
-5.861241E+02   
-5.494198E+02   
-5.141824E+02   
-4.803970E+02   
-4.480464E+02   
-4.171119E+02   
-3.875732E+02   
-3.594081E+02   
-3.325934E+02   
-3.071043E+02   
-2.829146E+02   
-2.599973E+02   
-2.383240E+02   
-2.178654E+02   
-1.985914E+02   
-1.804710E+02   
-1.634722E+02   
-1.475626E+02   
-1.327091E+02   
-1.188778E+02   
-1.060346E+02   
-9.414476E+01   
-8.317309E+01   
-7.308411E+01   
-6.384197E+01   
-5.541055E+01   
-4.775345E+01   
-4.083407E+01   
-3.461563E+01   
-2.906114E+01   
-2.413353E+01   
-1.979558E+01   
-1.600996E+01   
-1.273930E+01   
-9.946124E+00   
-7.592931E+00   
-5.642168E+00   
-4.056254E+00   
-2.797582E+00   
-1.828528E+00   
-1.111458E+00   
-6.087286E-01   
-2.826900E-01   
-9.569080E-02   
-1.007746E-02   
 1.180432E-02   
 7.609215E-03   
 1.499199E-02   
 7.160743E-02   
 2.151101E-01   
 4.831542E-01   
 9.133926E-01   
 1.543476E+00   
 2.411050E+00   
 3.553754E+00   
 5.009218E+00   
 6.815055E+00   
 9.008858E+00   
 1.162819E+01   
 1.471058E+01   
 1.829352E+01   
 2.241441E+01   
 2.711060E+01   
 3.241936E+01   
 3.837782E+01   
 4.502302E+01   
 5.239179E+01   
 6.052084E+01   
 6.944664E+01   
 7.920542E+01   
 8.983313E+01   
 1.013654E+02   
 1.138376E+02   
 1.272845E+02   
 1.417406E+02   
 1.572399E+02   
 1.738157E+02   
 1.915007E+02   
 2.103272E+02   
 2.303264E+02   
 2.515288E+02   
 2.739642E+02   
 2.976611E+02   
 3.226473E+02   
 3.489491E+02   
 3.765920E+02   
 4.055997E+02   
 4.359949E+02   
 4.677986E+02   
 5.010302E+02   
 5.357074E+02   
 5.718460E+02   
 6.094600E+02   
 6.485612E+02   
 6.891593E+02   
 7.312617E+02   
 7.748734E+02   
 8.199969E+02   
 8.666320E+02   
 9.147758E+02   
 9.644225E+02   
 1.015563E+03   
 1.068186E+03   
 1.122276E+03   
 1.177815E+03   
 1.234781E+03   
 1.293147E+03   
 1.352887E+03   
 1.413965E+03   
 1.476347E+03   
 1.539991E+03   
 1.604854E+03   
 1.670887E+03   
 1.738037E+03   
 1.806249E+03   
 1.875462E+03   
 1.945610E+03   
 2.016627E+03   
 2.088438E+03   
 2.160968E+03   
 2.234135E+03   
 2.307855E+03   
 2.382039E+03   
 2.456596E+03   
 2.531429E+03   
 2.606440E+03   
 2.681526E+03   
 2.756581E+03   
 2.831496E+03   
 2.906161E+03   
 2.980462E+03   
 3.054282E+03   
 3.127504E+03   
 3.200008E+03   
 3.271673E+03   
 3.342376E+03   
 3.411996E+03   
 3.480407E+03   
 3.547488E+03   
 3.613114E+03   
 3.677164E+03   
 3.739516E+03   
 3.800051E+03   
 3.858650E+03   
 3.915197E+03   
 3.969579E+03   
 4.021687E+03   
 4.071413E+03   
 4.118654E+03   
 4.163312E+03   
 4.205292E+03   
 4.244505E+03   
 4.280867E+03   
 4.314300E+03   
 4.344729E+03   
 4.372090E+03   
 4.396321E+03   
 4.417369E+03   
 4.435187E+03   
 4.449736E+03   
 4.460983E+03   
 4.468902E+03   
 4.473477E+03   
 4.474696E+03   
 4.472557E+03   
 4.467066E+03   
 4.458233E+03   
 4.446079E+03   
 4.430632E+03   
 4.411925E+03   
 4.390000E+03   
 4.364907E+03   
 4.336701E+03   
 4.305442E+03   
 4.271201E+03   
 4.234051E+03   
 4.194073E+03   
 4.151351E+03   
 4.105978E+03   
 4.058048E+03   
 4.007661E+03   
 3.954921E+03   
 3.899937E+03   
 3.842819E+03   
 3.783681E+03   
 3.722639E+03   
 3.659812E+03   
 3.595321E+03   
 3.529287E+03   
 3.461833E+03   
 3.393081E+03   
 3.323156E+03   
 3.252181E+03   
 3.180277E+03   
 3.107568E+03   
 3.034174E+03   
 2.960214E+03   
 2.885805E+03   
 2.811064E+03   
 2.736102E+03   
 2.661032E+03   
 2.585960E+03   
 2.510991E+03   
 2.436227E+03   
 2.361766E+03   
 2.287703E+03   
 2.214128E+03   
 2.141131E+03   
 2.068793E+03   
 1.997194E+03   
 1.926411E+03   
 1.856514E+03   
 1.787572E+03   
 1.719647E+03   
 1.652799E+03   
 1.587083E+03   
 1.522551E+03   
 1.459249E+03   
 1.397222E+03   
 1.336508E+03   
 1.277142E+03   
 1.219157E+03   
 1.162580E+03   
 1.107437E+03   
 1.053747E+03   
 1.001528E+03   
 9.507953E+02   
 9.015591E+02   
 8.538275E+02   
 8.076055E+02   
 7.628953E+02   
 7.196962E+02   
 6.780053E+02   
 6.378167E+02   
 5.991224E+02   
 5.619122E+02   
 5.261736E+02   
 4.918921E+02   
 4.590515E+02   
 4.276335E+02   
 3.976182E+02   
 3.689844E+02   
 3.417089E+02   
 3.157675E+02   
 2.911346E+02   
 2.677834E+02   
 2.456860E+02   
 2.248133E+02   
 2.051356E+02   
 1.866221E+02   
 1.692412E+02   
 1.529606E+02   
 1.377474E+02   
 1.235681E+02   
 1.103886E+02   
 9.817426E+01   
 8.689015E+01   
 7.650088E+01   
 6.697071E+01   
 5.826361E+01   
 5.034327E+01   
 4.317317E+01   
 3.671657E+01   
 3.093657E+01   
 2.579612E+01   
 2.125803E+01   
 1.728502E+01   
 1.383974E+01   
 1.088475E+01   
 8.382540E+00   
 6.295588E+00   
 4.586316E+00   
 3.217128E+00   
 2.150404E+00   
 1.348515E+00   
 7.738176E-01   
 3.886660E-01   
 1.554089E-01   
 3.639331E-02   
-6.034875E-03   
-9.530218E-03   
-1.174747E-02   
-5.034141E-02   
-1.629667E-01   
-3.872777E-01   
-7.609278E-01   
-1.321568E+00   
-2.106847E+00   
-3.154406E+00   
-4.501878E+00   
-6.186883E+00   
-8.247020E+00   
-1.071987E+01   
-1.364296E+01   
-1.705380E+01   
-2.098983E+01   
-2.548842E+01   
-3.058686E+01   
-3.632233E+01   
-4.273190E+01   
-4.985248E+01   
-5.772082E+01   
-6.637348E+01   
-7.584675E+01   
-8.617672E+01   
-9.739911E+01   
-1.095494E+02   
-1.226625E+02   
-1.367731E+02   
-1.519152E+02   
-1.681226E+02   
-1.854281E+02   
-2.038641E+02   
-2.234621E+02   
-2.442531E+02   
-2.662669E+02   
-2.895325E+02   
-3.140781E+02   
-3.399303E+02   
-3.671150E+02   
-3.956566E+02   
-4.255780E+02   
-4.569008E+02   
-4.896450E+02   
-5.238289E+02   
-5.594689E+02   
-5.965797E+02   
-6.351738E+02   
-6.752616E+02   
-7.168514E+02   
-7.599489E+02   
-8.045576E+02   
-8.506781E+02   
-8.983085E+02   
-9.474439E+02   
-9.980767E+02   
-1.050196E+03   
-1.103788E+03   
-1.158835E+03   
-1.215316E+03   
-1.273207E+03   
-1.332481E+03   
-1.393107E+03   
-1.455047E+03   
-1.518265E+03   
-1.582716E+03   
-1.648354E+03   
-1.715128E+03   
-1.782982E+03   
-1.851859E+03   
-1.921693E+03   
-1.992419E+03   
-2.063966E+03   
-2.136256E+03   
-2.209212E+03   
-2.282750E+03   
-2.356783E+03   
-2.431220E+03   
-2.505966E+03   
-2.580924E+03   
-2.655991E+03   
-2.731064E+03   
-2.806035E+03   
-2.880794E+03   
-2.955227E+03   
-3.029219E+03   
-3.102653E+03   
-3.175410E+03   
-3.247369E+03   
-3.318409E+03   
-3.388406E+03   
-3.457237E+03   
-3.524780E+03   
-3.590910E+03   
-3.655505E+03   
-3.718443E+03   
-3.779605E+03   
-3.838871E+03   
-3.896124E+03   
-3.951251E+03   
-4.004140E+03   
-4.054684E+03   
-4.102777E+03   
-4.148321E+03   
-4.191218E+03   
-4.231378E+03   
-4.268716E+03   
-4.303150E+03   
-4.334605E+03   
-4.363014E+03   
-4.388313E+03   
-4.410446E+03   
-4.429366E+03   
-4.445028E+03   
-4.457400E+03   
-4.466451E+03   
-4.472164E+03   
-4.474524E+03   
-4.473526E+03   
-4.469173E+03   
-4.461474E+03   
-4.450447E+03   
-4.436116E+03   
-4.418514E+03   
-4.397679E+03   
-4.373658E+03   
-4.346505E+03   
-4.316278E+03   
-4.283045E+03   
-4.246877E+03   
-4.207853E+03   
-4.166057E+03   
-4.121577E+03   
-4.074508E+03   
-4.024948E+03   
-3.972999E+03   
-3.918769E+03   
-3.862367E+03   
-3.803906E+03   
-3.743502E+03   
-3.681273E+03   
-3.617338E+03   
-3.551819E+03   
-3.484837E+03   
-3.416517E+03   
-3.346981E+03   
-3.276353E+03   
-3.204756E+03   
-3.132311E+03   
-3.059141E+03   
-2.985364E+03   
-2.911099E+03   
-2.836463E+03   
-2.761568E+03   
-2.686526E+03   
-2.611447E+03   
-2.536436E+03   
-2.461595E+03   
-2.387024E+03   
-2.312820E+03   
-2.239073E+03   
-2.165874E+03   
-2.093306E+03   
-2.021451E+03   
-1.950386E+03   
-1.880184E+03   
-1.810913E+03   
-1.742639E+03   
-1.675422E+03   
-1.609318E+03   
-1.544381E+03   
-1.480659E+03   
-1.418197E+03   
-1.357034E+03   
-1.297209E+03   
-1.238754E+03   
-1.181698E+03   
-1.126066E+03   
-1.071882E+03   
-1.019164E+03   
-9.679261E+02   
-9.181816E+02   
-8.699393E+02   
-8.232052E+02   
-7.779822E+02   
-7.342709E+02   
-6.920688E+02   
-6.513712E+02   
-6.121708E+02   
-5.744580E+02   
-5.382213E+02   
-5.034467E+02   
-4.701186E+02   
-4.382193E+02   
-4.077297E+02   
-3.786288E+02   
-3.508942E+02   
-3.245019E+02   
-2.994269E+02   
-2.756427E+02   
-2.531218E+02   
-2.318356E+02   
-2.117545E+02   
-1.928480E+02   
-1.750848E+02   
-1.584330E+02   
-1.428597E+02   
-1.283317E+02   
-1.148150E+02   
-1.022752E+02   
-9.067754E+01   
-7.998670E+01   
-7.016706E+01   
-6.118269E+01   
-5.299739E+01   
-4.557469E+01   
-3.887793E+01   
-3.287026E+01   
-2.751467E+01   
-2.277403E+01   
-1.861110E+01   
-1.498852E+01   
-1.186890E+01   
-9.214747E+00   
-6.988547E+00   
-5.152738E+00   
-3.669728E+00   
-2.501906E+00   
-1.611645E+00   
-9.613072E-01   
-5.132468E-01   
-2.298143E-01   
-7.335710E-02   
-6.221539E-03   
 9.246864E-03   
 1.070281E-02   
 3.580108E-02   
 1.221964E-01   
 3.075433E-01   
 6.294954E-01   
 1.125705E+00   
 1.833821E+00   
 2.791488E+00   
 4.036342E+00   
 5.606007E+00   
 7.538090E+00   
 9.870176E+00   
 1.263982E+01   
 1.588453E+01   
 1.964177E+01   
 2.394894E+01   
 2.884335E+01   
 3.436223E+01   
 4.054268E+01   
 4.742167E+01   
 5.503600E+01   
 6.342231E+01   
 7.261697E+01   
 8.265614E+01   
 9.357567E+01   
 1.054111E+02   
 1.181976E+02   
 1.319699E+02   
 1.467623E+02   
 1.626085E+02   
 1.795418E+02   
 1.975946E+02   
 2.167989E+02   
 2.371858E+02   
 2.587854E+02   
 2.816272E+02   
 3.057394E+02   
 3.311493E+02   
 3.578831E+02   
 3.859655E+02   
 4.154202E+02   
 4.462690E+02   
 4.785326E+02   
 5.122298E+02   
 5.473777E+02   
 5.839916E+02   
 6.220847E+02   
 6.616681E+02   
 7.027508E+02   
 7.453395E+02   
 7.894384E+02   
 8.350490E+02   
 8.821704E+02   
 9.307987E+02   
 9.809271E+02   
 1.032546E+03   
 1.085642E+03   
 1.140199E+03   
 1.196199E+03   
 1.253616E+03   
 1.312426E+03   
 1.372598E+03   
 1.434098E+03   
 1.496887E+03   
 1.560926E+03   
 1.626167E+03   
 1.692561E+03   
 1.760055E+03   
 1.828591E+03   
 1.898108E+03   
 1.968538E+03   
 2.039813E+03   
 2.111858E+03   
 2.184595E+03   
 2.257943E+03   
 2.331815E+03   
 2.406122E+03   
 2.480771E+03   
 2.555665E+03   
 2.630703E+03   
 2.705782E+03   
 2.780795E+03   
 2.855633E+03   
 2.930184E+03   
 3.004333E+03   
 3.077964E+03   
 3.150958E+03   
 3.223195E+03   
 3.294553E+03   
 3.364910E+03   
 3.434143E+03   
 3.502129E+03   
 3.568744E+03   
 3.633865E+03   
 3.697370E+03   
 3.759139E+03   
 3.819052E+03   
 3.876992E+03   
 3.932843E+03   
 3.986494E+03   
 4.037836E+03   
 4.086762E+03   
 4.133172E+03   
 4.176967E+03   
 4.218056E+03   
 4.256350E+03   
 4.291767E+03   
 4.324231E+03   
 4.353670E+03   
 4.380020E+03   
 4.403224E+03   
 4.423228E+03   
 4.439990E+03   
 4.453472E+03   
 4.463643E+03   
 4.470480E+03   
 4.473969E+03   
 4.474102E+03   
 4.470878E+03   
 4.464304E+03   
 4.454395E+03   
 4.441174E+03   
 4.424670E+03   
 4.404920E+03   
 4.381967E+03   
 4.355864E+03   
 4.326666E+03   
 4.294440E+03   
 4.259253E+03   
 4.221184E+03   
 4.180314E+03   
 4.136730E+03   
 4.090525E+03   
 4.041795E+03   
 3.990642E+03   
 3.937172E+03   
 3.881492E+03   
 3.823715E+03   
 3.763956E+03   
 3.702331E+03   
 3.638961E+03   
 3.573966E+03   
 3.507467E+03   
 3.439588E+03   
 3.370452E+03   
 3.300182E+03   
 3.228902E+03   
 3.156733E+03   
 3.083798E+03   
 3.010217E+03   
 2.936107E+03   
 2.861587E+03   
 2.786771E+03   
 2.711771E+03   
 2.636697E+03   
 2.561655E+03   
 2.486750E+03   
 2.412082E+03   
 2.337747E+03   
 2.263841E+03   
 2.190451E+03   
 2.117665E+03   
 2.045566E+03   
 1.974230E+03   
 1.903733E+03   
 1.834144E+03   
 1.765531E+03   
 1.697954E+03   
 1.631473E+03   
 1.566141E+03   
 1.502007E+03   
 1.439119E+03   
 1.377517E+03   
 1.317240E+03   
 1.258322E+03   
 1.200794E+03   
 1.144683E+03   
 1.090011E+03   
 1.036799E+03   
 9.850635E+02   
 9.348169E+02   
 8.860695E+02   
 8.388285E+02   
 7.930978E+02   
 7.488788E+02   
 7.061701E+02   
 6.649675E+02   
 6.252648E+02   
 5.870530E+02   
 5.503214E+02   
 5.150566E+02   
 4.812437E+02   
 4.488657E+02   
 4.179039E+02   
 3.883379E+02   
 3.601458E+02   
 3.333042E+02   
 3.077883E+02   
 2.835722E+02   
 2.606286E+02   
 2.389294E+02   
 2.184453E+02   
 1.991460E+02   
 1.810007E+02   
 1.639774E+02   
 1.480437E+02   
 1.331664E+02   
 1.193119E+02   
 1.064459E+02   
 9.453365E+01   
 8.354007E+01   
 7.342966E+01   
 6.416658E+01   
 5.571471E+01   
 4.803766E+01   
 4.109886E+01   
 3.486149E+01   
 2.928862E+01   
 2.434314E+01   
 1.998785E+01   
 1.618543E+01   
 1.289849E+01   
 1.008959E+01   
 7.721214E+00   
 5.755809E+00   
 4.155796E+00   
 2.883571E+00   
 1.901511E+00   
 1.171982E+00   
 6.573410E-01   
 3.199388E-01   
 1.221241E-01   
 2.624351E-02   
-5.357206E-03   
-1.033270E-02   
-2.633773E-02   
-9.102706E-02   
-2.420553E-01   
-5.170764E-01   
-9.537432E-01   
-1.589706E+00   
-2.462611E+00   
-3.610096E+00   
-5.069792E+00   
-6.879310E+00   
-9.076244E+00   
-1.169816E+01   
-1.478258E+01   
-1.836698E+01   
-2.248879E+01   
-2.718536E+01   
-3.249392E+01   
-3.845164E+01   
-4.509553E+01   
-5.246245E+01   
-6.058908E+01   
-6.951190E+01   
-7.926713E+01   
-8.989074E+01   
-1.014184E+02   
-1.138853E+02   
-1.273264E+02   
-1.417762E+02   
-1.572686E+02   
-1.738369E+02   
-1.915139E+02   
-2.103318E+02   
-2.303219E+02   
-2.515146E+02   
-2.739397E+02   
-2.976259E+02   
-3.226007E+02   
-3.488907E+02   
-3.765212E+02   
-4.055160E+02   
-4.358979E+02   
-4.676876E+02   
-5.009048E+02   
-5.355671E+02   
-5.716904E+02   
-6.092885E+02   
-6.483735E+02   
-6.889549E+02   
-7.310402E+02   
-7.746344E+02   
-8.197400E+02   
-8.663569E+02   
-9.144822E+02   
-9.641100E+02   
-1.015232E+03   
-1.067835E+03   
-1.121906E+03   
-1.177425E+03   
-1.234370E+03   
-1.292717E+03   
-1.352436E+03   
-1.413495E+03   
-1.475857E+03   
-1.539481E+03   
-1.604324E+03   
-1.670336E+03   
-1.737467E+03   
-1.805659E+03   
-1.874853E+03   
-1.944982E+03   
-2.015980E+03   
-2.087773E+03   
-2.160285E+03   
-2.233435E+03   
-2.307138E+03   
-2.381307E+03   
-2.455848E+03   
-2.530667E+03   
-2.605664E+03   
-2.680737E+03   
-2.755780E+03   
-2.830684E+03   
-2.905339E+03   
-2.979630E+03   
-3.053443E+03   
-3.126658E+03   
-3.199156E+03   
-3.270816E+03   
-3.341516E+03   
-3.411133E+03   
-3.479544E+03   
-3.546626E+03   
-3.612254E+03   
-3.676308E+03   
-3.738665E+03   
-3.799205E+03   
-3.857812E+03   
-3.914368E+03   
-3.968761E+03   
-4.020881E+03   
-4.070621E+03   
-4.117877E+03   
-4.162551E+03   
-4.204549E+03   
-4.243782E+03   
-4.280164E+03   
-4.313618E+03   
-4.344071E+03   
-4.371456E+03   
-4.395713E+03   
-4.416788E+03   
-4.434634E+03   
-4.449211E+03   
-4.460488E+03   
-4.468438E+03   
-4.473044E+03   
-4.474296E+03   
-4.472190E+03   
-4.466732E+03   
-4.457934E+03   
-4.445815E+03   
-4.430402E+03   
-4.411731E+03   
-4.389842E+03   
-4.364785E+03   
-4.336614E+03   
-4.305392E+03   
-4.271186E+03   
-4.234072E+03   
-4.194129E+03   
-4.151442E+03   
-4.106103E+03   
-4.058207E+03   
-4.007854E+03   
-3.955147E+03   
-3.900195E+03   
-3.843109E+03   
-3.784001E+03   
-3.722990E+03   
-3.660192E+03   
-3.595729E+03   
-3.529722E+03   
-3.462294E+03   
-3.393568E+03   
-3.323666E+03   
-3.252714E+03   
-3.180832E+03   
-3.108143E+03   
-3.034769E+03   
-2.960827E+03   
-2.886435E+03   
-2.811709E+03   
-2.736763E+03   
-2.661706E+03   
-2.586646E+03   
-2.511688E+03   
-2.436934E+03   
-2.362481E+03   
-2.288426E+03   
-2.214858E+03   
-2.141865E+03   
-2.069532E+03   
-1.997936E+03   
-1.927155E+03   
-1.857260E+03   
-1.788317E+03   
-1.720392E+03   
-1.653542E+03   
-1.587824E+03   
-1.523288E+03   
-1.459982E+03   
-1.397950E+03   
-1.337230E+03   
-1.277858E+03   
-1.219866E+03   
-1.163281E+03   
-1.108129E+03   
-1.054430E+03   
-1.002202E+03   
-9.514595E+02   
-9.022129E+02   
-8.544704E+02   
-8.082371E+02   
-7.635153E+02   
-7.203043E+02   
-6.786011E+02   
-6.383999E+02   
-5.996928E+02   
-5.624696E+02   
-5.267177E+02   
-4.924229E+02   
-4.595687E+02   
-4.281370E+02   
-3.981080E+02   
-3.694603E+02   
-3.421709E+02   
-3.162155E+02   
-2.915686E+02   
-2.682034E+02   
-2.460920E+02   
-2.252053E+02   
-2.055137E+02   
-1.869863E+02   
-1.695915E+02   
-1.532972E+02   
-1.380704E+02   
-1.238775E+02   
-1.106845E+02   
-9.845682E+01   
-8.715949E+01   
-7.675712E+01   
-6.721399E+01   
-5.849408E+01   
-5.056107E+01   
-4.337846E+01   
-3.690951E+01   
-3.111731E+01   
-2.596482E+01   
-2.141488E+01   
-1.743019E+01   
-1.397339E+01   
-1.100705E+01   
-8.493685E+00   
-6.395749E+00   
-4.675675E+00   
-3.295864E+00   
-2.218700E+00   
-1.406552E+00   
-8.217797E-01   
-4.267358E-01   
-1.837697E-01   
-5.522866E-02   
-3.458526E-03   
 9.195194E-03   
 2.038723E-02   
 6.777237E-02   
 1.890052E-01   
 4.217401E-01   
 8.036302E-01   
 1.372327E+00   
 2.165477E+00   
 3.220724E+00   
 4.575698E+00   
 6.268019E+00   
 8.335286E+00   
 1.081507E+01   
 1.374492E+01   
 1.716233E+01   
 2.110473E+01   
 2.560950E+01   
 3.071392E+01   
 3.645519E+01   
 4.287035E+01   
 4.999632E+01   
 5.786985E+01   
 6.652748E+01   
 7.600553E+01   
 8.634005E+01   
 9.756679E+01   
 1.097212E+02   
 1.228382E+02   
 1.369524E+02   
 1.520980E+02   
 1.683086E+02   
 1.856170E+02   
 2.040557E+02   
 2.236562E+02   
 2.444494E+02   
 2.664651E+02   
 2.897324E+02   
 3.142794E+02   
 3.401327E+02   
 3.673183E+02   
 3.958603E+02   
 4.257820E+02   
 4.571047E+02   
 4.898485E+02   
 5.240317E+02   
 5.596707E+02   
 5.967801E+02   
 6.353725E+02   
 6.754583E+02   
 7.170457E+02   
 7.601405E+02   
 8.047461E+02   
 8.508631E+02   
 8.984897E+02   
 9.476210E+02   
 9.982492E+02   
 1.050364E+03   
 1.103950E+03   
 1.158991E+03   
 1.215466E+03   
 1.273351E+03   
 1.332619E+03   
 1.393237E+03   
 1.455170E+03   
 1.518379E+03   
 1.582822E+03   
 1.648451E+03   
 1.715216E+03   
 1.783061E+03   
 1.851928E+03   
 1.921753E+03   
 1.992468E+03   
 2.064004E+03   
 2.136283E+03   
 2.209228E+03   
 2.282754E+03   
 2.356775E+03   
 2.431200E+03   
 2.505934E+03   
 2.580879E+03   
 2.655934E+03   
 2.730994E+03   
 2.805952E+03   
 2.880697E+03   
 2.955117E+03   
 3.029096E+03   
 3.102517E+03   
 3.175261E+03   
 3.247207E+03   
 3.318233E+03   
 3.388217E+03   
 3.457035E+03   
 3.524565E+03   
 3.590682E+03   
 3.655265E+03   
 3.718191E+03   
 3.779341E+03   
 3.838595E+03   
 3.895837E+03   
 3.950953E+03   
 4.003831E+03   
 4.054365E+03   
 4.102448E+03   
 4.147983E+03   
 4.190871E+03   
 4.231024E+03   
 4.268353E+03   
 4.302780E+03   
 4.334229E+03   
 4.362632E+03   
 4.387926E+03   
 4.410055E+03   
 4.428970E+03   
 4.444630E+03   
 4.456999E+03   
 4.466049E+03   
 4.471760E+03   
 4.474119E+03   
 4.473122E+03   
 4.468770E+03   
 4.461073E+03   
 4.450048E+03   
 4.435720E+03   
 4.418122E+03   
 4.397292E+03   
 4.373276E+03   
 4.346128E+03   
 4.315908E+03   
 4.282682E+03   
 4.246522E+03   
 4.207506E+03   
 4.165718E+03   
 4.121248E+03   
 4.074188E+03   
 4.024638E+03   
 3.972700E+03   
 3.918481E+03   
 3.862090E+03   
 3.803641E+03   
 3.743249E+03   
 3.681032E+03   
 3.617109E+03   
 3.551603E+03   
 3.484634E+03   
 3.416327E+03   
 3.346805E+03   
 3.276190E+03   
 3.204606E+03   
 3.132174E+03   
 3.059017E+03   
 2.985254E+03   
 2.911002E+03   
 2.836379E+03   
 2.761497E+03   
 2.686469E+03   
 2.611402E+03   
 2.536403E+03   
 2.461575E+03   
 2.387016E+03   
 2.312824E+03   
 2.239089E+03   
 2.165901E+03   
 2.093344E+03   
 2.021500E+03   
 1.950446E+03   
 1.880254E+03   
 1.810993E+03   
 1.742728E+03   
 1.675520E+03   
 1.609425E+03   
 1.544496E+03   
 1.480782E+03   
 1.418328E+03   
 1.357173E+03   
 1.297354E+03   
 1.238905E+03   
 1.181855E+03   
 1.126230E+03   
 1.072051E+03   
 1.019337E+03   
 9.681045E+02   
 9.183644E+02   
 8.701259E+02   
 8.233953E+02   
 7.781755E+02   
 7.344669E+02   
 6.922672E+02   
 6.515717E+02   
 6.123730E+02   
 5.746617E+02   
 5.384260E+02   
 5.036521E+02   
 4.703244E+02   
 4.384253E+02   
 4.079355E+02   
 3.788341E+02   
 3.510987E+02   
 3.247053E+02   
 2.996290E+02   
 2.758432E+02   
 2.533203E+02   
 2.320319E+02   
 2.119484E+02   
 1.930392E+02   
 1.752731E+02   
 1.586181E+02   
 1.430414E+02   
 1.285097E+02   
 1.149892E+02   
 1.024453E+02   
 9.084336E+01   
 8.014798E+01   
 7.032361E+01   
 6.133429E+01   
 5.314384E+01   
 4.571578E+01   
 3.901346E+01   
 3.300004E+01   
 2.763851E+01   
 2.289173E+01   
 1.872246E+01   
 1.509337E+01   
 1.196703E+01   
 9.305988E+00   
 7.072708E+00   
 5.229635E+00   
 3.739177E+00   
 2.563725E+00   
 1.665651E+00   
 1.007319E+00   
 5.510821E-01   
 2.592918E-01   
 9.429563E-02   
 1.843992E-02   
-5.929753E-03   
-1.646807E-02   
-5.082980E-02   
-1.466697E-01   
-3.416420E-01   
-6.734006E-01   
-1.179597E+00   
-1.897881E+00   
-2.865896E+00   
-4.121276E+00   
-5.701647E+00   
-7.644615E+00   
-9.987761E+00   
-1.276864E+01   
-1.602476E+01   
-1.979358E+01   
-2.411250E+01   
-2.901883E+01   
-3.454979E+01   
-4.074249E+01   
-4.763388E+01   
-5.526077E+01   
-6.365977E+01   
-7.286728E+01   
-8.291943E+01   
-9.385208E+01   
-1.057007E+02   
-1.185006E+02   
-1.322863E+02   
-1.470923E+02   
-1.629522E+02   
-1.798991E+02   
-1.979658E+02   
-2.171839E+02   
-2.375847E+02   
-2.591982E+02   
-2.820539E+02   
-3.061800E+02   
-3.316038E+02   
-3.583515E+02   
-3.864477E+02   
-4.159161E+02   
-4.467786E+02   
-4.790557E+02   
-5.127663E+02   
-5.479274E+02   
-5.845543E+02   
-6.226601E+02   
-6.622561E+02   
-7.033511E+02   
-7.459518E+02   
-7.900623E+02   
-8.356843E+02   
-8.828166E+02   
-9.314554E+02   
-9.815939E+02   
-1.033222E+03   
-1.086327E+03   
-1.140893E+03   
-1.196900E+03   
-1.254325E+03   
-1.313142E+03   
-1.373320E+03   
-1.434824E+03   
-1.497619E+03   
-1.561661E+03   
-1.626905E+03   
-1.693301E+03   
-1.760796E+03   
-1.829332E+03   
-1.898848E+03   
-1.969276E+03   
-2.040548E+03   
-2.112590E+03   
-2.185322E+03   
-2.258664E+03   
-2.332529E+03   
-2.406828E+03   
-2.481467E+03   
-2.556350E+03   
-2.631376E+03   
-2.706442E+03   
-2.781441E+03   
-2.856264E+03   
-2.930799E+03   
-3.004930E+03   
-3.078542E+03   
-3.151516E+03   
-3.223732E+03   
-3.295067E+03   
-3.365401E+03   
-3.434610E+03   
-3.502570E+03   
-3.569158E+03   
-3.634252E+03   
-3.697729E+03   
-3.759468E+03   
-3.819351E+03   
-3.877259E+03   
-3.933079E+03   
-3.986697E+03   
-4.038006E+03   
-4.086898E+03   
-4.133273E+03   
-4.177034E+03   
-4.218088E+03   
-4.256347E+03   
-4.291728E+03   
-4.324157E+03   
-4.353560E+03   
-4.379875E+03   
-4.403043E+03   
-4.423012E+03   
-4.439739E+03   
-4.453186E+03   
-4.463323E+03   
-4.470127E+03   
-4.473583E+03   
-4.473683E+03   
-4.470427E+03   
-4.463822E+03   
-4.453883E+03   
-4.440633E+03   
-4.424101E+03   
-4.404324E+03   
-4.381345E+03   
-4.355217E+03   
-4.325996E+03   
-4.293747E+03   
-4.258540E+03   
-4.220452E+03   
-4.179563E+03   
-4.135963E+03   
-4.089742E+03   
-4.040998E+03   
-3.989833E+03   
-3.936351E+03   
-3.880661E+03   
-3.822876E+03   
-3.763110E+03   
-3.701481E+03   
-3.638107E+03   
-3.573109E+03   
-3.506609E+03   
-3.438730E+03   
-3.369596E+03   
-3.299329E+03   
-3.228052E+03   
-3.155889E+03   
-3.082961E+03   
-3.009387E+03   
-2.935286E+03   
-2.860776E+03   
-2.785971E+03   
-2.710982E+03   
-2.635921E+03   
-2.560893E+03   
-2.486002E+03   
-2.411348E+03   
-2.337030E+03   
-2.263139E+03   
-2.189767E+03   
-2.116998E+03   
-2.044917E+03   
-1.973599E+03   
-1.903121E+03   
-1.833551E+03   
-1.764957E+03   
-1.697400E+03   
-1.630939E+03   
-1.565626E+03   
-1.501513E+03   
-1.438644E+03   
-1.377063E+03   
-1.316806E+03   
-1.257908E+03   
-1.200400E+03   
-1.144308E+03   
-1.089656E+03   
-1.036464E+03   
-9.847467E+02   
-9.345189E+02   
-8.857901E+02   
-8.385673E+02   
-7.928546E+02   
-7.486531E+02   
-7.059615E+02   
-6.647757E+02   
-6.250893E+02   
-5.868934E+02   
-5.501772E+02   
-5.149274E+02   
-4.811290E+02   
-4.487650E+02   
-4.178168E+02   
-3.882638E+02   
-3.600841E+02   
-3.332545E+02   
-3.077501E+02   
-2.835449E+02   
-2.606117E+02   
-2.389223E+02   
-2.184474E+02   
-1.991569E+02   
-1.810197E+02   
-1.640041E+02   
-1.480774E+02   
-1.332067E+02   
-1.193581E+02   
-1.064975E+02   
-9.459004E+01   
-8.360074E+01   
-7.349403E+01   
-6.423410E+01   
-5.578482E+01   
-4.810981E+01   
-4.117248E+01   
-3.493604E+01   
-2.936354E+01   
-2.441788E+01   
-2.006185E+01   
-1.625814E+01   
-1.296937E+01   
-1.015808E+01   
-7.786769E+00   
-5.817879E+00   
-4.213834E+00   
-2.937029E+00   
-1.949843E+00   
-1.214640E+00   
-6.937797E-01   
-3.496121E-01   
-1.444860E-01   
-4.074835E-02   
-7.447615E-04   
 1.317932E-02   
 3.867866E-02   
 1.134080E-01   
 2.750218E-01   
 5.611741E-01   
 1.009517E+00   
 1.657702E+00   
 2.543373E+00   
 3.704169E+00   
 5.177718E+00   
 7.001633E+00   
 9.213504E+00   
 1.185089E+01   
 1.495133E+01   
 1.855228E+01   
 2.269118E+01   
 2.740535E+01   
 3.273205E+01   
 3.870843E+01   
 4.537149E+01   
 5.275809E+01   
 6.090491E+01   
 6.984841E+01   
 7.962482E+01   
 9.027008E+01   
 1.018198E+02   
 1.143094E+02   
 1.277735E+02   
 1.422467E+02   
 1.577630E+02   
 1.743556E+02   
 1.920573E+02   
 2.109002E+02   
 2.309156E+02   
 2.521340E+02   
 2.745852E+02   
 2.982976E+02   
 3.232989E+02   
 3.496157E+02   
 3.772730E+02   
 4.062950E+02   
 4.367040E+02   
 4.685210E+02   
 5.017656E+02   
 5.364552E+02   
 5.726057E+02   
 6.102311E+02   
 6.493431E+02   
 6.899514E+02   
 7.320634E+02   
 7.756840E+02   
 8.208157E+02   
 8.674583E+02   
 9.156088E+02   
 9.652613E+02   
 1.016407E+03   
 1.069034E+03   
 1.123128E+03   
 1.178669E+03   
 1.235635E+03   
 1.294002E+03   
 1.353741E+03   
 1.414818E+03   
 1.477196E+03   
 1.540837E+03   
 1.605694E+03   
 1.671720E+03   
 1.738863E+03   
 1.807066E+03   
 1.876268E+03   
 1.946405E+03   
 2.017408E+03   
 2.089205E+03   
 2.161719E+03   
 2.234869E+03   
 2.308571E+03   
 2.382735E+03   
 2.457271E+03   
 2.532081E+03   
 2.607068E+03   
 2.682129E+03   
 2.757157E+03   
 2.832045E+03   
 2.906680E+03   
 2.980951E+03   
 3.054739E+03   
 3.127928E+03   
 3.200398E+03   
 3.272028E+03   
 3.342695E+03   
 3.412276E+03   
 3.480650E+03   
 3.547691E+03   
 3.613278E+03   
 3.677287E+03   
 3.739598E+03   
 3.800091E+03   
 3.858647E+03   
 3.915151E+03   
 3.969491E+03   
 4.021555E+03   
 4.071237E+03   
 4.118435E+03   
 4.163049E+03   
 4.204986E+03   
 4.244156E+03   
 4.280475E+03   
 4.313865E+03   
 4.344253E+03   
 4.371572E+03   
 4.395763E+03   
 4.416771E+03   
 4.434551E+03   
 4.449062E+03   
 4.460272E+03   
 4.468156E+03   
 4.472696E+03   
 4.473883E+03   
 4.471713E+03   
 4.466191E+03   
 4.457330E+03   
 4.445150E+03   
 4.429677E+03   
 4.410947E+03   
 4.389001E+03   
 4.363888E+03   