 1.300000E-03   
 1.300000E-03   
 1.300000E-03   
 1.300000E-03   
 1.300000E-03   
 1.300000E-03   
 1.300000E-03   
 1.299999E-03   
 1.299999E-03   
 1.299999E-03   
 1.299999E-03   
 1.299998E-03   
 1.299998E-03   
 1.299997E-03   
 1.299996E-03   
 1.299995E-03   
 1.299994E-03   
 1.299993E-03   
 1.299991E-03   
 1.299990E-03   
 1.299987E-03   
 1.299985E-03   
 1.299983E-03   
 1.299980E-03   
 1.299976E-03   
 1.299972E-03   
 1.299968E-03   
 1.299963E-03   
 1.299958E-03   
 1.299952E-03   
 1.299946E-03   
 1.299939E-03   
 1.299931E-03   
 1.299922E-03   
 1.299913E-03   
 1.299903E-03   
 1.299891E-03   
 1.299879E-03   
 1.299866E-03   
 1.299852E-03   
 1.299836E-03   
 1.299820E-03   
 1.299802E-03   
 1.299783E-03   
 1.299762E-03   
 1.299739E-03   
 1.299716E-03   
 1.299690E-03   
 1.299663E-03   
 1.299634E-03   
 1.299602E-03   
 1.299569E-03   
 1.299534E-03   
 1.299496E-03   
 1.299456E-03   
 1.299414E-03   
 1.299369E-03   
 1.299322E-03   
 1.299271E-03   
 1.299218E-03   
 1.299162E-03   
 1.299102E-03   
 1.299039E-03   
 1.298973E-03   
 1.298903E-03   
 1.298829E-03   
 1.298752E-03   
 1.298670E-03   
 1.298585E-03   
 1.298494E-03   
 1.298400E-03   
 1.298300E-03   
 1.298196E-03   
 1.298086E-03   
 1.297971E-03   
 1.297851E-03   
 1.297725E-03   
 1.297593E-03   
 1.297455E-03   
 1.297310E-03   
 1.297159E-03   
 1.297001E-03   
 1.296836E-03   
 1.296664E-03   
 1.296484E-03   
 1.296296E-03   
 1.296100E-03   
 1.295895E-03   
 1.295682E-03   
 1.295459E-03   
 1.295228E-03   
 1.294986E-03   
 1.294735E-03   
 1.294473E-03   
 1.294200E-03   
 1.293917E-03   
 1.293622E-03   
 1.293315E-03   
 1.292995E-03   
 1.292664E-03   
 1.292319E-03   
 1.291961E-03   
 1.291588E-03   
 1.291202E-03   
 1.290801E-03   
 1.290384E-03   
 1.289951E-03   
 1.289503E-03   
 1.289037E-03   
 1.288554E-03   
 1.288053E-03   
 1.287534E-03   
 1.286996E-03   
 1.286438E-03   
 1.285860E-03   
 1.285261E-03   
 1.284640E-03   
 1.283998E-03   
 1.283332E-03   
 1.282643E-03   
 1.281930E-03   
 1.281192E-03   
 1.280428E-03   
 1.279637E-03   
 1.278820E-03   
 1.277974E-03   
 1.277099E-03   
 1.276195E-03   
 1.275260E-03   
 1.274293E-03   
 1.273294E-03   
 1.272262E-03   
 1.271195E-03   
 1.270093E-03   
 1.268955E-03   
 1.267779E-03   
 1.266565E-03   
 1.265311E-03   
 1.264017E-03   
 1.262681E-03   
 1.261302E-03   
 1.259879E-03   
 1.258411E-03   
 1.256896E-03   
 1.255333E-03   
 1.253722E-03   
 1.252059E-03   
 1.250345E-03   
 1.248578E-03   
 1.246756E-03   
 1.244878E-03   
 1.242942E-03   
 1.240947E-03   
 1.238892E-03   
 1.236774E-03   
 1.234593E-03   
 1.232346E-03   
 1.230032E-03   
 1.227649E-03   
 1.225196E-03   
 1.222670E-03   
 1.220070E-03   
 1.217394E-03   
 1.214640E-03   
 1.211807E-03   
 1.208891E-03   
 1.205892E-03   
 1.202807E-03   
 1.199634E-03   
 1.196371E-03   
 1.193017E-03   
 1.189568E-03   
 1.186023E-03   
 1.182379E-03   
 1.178634E-03   
 1.174786E-03   
 1.170833E-03   
 1.166771E-03   
 1.162600E-03   
 1.158315E-03   
 1.153916E-03   
 1.149399E-03   
 1.144761E-03   
 1.140001E-03   
 1.135116E-03   
 1.130102E-03   
 1.124958E-03   
 1.119681E-03   
 1.114267E-03   
 1.108715E-03   
 1.103021E-03   
 1.097183E-03   
 1.091197E-03   
 1.085062E-03   
 1.078774E-03   
 1.072329E-03   
 1.065727E-03   
 1.058962E-03   
 1.052033E-03   
 1.044937E-03   
 1.037670E-03   
 1.030229E-03   
 1.022612E-03   
 1.014815E-03   
 1.006836E-03   
 9.986712E-04   
 9.903178E-04   
 9.817727E-04   
 9.730328E-04   
 9.640952E-04   
 9.549567E-04   
 9.456144E-04   
 9.360651E-04   
 9.263060E-04   
 9.163339E-04   
 9.061459E-04   
 8.957389E-04   
 8.851101E-04   
 8.742564E-04   
 8.631750E-04   
 8.518629E-04   
 8.403172E-04   
 8.285352E-04   
 8.165140E-04   
 8.042508E-04   
 7.917429E-04   
 7.789876E-04   
 7.659823E-04   
 7.527244E-04   
 7.392113E-04   
 7.254406E-04   
 7.114097E-04   
 6.971164E-04   
 6.825583E-04   
 6.677332E-04   
 6.526389E-04   
 6.372734E-04   
 6.216345E-04   
 6.057204E-04   
 5.895292E-04   
 5.730592E-04   
 5.563086E-04   
 5.392759E-04   
 5.219597E-04   
 5.043586E-04   
 4.864713E-04   
 4.682966E-04   
 4.498336E-04   
 4.310812E-04   
 4.120388E-04   
 3.927057E-04   
 3.730813E-04   
 3.531653E-04   
 3.329574E-04   
 3.124575E-04   
 2.916657E-04   
 2.705821E-04   
 2.492072E-04   
 2.275415E-04   
 2.055856E-04   
 1.833405E-04   
 1.608072E-04   
 1.379869E-04   
 1.148811E-04   
 9.149149E-05   
 6.781979E-05   
 4.386805E-05   
 1.963855E-05   
-4.866278E-06   
-2.964373E-05   
-5.469091E-05   
-8.000466E-05   
-1.055816E-04   
-1.314181E-04   
-1.575103E-04   
-1.838540E-04   
-2.104449E-04   
-2.372782E-04   
-2.643491E-04   
-2.916523E-04   
-3.191824E-04   
-3.469334E-04   
-3.748993E-04   
-4.030738E-04   
-4.314500E-04   
-4.600211E-04   
-4.887795E-04   
-5.177177E-04   
-5.468276E-04   
-5.761009E-04   
-6.055288E-04   
-6.351024E-04   
-6.648122E-04   
-6.946485E-04   
-7.246011E-04   
-7.546595E-04   
-7.848129E-04   
-8.150499E-04   
-8.453590E-04   
-8.757282E-04   
-9.061450E-04   
-9.365966E-04   
-9.670698E-04   
-9.975511E-04   
-1.028026E-03   
-1.058481E-03   
-1.088901E-03   
-1.119271E-03   
-1.149575E-03   
-1.179797E-03   
-1.209921E-03   
-1.239930E-03   
-1.269808E-03   
-1.299536E-03   
-1.329098E-03   
-1.358474E-03   
-1.387648E-03   
-1.416599E-03   
-1.445309E-03   
-1.473759E-03   
-1.501929E-03   
-1.529801E-03   
-1.557353E-03   
-1.584566E-03   
-1.611421E-03   
-1.637896E-03   
-1.663973E-03   
-1.689630E-03   
-1.714849E-03   
-1.739608E-03   
-1.763890E-03   
-1.787674E-03   
-1.810941E-03   
-1.833674E-03   
-1.855854E-03   
-1.877464E-03   
-1.898488E-03   
-1.918909E-03   
-1.938713E-03   
-1.957885E-03   
-1.976414E-03   
-1.994287E-03   
-2.011494E-03   
-2.028026E-03   
-2.043876E-03   
-2.059038E-03   
-2.073509E-03   
-2.087285E-03   
-2.100367E-03   
-2.112756E-03   
-2.124455E-03   
-2.135472E-03   
-2.145812E-03   
-2.155486E-03   
-2.164506E-03   
-2.172886E-03   
-2.180640E-03   
-2.187788E-03   
-2.194347E-03   
-2.200338E-03   
-2.205783E-03   
-2.210705E-03   
-2.215126E-03   
-2.219072E-03   
-2.222564E-03   
-2.225628E-03   
-2.228284E-03   
-2.230555E-03   
-2.232460E-03   
-2.234017E-03   
-2.235241E-03   
-2.236144E-03   
-2.236738E-03   
-2.237027E-03   
-2.237015E-03   
-2.236702E-03   
-2.236084E-03   
-2.235153E-03   
-2.233899E-03   
-2.232308E-03   
-2.230364E-03   
-2.228049E-03   
-2.225340E-03   
-2.222214E-03   
-2.218648E-03   
-2.214616E-03   
-2.210091E-03   
-2.205047E-03   
-2.199458E-03   
-2.193297E-03   
-2.186539E-03   
-2.179159E-03   
-2.171135E-03   
-2.162443E-03   
-2.153063E-03   
-2.142978E-03   
-2.132168E-03   
-2.120621E-03   
-2.108321E-03   
-2.095260E-03   
-2.081426E-03   
-2.066814E-03   
-2.051418E-03   
-2.035235E-03   
-2.018265E-03   
-2.000508E-03   
-1.981968E-03   
-1.962648E-03   
-1.942554E-03   
-1.921696E-03   
-1.900081E-03   
-1.877721E-03   
-1.854628E-03   
-1.830815E-03   
-1.806298E-03   
-1.781090E-03   
-1.755210E-03   
-1.728674E-03   
-1.701500E-03   
-1.673709E-03   
-1.645318E-03   
-1.616349E-03   
-1.586822E-03   
-1.556758E-03   
-1.526179E-03   
-1.495105E-03   
-1.463560E-03   
-1.431566E-03   
-1.399144E-03   
-1.366316E-03   
-1.333106E-03   
-1.299536E-03   
-1.265628E-03   
-1.231403E-03   
-1.196885E-03   
-1.162096E-03   
-1.127057E-03   
-1.091789E-03   
-1.056315E-03   
-1.020655E-03   
-9.848313E-04   
-9.488634E-04   
-9.127721E-04   
-8.765776E-04   
-8.402996E-04   
-8.039576E-04   
-7.675710E-04   
-7.311584E-04   
-6.947384E-04   
-6.583292E-04   
-6.219485E-04   
-5.856139E-04   
-5.493423E-04   
-5.131505E-04   
-4.770549E-04   
-4.410714E-04   
-4.052157E-04   
-3.695029E-04   
-3.339480E-04   
-2.985654E-04   
-2.633693E-04   
-2.283734E-04   
-1.935911E-04   
-1.590354E-04   
-1.247189E-04   
-9.065389E-05   
-5.685229E-05   
-2.332565E-05   
 9.914876E-06   
 4.285845E-05   
 7.549461E-05   
 1.078133E-04   
 1.398046E-04   
 1.714593E-04   
 2.027682E-04   
 2.337227E-04   
 2.643143E-04   
 2.945350E-04   
 3.243771E-04   
 3.538332E-04   
 3.828962E-04   
 4.115595E-04   
 4.398166E-04   
 4.676614E-04   
 4.950882E-04   
 5.220914E-04   
 5.486658E-04   
 5.748067E-04   
 6.005094E-04   
 6.257697E-04   
 6.505834E-04   
 6.749470E-04   
 6.988569E-04   
 7.223100E-04   
 7.453033E-04   
 7.678342E-04   
 7.899003E-04   
 8.114995E-04   
 8.326298E-04   
 8.532895E-04   
 8.734773E-04   
 8.931918E-04   
 9.124320E-04   
 9.311972E-04   
 9.494868E-04   
 9.673003E-04   
 9.846375E-04   
 1.001498E-03   
 1.017883E-03   
 1.033792E-03   
 1.049225E-03   
 1.064183E-03   
 1.078667E-03   
 1.092678E-03   
 1.106216E-03   
 1.119283E-03   
 1.131880E-03   
 1.144008E-03   
 1.155668E-03   
 1.166862E-03   
 1.177591E-03   
 1.187858E-03   
 1.197663E-03   
 1.207008E-03   
 1.215895E-03   
 1.224325E-03   
 1.232301E-03   
 1.239823E-03   
 1.246894E-03   
 1.253516E-03   
 1.259690E-03   
 1.265417E-03   
 1.270700E-03   
 1.275540E-03   
 1.279939E-03   
 1.283898E-03   
 1.287418E-03   
 1.290502E-03   
 1.293151E-03   
 1.295366E-03   
 1.297148E-03   
 1.298499E-03   
 1.299419E-03   
 1.299911E-03   
 1.299974E-03   
 1.299610E-03   
 1.298820E-03   
 1.297605E-03   
 1.295966E-03   
 1.293902E-03   
 1.291415E-03   
 1.288506E-03   
 1.285175E-03   
 1.281422E-03   
 1.277247E-03   
 1.272652E-03   
 1.267636E-03   
 1.262199E-03   
 1.256342E-03   
 1.250065E-03   
 1.243368E-03   
 1.236250E-03   
 1.228712E-03   
 1.220754E-03   
 1.212375E-03   
 1.203576E-03   
 1.194356E-03   
 1.184716E-03   
 1.174654E-03   
 1.164171E-03   
 1.153266E-03   
 1.141940E-03   
 1.130192E-03   
 1.118022E-03   
 1.105429E-03   
 1.092415E-03   
 1.078977E-03   
 1.065117E-03   
 1.050834E-03   
 1.036128E-03   
 1.021000E-03   
 1.005448E-03   
 9.894742E-04   
 9.730775E-04   
 9.562584E-04   
 9.390172E-04   
 9.213543E-04   
 9.032702E-04   
 8.847652E-04   
 8.658401E-04   
 8.464955E-04   
 8.267322E-04   
 8.065512E-04   
 7.859535E-04   
 7.649402E-04   
 7.435126E-04   
 7.216721E-04   
 6.994202E-04   
 6.767586E-04   
 6.536891E-04   
 6.302137E-04   
 6.063345E-04   
 5.820539E-04   
 5.573743E-04   
 5.322983E-04   
 5.068289E-04   
 4.809690E-04   
 4.547219E-04   
 4.280910E-04   
 4.010800E-04   
 3.736927E-04   
 3.459333E-04   
 3.178060E-04   
 2.893155E-04   
 2.604666E-04   
 2.312644E-04   
 2.017142E-04   
 1.718216E-04   
 1.415925E-04   
 1.110332E-04   
 8.015009E-05   
 4.894997E-05   
 1.743993E-05   
-1.437259E-05   
-4.647985E-05   
-7.887378E-05   
-1.115459E-04   
-1.444875E-04   
-1.776895E-04   
-2.111422E-04   
-2.448358E-04   
-2.787600E-04   
-3.129042E-04   
-3.472573E-04   
-3.818077E-04   
-4.165437E-04   
-4.514527E-04   
-4.865222E-04   
-5.217389E-04   
-5.570891E-04   
-5.925587E-04   
-6.281331E-04   
-6.637974E-04   
-6.995359E-04   
-7.353327E-04   
-7.711714E-04   
-8.070349E-04   
-8.429058E-04   
-8.787661E-04   
-9.145976E-04   
-9.503811E-04   
-9.860974E-04   
-1.021726E-03   
-1.057248E-03   
-1.092641E-03   
-1.127884E-03   
-1.162956E-03   
-1.197834E-03   
-1.232495E-03   
-1.266917E-03   
-1.301076E-03   
-1.334948E-03   
-1.368508E-03   
-1.401733E-03   
-1.434598E-03   
-1.467077E-03   
-1.499145E-03   
-1.530777E-03   
-1.561948E-03   
-1.592631E-03   
-1.622801E-03   
-1.652433E-03   
-1.681501E-03   
-1.709981E-03   
-1.737848E-03   
-1.765077E-03   
-1.791646E-03   
-1.817530E-03   
-1.842708E-03   
-1.867159E-03   
-1.890863E-03   
-1.913800E-03   
-1.935952E-03   
-1.957305E-03   
-1.977843E-03   
-1.997553E-03   
-2.016426E-03   
-2.034451E-03   
-2.051624E-03   
-2.067940E-03   
-2.083398E-03   
-2.097999E-03   
-2.111747E-03   
-2.124649E-03   
-2.136714E-03   
-2.147956E-03   
-2.158390E-03   
-2.168033E-03   
-2.176907E-03   
-2.185035E-03   
-2.192443E-03   
-2.199159E-03   
-2.205211E-03   
-2.210631E-03   
-2.215451E-03   
-2.219701E-03   
-2.223413E-03   
-2.226619E-03   
-2.229349E-03   
-2.231628E-03   
-2.233483E-03   
-2.234934E-03   
-2.236000E-03   
-2.236694E-03   
-2.237026E-03   
-2.237000E-03   
-2.236615E-03   
-2.235866E-03   
-2.234742E-03   
-2.233228E-03   
-2.231305E-03   
-2.228950E-03   
-2.226137E-03   
-2.222835E-03   
-2.219013E-03   
-2.214638E-03   
-2.209676E-03   
-2.204090E-03   
-2.197846E-03   
-2.190909E-03   
-2.183246E-03   
-2.174824E-03   
-2.165611E-03   
-2.155579E-03   
-2.144702E-03   
-2.132954E-03   
-2.120315E-03   
-2.106764E-03   
-2.092287E-03   
-2.076868E-03   
-2.060498E-03   
-2.043168E-03   
-2.024873E-03   
-2.005612E-03   
-1.985384E-03   
-1.964191E-03   
-1.942040E-03   
-1.918938E-03   
-1.894894E-03   
-1.869920E-03   
-1.844030E-03   
-1.817240E-03   
-1.789567E-03   
-1.761028E-03   
-1.731646E-03   
-1.701440E-03   
-1.670434E-03   
-1.638652E-03   
-1.606116E-03   
-1.572854E-03   
-1.538892E-03   
-1.504254E-03   
-1.468970E-03   
-1.433067E-03   
-1.396572E-03   
-1.359513E-03   
-1.321920E-03   
-1.283822E-03   
-1.245245E-03   
-1.206221E-03   
-1.166776E-03   
-1.126941E-03   
-1.086743E-03   
-1.046211E-03   
-1.005374E-03   
-9.642592E-04   
-9.228954E-04   
-8.813100E-04   
-8.395305E-04   
-7.975841E-04   
-7.554978E-04   
-7.132982E-04   
-6.710116E-04   
-6.286641E-04   
-5.862813E-04   
-5.438887E-04   
-5.015111E-04   
-4.591733E-04   
-4.168996E-04   
-3.747141E-04   
-3.326404E-04   
-2.907017E-04   
-2.489211E-04   
-2.073212E-04   
-1.659242E-04   
-1.247522E-04   
-8.382662E-05   
-4.316886E-05   
-2.799857E-06   
 3.725976E-05   
 7.698968E-05   
 1.163699E-04   
 1.553808E-04   
 1.940029E-04   
 2.322172E-04   
 2.700049E-04   
 3.073475E-04   
 3.442270E-04   
 3.806254E-04   
 4.165251E-04   
 4.519089E-04   
 4.867598E-04   
 5.210611E-04   
 5.547964E-04   
 5.879497E-04   
 6.205051E-04   
 6.524473E-04   
 6.837610E-04   
 7.144314E-04   
 7.444440E-04   
 7.737847E-04   
 8.024397E-04   
 8.303955E-04   
 8.576391E-04   
 8.841577E-04   
 9.099391E-04   
 9.349714E-04   
 9.592431E-04   
 9.827433E-04   
 1.005461E-03   
 1.027387E-03   
 1.048512E-03   
 1.068825E-03   
 1.088319E-03   
 1.106986E-03   
 1.124819E-03   
 1.141809E-03   
 1.157952E-03   
 1.173242E-03   
 1.187673E-03   
 1.201240E-03   
 1.213941E-03   
 1.225772E-03   
 1.236729E-03   
 1.246812E-03   
 1.256019E-03   
 1.264349E-03   
 1.271801E-03   
 1.278377E-03   
 1.284076E-03   
 1.288901E-03   
 1.292854E-03   
 1.295937E-03   
 1.298153E-03   
 1.299505E-03   
 1.299998E-03   
 1.299636E-03   
 1.298423E-03   
 1.296365E-03   
 1.293468E-03   
 1.289736E-03   
 1.285176E-03   
 1.279794E-03   
 1.273598E-03   
 1.266593E-03   
 1.258786E-03   
 1.250185E-03   
 1.240797E-03   
 1.230629E-03   
 1.219690E-03   
 1.207985E-03   
 1.195524E-03   
 1.182314E-03   
 1.168362E-03   
 1.153677E-03   
 1.138266E-03   
 1.122138E-03   
 1.105300E-03   
 1.087761E-03   
 1.069528E-03   
 1.050609E-03   
 1.031013E-03   
 1.010747E-03   
 9.898199E-04   
 9.682395E-04   
 9.460139E-04   
 9.231514E-04   
 8.996600E-04   
 8.755481E-04   
 8.508239E-04   
 8.254959E-04   
 7.995723E-04   
 7.730618E-04   
 7.459729E-04   
 7.183142E-04   
 6.900945E-04   
 6.613228E-04   
 6.320081E-04   
 6.021594E-04   
 5.717860E-04   
 5.408976E-04   
 5.095035E-04   
 4.776138E-04   
 4.452383E-04   
 4.123873E-04   
 3.790712E-04   
 3.453007E-04   
 3.110867E-04   
 2.764404E-04   
 2.413732E-04   
 2.058969E-04   
 1.700235E-04   
 1.337654E-04   
 9.713524E-05   
 6.014603E-05   
 2.281118E-05   
-1.485557E-05   
-5.284009E-05   
-9.112786E-05   
-1.297039E-04   
-1.685530E-04   
-2.076591E-04   
-2.470062E-04   
-2.865775E-04   
-3.263559E-04   
-3.663236E-04   
-4.064626E-04   
-4.467542E-04   
-4.871791E-04   
-5.277177E-04   
-5.683498E-04   
-6.090545E-04   
-6.498106E-04   
-6.905961E-04   
-7.313885E-04   
-7.721648E-04   
-8.129015E-04   
-8.535742E-04   
-8.941584E-04   
-9.346285E-04   
-9.749589E-04   
-1.015123E-03   
-1.055094E-03   
-1.094843E-03   
-1.134344E-03   
-1.173567E-03   
-1.212484E-03   
-1.251065E-03   
-1.289279E-03   
-1.327097E-03   
-1.364487E-03   
-1.401420E-03   
-1.437862E-03   
-1.473784E-03   
-1.509154E-03   
-1.543939E-03   
-1.578108E-03   
-1.611630E-03   
-1.644474E-03   
-1.676608E-03   
-1.708003E-03   
-1.738628E-03   
-1.768455E-03   
-1.797454E-03   
-1.825600E-03   
-1.852867E-03   
-1.879229E-03   
-1.904665E-03   
-1.929154E-03   
-1.952676E-03   
-1.975215E-03   
-1.996758E-03   
-2.017293E-03   
-2.036811E-03   
-2.055307E-03   
-2.072780E-03   
-2.089231E-03   
-2.104664E-03   
-2.119090E-03   
-2.132520E-03   
-2.144971E-03   
-2.156464E-03   
-2.167022E-03   
-2.176672E-03   
-2.185447E-03   
-2.193378E-03   
-2.200504E-03   
-2.206861E-03   
-2.212491E-03   
-2.217433E-03   
-2.221728E-03   
-2.225417E-03   
-2.228537E-03   
-2.231125E-03   
-2.233213E-03   
-2.234828E-03   
-2.235994E-03   
-2.236730E-03   
-2.237045E-03   
-2.236945E-03   
-2.236428E-03   