-2.096000E-02   
-2.096000E-02   
-2.096000E-02   
-2.096000E-02   
-2.096000E-02   
-2.096000E-02   
-2.096000E-02   
-2.096000E-02   
-2.096000E-02   
-2.096000E-02   
-2.096000E-02   
-2.096000E-02   
-2.096000E-02   
-2.096001E-02   
-2.096001E-02   
-2.096001E-02   
-2.096001E-02   
-2.096001E-02   
-2.096002E-02   
-2.096002E-02   
-2.096003E-02   
-2.096003E-02   
-2.096004E-02   
-2.096004E-02   
-2.096005E-02   
-2.096006E-02   
-2.096007E-02   
-2.096007E-02   
-2.096009E-02   
-2.096010E-02   
-2.096011E-02   
-2.096013E-02   
-2.096014E-02   
-2.096016E-02   
-2.096018E-02   
-2.096020E-02   
-2.096022E-02   
-2.096025E-02   
-2.096027E-02   
-2.096030E-02   
-2.096033E-02   
-2.096037E-02   
-2.096040E-02   
-2.096044E-02   
-2.096049E-02   
-2.096053E-02   
-2.096058E-02   
-2.096063E-02   
-2.096069E-02   
-2.096075E-02   
-2.096081E-02   
-2.096088E-02   
-2.096095E-02   
-2.096103E-02   
-2.096111E-02   
-2.096120E-02   
-2.096129E-02   
-2.096139E-02   
-2.096149E-02   
-2.096160E-02   
-2.096171E-02   
-2.096183E-02   
-2.096196E-02   
-2.096210E-02   
-2.096224E-02   
-2.096239E-02   
-2.096255E-02   
-2.096272E-02   
-2.096289E-02   
-2.096308E-02   
-2.096327E-02   
-2.096347E-02   
-2.096369E-02   
-2.096391E-02   
-2.096414E-02   
-2.096439E-02   
-2.096465E-02   
-2.096492E-02   
-2.096520E-02   
-2.096549E-02   
-2.096580E-02   
-2.096613E-02   
-2.096646E-02   
-2.096682E-02   
-2.096718E-02   
-2.096757E-02   
-2.096797E-02   
-2.096839E-02   
-2.096882E-02   
-2.096928E-02   
-2.096975E-02   
-2.097024E-02   
-2.097076E-02   
-2.097129E-02   
-2.097185E-02   
-2.097243E-02   
-2.097303E-02   
-2.097366E-02   
-2.097431E-02   
-2.097499E-02   
-2.097570E-02   
-2.097643E-02   
-2.097719E-02   
-2.097798E-02   
-2.097880E-02   
-2.097965E-02   
-2.098054E-02   
-2.098146E-02   
-2.098241E-02   
-2.098340E-02   
-2.098442E-02   
-2.098548E-02   
-2.098659E-02   
-2.098773E-02   
-2.098891E-02   
-2.099014E-02   
-2.099141E-02   
-2.099272E-02   
-2.099409E-02   
-2.099550E-02   
-2.099696E-02   
-2.099847E-02   
-2.100004E-02   
-2.100166E-02   
-2.100333E-02   
-2.100506E-02   
-2.100686E-02   
-2.100871E-02   
-2.101063E-02   
-2.101261E-02   
-2.101466E-02   
-2.101678E-02   
-2.101897E-02   
-2.102123E-02   
-2.102356E-02   
-2.102598E-02   
-2.102847E-02   
-2.103105E-02   
-2.103370E-02   
-2.103645E-02   
-2.103928E-02   
-2.104221E-02   
-2.104523E-02   
-2.104834E-02   
-2.105156E-02   
-2.105487E-02   
-2.105829E-02   
-2.106182E-02   
-2.106546E-02   
-2.106922E-02   
-2.107309E-02   
-2.107708E-02   
-2.108119E-02   
-2.108543E-02   
-2.108980E-02   
-2.109430E-02   
-2.109894E-02   
-2.110372E-02   
-2.110865E-02   
-2.111372E-02   
-2.111894E-02   
-2.112432E-02   
-2.112986E-02   
-2.113556E-02   
-2.114143E-02   
-2.114748E-02   
-2.115370E-02   
-2.116010E-02   
-2.116669E-02   
-2.117346E-02   
-2.118044E-02   
-2.118761E-02   
-2.119498E-02   
-2.120257E-02   
-2.121037E-02   
-2.121839E-02   
-2.122664E-02   
-2.123512E-02   
-2.124383E-02   
-2.125279E-02   
-2.126199E-02   
-2.127145E-02   
-2.128117E-02   
-2.129115E-02   
-2.130140E-02   
-2.131193E-02   
-2.132275E-02   
-2.133385E-02   
-2.134525E-02   
-2.135696E-02   
-2.136897E-02   
-2.138130E-02   
-2.139396E-02   
-2.140694E-02   
-2.142027E-02   
-2.143394E-02   
-2.144796E-02   
-2.146234E-02   
-2.147709E-02   
-2.149222E-02   
-2.150772E-02   
-2.152362E-02   
-2.153992E-02   
-2.155662E-02   
-2.157374E-02   
-2.159128E-02   
-2.160925E-02   
-2.162767E-02   
-2.164653E-02   
-2.166585E-02   
-2.168563E-02   
-2.170589E-02   
-2.172664E-02   
-2.174788E-02   
-2.176961E-02   
-2.179186E-02   
-2.181464E-02   
-2.183794E-02   
-2.186178E-02   
-2.188617E-02   
-2.191112E-02   
-2.193663E-02   
-2.196273E-02   
-2.198941E-02   
-2.201670E-02   
-2.204459E-02   
-2.207310E-02   
-2.210224E-02   
-2.213202E-02   
-2.216245E-02   
-2.219355E-02   
-2.222531E-02   
-2.225775E-02   
-2.229089E-02   
-2.232474E-02   
-2.235929E-02   
-2.239457E-02   
-2.243059E-02   
-2.246736E-02   
-2.250489E-02   
-2.254318E-02   
-2.258226E-02   
-2.262213E-02   
-2.266281E-02   
-2.270430E-02   
-2.274662E-02   
-2.278978E-02   
-2.283379E-02   
-2.287867E-02   
-2.292441E-02   
-2.297105E-02   
-2.301858E-02   
-2.306702E-02   
-2.311638E-02   
-2.316668E-02   
-2.321792E-02   
-2.327012E-02   
-2.332329E-02   
-2.337744E-02   
-2.343259E-02   
-2.348874E-02   
-2.354591E-02   
-2.360411E-02   
-2.366335E-02   
-2.372365E-02   
-2.378501E-02   
-2.384745E-02   
-2.391098E-02   
-2.397561E-02   
-2.404135E-02   
-2.410823E-02   
-2.417623E-02   
-2.424539E-02   
-2.431571E-02   
-2.438720E-02   
-2.445987E-02   
-2.453374E-02   
-2.460881E-02   
-2.468510E-02   
-2.476262E-02   
-2.484137E-02   
-2.492137E-02   
-2.500264E-02   
-2.508517E-02   
-2.516898E-02   
-2.525408E-02   
-2.534047E-02   
-2.542817E-02   
-2.551719E-02   
-2.560753E-02   
-2.569920E-02   
-2.579221E-02   
-2.588656E-02   
-2.598227E-02   
-2.607933E-02   
-2.617775E-02   
-2.627755E-02   
-2.637871E-02   
-2.648125E-02   
-2.658516E-02   
-2.669046E-02   
-2.679713E-02   
-2.690519E-02   
-2.701462E-02   
-2.712543E-02   
-2.723762E-02   
-2.735117E-02   
-2.746609E-02   
-2.758237E-02   
-2.769999E-02   
-2.781895E-02   
-2.793924E-02   
-2.806085E-02   
-2.818375E-02   
-2.830793E-02   
-2.843338E-02   
-2.856006E-02   
-2.868796E-02   
-2.881705E-02   
-2.894731E-02   
-2.907869E-02   
-2.921116E-02   
-2.934469E-02   
-2.947923E-02   
-2.961473E-02   
-2.975116E-02   
-2.988845E-02   
-3.002655E-02   
-3.016539E-02   
-3.030491E-02   
-3.044504E-02   
-3.058570E-02   
-3.072680E-02   
-3.086826E-02   
-3.100999E-02   
-3.115188E-02   
-3.129383E-02   
-3.143572E-02   
-3.157744E-02   
-3.171884E-02   
-3.185981E-02   
-3.200018E-02   
-3.213982E-02   
-3.227856E-02   
-3.241623E-02   
-3.255266E-02   
-3.268765E-02   
-3.282102E-02   
-3.295257E-02   
-3.308207E-02   
-3.320931E-02   
-3.333406E-02   
-3.345609E-02   
-3.357514E-02   
-3.369097E-02   
-3.380332E-02   
-3.391193E-02   
-3.401653E-02   
-3.411684E-02   
-3.421260E-02   
-3.430352E-02   
-3.438935E-02   
-3.446980E-02   
-3.454462E-02   
-3.461355E-02   
-3.467635E-02   
-3.473279E-02   
-3.478264E-02   
-3.482573E-02   
-3.486187E-02   
-3.489091E-02   
-3.491273E-02   
-3.492724E-02   
-3.493436E-02   
-3.493407E-02   
-3.492636E-02   
-3.491125E-02   
-3.488880E-02   
-3.485910E-02   
-3.482225E-02   
-3.477840E-02   
-3.472771E-02   
-3.467035E-02   
-3.460652E-02   
-3.453644E-02   
-3.446034E-02   
-3.437844E-02   
-3.429100E-02   
-3.419826E-02   
-3.410048E-02   
-3.399791E-02   
-3.389081E-02   
-3.377944E-02   
-3.366403E-02   
-3.354485E-02   
-3.342213E-02   
-3.329611E-02   
-3.316704E-02   
-3.303513E-02   
-3.290061E-02   
-3.276369E-02   
-3.262458E-02   
-3.248348E-02   
-3.234058E-02   
-3.219608E-02   
-3.205014E-02   
-3.190295E-02   
-3.175465E-02   
-3.160543E-02   
-3.145541E-02   
-3.130476E-02   
-3.115359E-02   
-3.100206E-02   
-3.085027E-02   
-3.069835E-02   
-3.054641E-02   
-3.039456E-02   
-3.024289E-02   
-3.009150E-02   
-2.994049E-02   
-2.978993E-02   
-2.963991E-02   
-2.949050E-02   
-2.934177E-02   
-2.919380E-02   
-2.904663E-02   
-2.890034E-02   
-2.875497E-02   
-2.861058E-02   
-2.846722E-02   
-2.832493E-02   
-2.818375E-02   
-2.804372E-02   
-2.790488E-02   
-2.776726E-02   
-2.763089E-02   
-2.749581E-02   
-2.736203E-02   
-2.722959E-02   
-2.709850E-02   
-2.696879E-02   
-2.684047E-02   
-2.671356E-02   
-2.658809E-02   
-2.646405E-02   
-2.634147E-02   
-2.622035E-02   
-2.610071E-02   
-2.598256E-02   
-2.586589E-02   
-2.575073E-02   
-2.563707E-02   
-2.552492E-02   
-2.541428E-02   
-2.530516E-02   
-2.519756E-02   
-2.509147E-02   
-2.498691E-02   
-2.488386E-02   
-2.478234E-02   
-2.468233E-02   
-2.458384E-02   
-2.448686E-02   
-2.439139E-02   
-2.429743E-02   
-2.420497E-02   
-2.411402E-02   
-2.402455E-02   
-2.393658E-02   
-2.385009E-02   
-2.376508E-02   
-2.368154E-02   
-2.359946E-02   
-2.351885E-02   
-2.343969E-02   
-2.336197E-02   
-2.328569E-02   
-2.321084E-02   
-2.313741E-02   
-2.306539E-02   
-2.299478E-02   
-2.292557E-02   
-2.285774E-02   
-2.279129E-02   
-2.272622E-02   
-2.266250E-02   
-2.260014E-02   
-2.253911E-02   
-2.247943E-02   
-2.242106E-02   
-2.236401E-02   
-2.230826E-02   
-2.225380E-02   
-2.220063E-02   
-2.214873E-02   
-2.209809E-02   
-2.204871E-02   
-2.200056E-02   
-2.195365E-02   
-2.190797E-02   
-2.186349E-02   
-2.182022E-02   
-2.177813E-02   
-2.173723E-02   
-2.169749E-02   
-2.165892E-02   
-2.162149E-02   
-2.158520E-02   
-2.155005E-02   
-2.151601E-02   
-2.148307E-02   
-2.145124E-02   
-2.142049E-02   
-2.139083E-02   
-2.136223E-02   
-2.133469E-02   
-2.130820E-02   
-2.128275E-02   
-2.125833E-02   
-2.123493E-02   
-2.121255E-02   
-2.119117E-02   
-2.117078E-02   
-2.115138E-02   
-2.113296E-02   
-2.111552E-02   
-2.109903E-02   
-2.108351E-02   
-2.106893E-02   
-2.105530E-02   
-2.104260E-02   
-2.103083E-02   
-2.101998E-02   
-2.101005E-02   
-2.100104E-02   
-2.099293E-02   
-2.098572E-02   
-2.097941E-02   
-2.097400E-02   
-2.096947E-02   
-2.096583E-02   
-2.096307E-02   
-2.096119E-02   
-2.096018E-02   
-2.096005E-02   
-2.096080E-02   
-2.096241E-02   
-2.096489E-02   
-2.096824E-02   
-2.097246E-02   
-2.097754E-02   
-2.098350E-02   
-2.099031E-02   
-2.099800E-02   
-2.100655E-02   
-2.101598E-02   
-2.102627E-02   
-2.103744E-02   
-2.104948E-02   
-2.106240E-02   
-2.107620E-02   
-2.109088E-02   
-2.110645E-02   
-2.112291E-02   
-2.114026E-02   
-2.115850E-02   
-2.117765E-02   
-2.119771E-02   
-2.121867E-02   
-2.124055E-02   
-2.126335E-02   
-2.128708E-02   
-2.131174E-02   
-2.133734E-02   
-2.136389E-02   
-2.139138E-02   
-2.141984E-02   
-2.144926E-02   
-2.147965E-02   
-2.151101E-02   
-2.154337E-02   
-2.157672E-02   
-2.161107E-02   
-2.164643E-02   
-2.168281E-02   
-2.172022E-02   
-2.175866E-02   
-2.179815E-02   
-2.183869E-02   
-2.188030E-02   
-2.192297E-02   
-2.196673E-02   
-2.201158E-02   
-2.205752E-02   
-2.210458E-02   
-2.215276E-02   
-2.220207E-02   
-2.225252E-02   
-2.230412E-02   
-2.235688E-02   
-2.241082E-02   
-2.246594E-02   
-2.252225E-02   
-2.257977E-02   
-2.263851E-02   
-2.269847E-02   
-2.275967E-02   
-2.282212E-02   
-2.288584E-02   
-2.295082E-02   
-2.301709E-02   
-2.308466E-02   
-2.315354E-02   
-2.322373E-02   
-2.329525E-02   
-2.336812E-02   
-2.344234E-02   
-2.351793E-02   
-2.359490E-02   
-2.367325E-02   
-2.375300E-02   
-2.383417E-02   
-2.391676E-02   
-2.400079E-02   
-2.408626E-02   
-2.417319E-02   
-2.426158E-02   
-2.435146E-02   
-2.444282E-02   
-2.453568E-02   
-2.463005E-02   
-2.472594E-02   
-2.482336E-02   
-2.492231E-02   
-2.502281E-02   
-2.512487E-02   
-2.522848E-02   
-2.533366E-02   
-2.544042E-02   
-2.554876E-02   
-2.565869E-02   
-2.577021E-02   
-2.588332E-02   
-2.599804E-02   
-2.611435E-02   
-2.623227E-02   
-2.635179E-02   
-2.647291E-02   
-2.659562E-02   
-2.671994E-02   
-2.684585E-02   
-2.697334E-02   
-2.710241E-02   
-2.723304E-02   
-2.736524E-02   
-2.749897E-02   
-2.763424E-02   
-2.777101E-02   
-2.790927E-02   
-2.804900E-02   
-2.819017E-02   
-2.833275E-02   
-2.847671E-02   
-2.862201E-02   
-2.876863E-02   
-2.891650E-02   
-2.906559E-02   
-2.921585E-02   
-2.936721E-02   
-2.951962E-02   
-2.967302E-02   
-2.982732E-02   
-2.998246E-02   
-3.013834E-02   
-3.029488E-02   
-3.045198E-02   
-3.060953E-02   
-3.076742E-02   
-3.092553E-02   
-3.108373E-02   
-3.124188E-02   
-3.139983E-02   
-3.155743E-02   
-3.171450E-02   
-3.187087E-02   
-3.202634E-02   
-3.218072E-02   
-3.233379E-02   
-3.248534E-02   
-3.263512E-02   
-3.278288E-02   
-3.292838E-02   
-3.307133E-02   
-3.321145E-02   
-3.334846E-02   
-3.348204E-02   
-3.361188E-02   
-3.373766E-02   
-3.385905E-02   
-3.397570E-02   
-3.408727E-02   
-3.419342E-02   
-3.429379E-02   
-3.438804E-02   
-3.447584E-02   
-3.455684E-02   
-3.463073E-02   
-3.469720E-02   
-3.475596E-02   
-3.480677E-02   
-3.484937E-02   
-3.488358E-02   
-3.490922E-02   
-3.492617E-02   
-3.493435E-02   
-3.493370E-02   
-3.492422E-02   
-3.490596E-02   
-3.487900E-02   
-3.484345E-02   
-3.479947E-02   
-3.474726E-02   
-3.468702E-02   
-3.461901E-02   
-3.454349E-02   
-3.446075E-02   
-3.437109E-02   
-3.427482E-02   
-3.417226E-02   
-3.406372E-02   
-3.394953E-02   
-3.383002E-02   
-3.370551E-02   
-3.357631E-02   
-3.344274E-02   
-3.330510E-02   
-3.316369E-02   
-3.301881E-02   
-3.287073E-02   
-3.271972E-02   
-3.256605E-02   
-3.240997E-02   
-3.225173E-02   
-3.209157E-02   
-3.192969E-02   
-3.176632E-02   
-3.160167E-02   
-3.143593E-02   
-3.126928E-02   
-3.110190E-02   
-3.093397E-02   
-3.076563E-02   
-3.059704E-02   
-3.042835E-02   
-3.025968E-02   
-3.009117E-02   
-2.992294E-02   
-2.975509E-02   
-2.958774E-02   
-2.942099E-02   
-2.925493E-02   
-2.908964E-02   
-2.892521E-02   
-2.876173E-02   
-2.859925E-02   
-2.843785E-02   
-2.827760E-02   
-2.811854E-02   
-2.796074E-02   
-2.780424E-02   
-2.764910E-02   
-2.749536E-02   
-2.734306E-02   
-2.719224E-02   
-2.704293E-02   
-2.689517E-02   
-2.674898E-02   
-2.660439E-02   
-2.646144E-02   
-2.632014E-02   
-2.618051E-02   
-2.604258E-02   
-2.590637E-02   
-2.577188E-02   
-2.563915E-02   
-2.550817E-02   
-2.537896E-02   
-2.525154E-02   
-2.512592E-02   
-2.500210E-02   
-2.488009E-02   
-2.475991E-02   
-2.464155E-02   
-2.452503E-02   
-2.441035E-02   
-2.429752E-02   
-2.418654E-02   
-2.407741E-02   
-2.397014E-02   
-2.386474E-02   
-2.376120E-02   
-2.365953E-02   
-2.355972E-02   
-2.346179E-02   
-2.336574E-02   
-2.327156E-02   
-2.317925E-02   
-2.308883E-02   
-2.300028E-02   
-2.291362E-02   
-2.282884E-02   
-2.274594E-02   
-2.266493E-02   
-2.258580E-02   
-2.250855E-02   
-2.243320E-02   
-2.235973E-02   
-2.228815E-02   
-2.221846E-02   
-2.215066E-02   
-2.208475E-02   
-2.202073E-02   
-2.195861E-02   
-2.189837E-02   
-2.184003E-02   
-2.178358E-02   
-2.172902E-02   
-2.167635E-02   
-2.162557E-02   
-2.157669E-02   
-2.152970E-02   
-2.148459E-02   
-2.144138E-02   
-2.140005E-02   
-2.136060E-02   
-2.132304E-02   
-2.128736E-02   
-2.125355E-02   
-2.122162E-02   
-2.119155E-02   
-2.116335E-02   
-2.113701E-02   
-2.111253E-02   
-2.108989E-02   
-2.106910E-02   
-2.105015E-02   
-2.103302E-02   
-2.101772E-02   
-2.100424E-02   
-2.099256E-02   
-2.098269E-02   
-2.097460E-02   
-2.096830E-02   
-2.096377E-02   
-2.096101E-02   
-2.096000E-02   
-2.096074E-02   
-2.096322E-02   
-2.096743E-02   
-2.097335E-02   
-2.098098E-02   
-2.099031E-02   
-2.100133E-02   
-2.101404E-02   
-2.102841E-02   
-2.104446E-02   
-2.106215E-02   
-2.108150E-02   
-2.110249E-02   
-2.112511E-02   
-2.114936E-02   
-2.117522E-02   
-2.120271E-02   
-2.123180E-02   
-2.126249E-02   
-2.129479E-02   
-2.132868E-02   
-2.136416E-02   
-2.140123E-02   
-2.143989E-02   
-2.148013E-02   
-2.152195E-02   
-2.156535E-02   
-2.161033E-02   
-2.165689E-02   
-2.170503E-02   
-2.175475E-02   
-2.180605E-02   
-2.185894E-02   
-2.191341E-02   
-2.196947E-02   
-2.202712E-02   
-2.208637E-02   
-2.214722E-02   
-2.220967E-02   
-2.227373E-02   
-2.233940E-02   
-2.240669E-02   
-2.247560E-02   
-2.254615E-02   
-2.261833E-02   
-2.269216E-02   
-2.276764E-02   
-2.284477E-02   
-2.292357E-02   
-2.300405E-02   
-2.308621E-02   
-2.317005E-02   
-2.325559E-02   
-2.334284E-02   
-2.343181E-02   
-2.352249E-02   
-2.361491E-02   
-2.370907E-02   
-2.380498E-02   
-2.390264E-02   
-2.400207E-02   
-2.410327E-02   
-2.420625E-02   
-2.431103E-02   
-2.441760E-02   
-2.452597E-02   
-2.463616E-02   
-2.474816E-02   
-2.486199E-02   
-2.497765E-02   
-2.509514E-02   
-2.521447E-02   
-2.533565E-02   
-2.545866E-02   
-2.558353E-02   
-2.571024E-02   
-2.583880E-02   
-2.596921E-02   
-2.610146E-02   
-2.623556E-02   
-2.637148E-02   
-2.650924E-02   
-2.664882E-02   
-2.679020E-02   
-2.693338E-02   
-2.707834E-02   
-2.722506E-02   
-2.737353E-02   
-2.752372E-02   
-2.767561E-02   
-2.782916E-02   
-2.798434E-02   
-2.814112E-02   
-2.829946E-02   
-2.845931E-02   
-2.862063E-02   
-2.878335E-02   
-2.894742E-02   
-2.911278E-02   
-2.927935E-02   
-2.944705E-02   
-2.961580E-02   
-2.978551E-02   
-2.995607E-02   
-3.012738E-02   
-3.029932E-02   
-3.047177E-02   
-3.064457E-02   
-3.081760E-02   
-3.099068E-02   
-3.116365E-02   
-3.133632E-02   
-3.150851E-02   
-3.167999E-02   
-3.185055E-02   
-3.201996E-02   
-3.218795E-02   
-3.235427E-02   
-3.251863E-02   
-3.268073E-02   
-3.284027E-02   
-3.299692E-02   
-3.315032E-02   
-3.330013E-02   
-3.344597E-02   
-3.358746E-02   
-3.372419E-02   
-3.385576E-02   
-3.398176E-02   
-3.410175E-02   
-3.421531E-02   
-3.432202E-02   
-3.442144E-02   
-3.451318E-02   
-3.459681E-02   
-3.467196E-02   
-3.473828E-02   
-3.479542E-02   
-3.484309E-02   
-3.488105E-02   
-3.490909E-02   
-3.492704E-02   
-3.493481E-02   
-3.493234E-02   
-3.491965E-02   