 0.000000E+00   
 3.000000E-05   
 6.000000E-05   
 9.000000E-05   
 1.200000E-04   
 1.500000E-04   
 1.800000E-04   
 2.100000E-04   
 2.400000E-04   
 2.700000E-04   
 3.000000E-04   
 3.300000E-04   
 3.600000E-04   
 3.900000E-04   
 4.200000E-04   
 4.500000E-04   
 4.800000E-04   
 5.100000E-04   
 5.400000E-04   
 5.700000E-04   
 6.000000E-04   
 6.300000E-04   
 6.600000E-04   
 6.900000E-04   
 7.200000E-04   
 7.500000E-04   
 7.800000E-04   
 8.100000E-04   
 8.400000E-04   
 8.700000E-04   
 9.000000E-04   
 9.300000E-04   
 9.600000E-04   
 9.900000E-04   
 1.020000E-03   
 1.050000E-03   
 1.080000E-03   
 1.110000E-03   
 1.140000E-03   
 1.170000E-03   
 1.200000E-03   
 1.230000E-03   
 1.260000E-03   
 1.290000E-03   
 1.320000E-03   
 1.350000E-03   
 1.380000E-03   
 1.410000E-03   
 1.440000E-03   
 1.470000E-03   
 1.500000E-03   
 1.530000E-03   
 1.560000E-03   
 1.590000E-03   
 1.620000E-03   
 1.650000E-03   
 1.680000E-03   
 1.710000E-03   
 1.740000E-03   
 1.770000E-03   
 1.800000E-03   
 1.830000E-03   
 1.860000E-03   
 1.890000E-03   
 1.920000E-03   
 1.950000E-03   
 1.980000E-03   
 2.010000E-03   
 2.040000E-03   
 2.070000E-03   
 2.100000E-03   
 2.130000E-03   
 2.160000E-03   
 2.190000E-03   
 2.220000E-03   
 2.250000E-03   
 2.280000E-03   
 2.310000E-03   
 2.340000E-03   
 2.370000E-03   
 2.400000E-03   
 2.430000E-03   
 2.460000E-03   
 2.490000E-03   
 2.520000E-03   
 2.550000E-03   
 2.580000E-03   
 2.610000E-03   
 2.640000E-03   
 2.670000E-03   
 2.700000E-03   
 2.730000E-03   
 2.760000E-03   
 2.790000E-03   
 2.820000E-03   
 2.850000E-03   
 2.880000E-03   
 2.910000E-03   
 2.940000E-03   
 2.970000E-03   
 3.000000E-03   
 3.030000E-03   
 3.060000E-03   
 3.090000E-03   
 3.120000E-03   
 3.150000E-03   
 3.180000E-03   
 3.210000E-03   
 3.240000E-03   
 3.270000E-03   
 3.300000E-03   
 3.330000E-03   
 3.360000E-03   
 3.390000E-03   
 3.420000E-03   
 3.450000E-03   
 3.480000E-03   
 3.510000E-03   
 3.540000E-03   
 3.570000E-03   
 3.600000E-03   
 3.630000E-03   
 3.660000E-03   
 3.690000E-03   
 3.720000E-03   
 3.750000E-03   
 3.780000E-03   
 3.810000E-03   
 3.840000E-03   
 3.870000E-03   
 3.900000E-03   
 3.930000E-03   
 3.960000E-03   
 3.990000E-03   
 4.020000E-03   
 4.050000E-03   
 4.080000E-03   
 4.110000E-03   
 4.140000E-03   
 4.170000E-03   
 4.200000E-03   
 4.230000E-03   
 4.260000E-03   
 4.290000E-03   
 4.320000E-03   
 4.350000E-03   
 4.380000E-03   
 4.410000E-03   
 4.440000E-03   
 4.470000E-03   
 4.500000E-03   
 4.530000E-03   
 4.560000E-03   
 4.590000E-03   
 4.620000E-03   
 4.650000E-03   
 4.680000E-03   
 4.710000E-03   
 4.740000E-03   
 4.770000E-03   
 4.800000E-03   
 4.830000E-03   
 4.860000E-03   
 4.890000E-03   
 4.920000E-03   
 4.950000E-03   
 4.980000E-03   
 5.010000E-03   
 5.040000E-03   
 5.070000E-03   
 5.100000E-03   
 5.130000E-03   
 5.160000E-03   
 5.190000E-03   
 5.220000E-03   
 5.250000E-03   
 5.280000E-03   
 5.310000E-03   
 5.340000E-03   
 5.370000E-03   
 5.400000E-03   
 5.430000E-03   
 5.460000E-03   
 5.490000E-03   
 5.520000E-03   
 5.550000E-03   
 5.580000E-03   
 5.610000E-03   
 5.640000E-03   
 5.670000E-03   
 5.700000E-03   
 5.730000E-03   
 5.760000E-03   
 5.790000E-03   
 5.820000E-03   
 5.850000E-03   
 5.880000E-03   
 5.910000E-03   
 5.940000E-03   
 5.970000E-03   
 6.000000E-03   
 6.030000E-03   
 6.060000E-03   
 6.090000E-03   
 6.120000E-03   
 6.150000E-03   
 6.180000E-03   
 6.210000E-03   
 6.240000E-03   
 6.270000E-03   
 6.300000E-03   
 6.330000E-03   
 6.360000E-03   
 6.390000E-03   
 6.420000E-03   
 6.450000E-03   
 6.480000E-03   
 6.510000E-03   
 6.540000E-03   
 6.570000E-03   
 6.600000E-03   
 6.630000E-03   
 6.660000E-03   
 6.690000E-03   
 6.720000E-03   
 6.750000E-03   
 6.780000E-03   
 6.810000E-03   
 6.840000E-03   
 6.870000E-03   
 6.900000E-03   
 6.930000E-03   
 6.960000E-03   
 6.990000E-03   
 7.020000E-03   
 7.050000E-03   
 7.080000E-03   
 7.110000E-03   
 7.140000E-03   
 7.170000E-03   
 7.200000E-03   
 7.230000E-03   
 7.260000E-03   
 7.290000E-03   
 7.320000E-03   
 7.350000E-03   
 7.380000E-03   
 7.410000E-03   
 7.440000E-03   
 7.470000E-03   
 7.500000E-03   
 7.530000E-03   
 7.560000E-03   
 7.590000E-03   
 7.620000E-03   
 7.650000E-03   
 7.680000E-03   
 7.710000E-03   
 7.740000E-03   
 7.770000E-03   
 7.800000E-03   
 7.830000E-03   
 7.860000E-03   
 7.890000E-03   
 7.920000E-03   
 7.950000E-03   
 7.980000E-03   
 8.010000E-03   
 8.040000E-03   
 8.070000E-03   
 8.100000E-03   
 8.130000E-03   
 8.160000E-03   
 8.190000E-03   
 8.220000E-03   
 8.250000E-03   
 8.280000E-03   
 8.310000E-03   
 8.340000E-03   
 8.370000E-03   
 8.400000E-03   
 8.430000E-03   
 8.460000E-03   
 8.490000E-03   
 8.520000E-03   
 8.550000E-03   
 8.580000E-03   
 8.610000E-03   
 8.640000E-03   
 8.670000E-03   
 8.700000E-03   
 8.730000E-03   
 8.760000E-03   
 8.790000E-03   
 8.820000E-03   
 8.850000E-03   
 8.880000E-03   
 8.910000E-03   
 8.940000E-03   
 8.970000E-03   
 9.000000E-03   
 9.030000E-03   
 9.060000E-03   
 9.090000E-03   
 9.120000E-03   
 9.150000E-03   
 9.180000E-03   
 9.210000E-03   
 9.240000E-03   
 9.270000E-03   
 9.300000E-03   
 9.330000E-03   
 9.360000E-03   
 9.390000E-03   
 9.420000E-03   
 9.450000E-03   
 9.480000E-03   
 9.510000E-03   
 9.540000E-03   
 9.570000E-03   
 9.600000E-03   
 9.630000E-03   
 9.660000E-03   
 9.690000E-03   
 9.720000E-03   
 9.750000E-03   
 9.780000E-03   
 9.810000E-03   
 9.840000E-03   
 9.870000E-03   
 9.900000E-03   
 9.930000E-03   
 9.960000E-03   
 9.990000E-03   
 1.002000E-02   
 1.005000E-02   
 1.008000E-02   
 1.011000E-02   
 1.014000E-02   
 1.017000E-02   
 1.020000E-02   
 1.023000E-02   
 1.026000E-02   
 1.029000E-02   
 1.032000E-02   
 1.035000E-02   
 1.038000E-02   
 1.041000E-02   
 1.044000E-02   
 1.047000E-02   
 1.050000E-02   
 1.053000E-02   
 1.056000E-02   
 1.059000E-02   
 1.062000E-02   
 1.065000E-02   
 1.068000E-02   
 1.071000E-02   
 1.074000E-02   
 1.077000E-02   
 1.080000E-02   
 1.083000E-02   
 1.086000E-02   
 1.089000E-02   
 1.092000E-02   
 1.095000E-02   
 1.098000E-02   
 1.101000E-02   
 1.104000E-02   
 1.107000E-02   
 1.110000E-02   
 1.113000E-02   
 1.116000E-02   
 1.119000E-02   
 1.122000E-02   
 1.125000E-02   
 1.128000E-02   
 1.131000E-02   
 1.134000E-02   
 1.137000E-02   
 1.140000E-02   
 1.143000E-02   
 1.146000E-02   
 1.149000E-02   
 1.152000E-02   
 1.155000E-02   
 1.158000E-02   
 1.161000E-02   
 1.164000E-02   
 1.167000E-02   
 1.170000E-02   
 1.173000E-02   
 1.176000E-02   
 1.179000E-02   
 1.182000E-02   
 1.185000E-02   
 1.188000E-02   
 1.191000E-02   
 1.194000E-02   
 1.197000E-02   
 1.200000E-02   
 1.203000E-02   
 1.206000E-02   
 1.209000E-02   
 1.212000E-02   
 1.215000E-02   
 1.218000E-02   
 1.221000E-02   
 1.224000E-02   
 1.227000E-02   
 1.230000E-02   
 1.233000E-02   
 1.236000E-02   
 1.239000E-02   
 1.242000E-02   
 1.245000E-02   
 1.248000E-02   
 1.251000E-02   
 1.254000E-02   
 1.257000E-02   
 1.260000E-02   
 1.263000E-02   
 1.266000E-02   
 1.269000E-02   
 1.272000E-02   
 1.275000E-02   
 1.278000E-02   
 1.281000E-02   
 1.284000E-02   
 1.287000E-02   
 1.290000E-02   
 1.293000E-02   
 1.296000E-02   
 1.299000E-02   
 1.302000E-02   
 1.305000E-02   
 1.308000E-02   
 1.311000E-02   
 1.314000E-02   
 1.317000E-02   
 1.320000E-02   
 1.323000E-02   
 1.326000E-02   
 1.329000E-02   
 1.332000E-02   
 1.335000E-02   
 1.338000E-02   
 1.341000E-02   
 1.344000E-02   
 1.347000E-02   
 1.350000E-02   
 1.353000E-02   
 1.356000E-02   
 1.359000E-02   
 1.362000E-02   
 1.365000E-02   
 1.368000E-02   
 1.371000E-02   
 1.374000E-02   
 1.377000E-02   
 1.380000E-02   
 1.383000E-02   
 1.386000E-02   
 1.389000E-02   
 1.392000E-02   
 1.395000E-02   
 1.398000E-02   
 1.401000E-02   
 1.404000E-02   
 1.407000E-02   
 1.410000E-02   
 1.413000E-02   
 1.416000E-02   
 1.419000E-02   
 1.422000E-02   
 1.425000E-02   
 1.428000E-02   
 1.431000E-02   
 1.434000E-02   
 1.437000E-02   
 1.440000E-02   
 1.443000E-02   
 1.446000E-02   
 1.449000E-02   
 1.452000E-02   
 1.455000E-02   
 1.458000E-02   
 1.461000E-02   
 1.464000E-02   
 1.467000E-02   
 1.470000E-02   
 1.473000E-02   
 1.476000E-02   
 1.479000E-02   
 1.482000E-02   
 1.485000E-02   
 1.488000E-02   
 1.491000E-02   
 1.494000E-02   
 1.497000E-02   
 1.500000E-02   
 1.503000E-02   
 1.506000E-02   
 1.509000E-02   
 1.512000E-02   
 1.515000E-02   
 1.518000E-02   
 1.521000E-02   
 1.524000E-02   
 1.527000E-02   
 1.530000E-02   
 1.533000E-02   
 1.536000E-02   
 1.539000E-02   
 1.542000E-02   
 1.545000E-02   
 1.548000E-02   
 1.551000E-02   
 1.554000E-02   
 1.557000E-02   
 1.560000E-02   
 1.563000E-02   
 1.566000E-02   
 1.569000E-02   
 1.572000E-02   
 1.575000E-02   
 1.578000E-02   
 1.581000E-02   
 1.584000E-02   
 1.587000E-02   
 1.590000E-02   
 1.593000E-02   
 1.596000E-02   
 1.599000E-02   
 1.602000E-02   
 1.605000E-02   
 1.608000E-02   
 1.611000E-02   
 1.614000E-02   
 1.617000E-02   
 1.620000E-02   
 1.623000E-02   
 1.626000E-02   
 1.629000E-02   
 1.632000E-02   
 1.635000E-02   
 1.638000E-02   
 1.641000E-02   
 1.644000E-02   
 1.647000E-02   
 1.650000E-02   
 1.653000E-02   
 1.656000E-02   
 1.659000E-02   
 1.662000E-02   
 1.665000E-02   
 1.668000E-02   
 1.671000E-02   
 1.674000E-02   
 1.677000E-02   
 1.680000E-02   
 1.683000E-02   
 1.686000E-02   
 1.689000E-02   
 1.692000E-02   
 1.695000E-02   
 1.698000E-02   
 1.701000E-02   
 1.704000E-02   
 1.707000E-02   
 1.710000E-02   
 1.713000E-02   
 1.716000E-02   
 1.719000E-02   
 1.722000E-02   
 1.725000E-02   
 1.728000E-02   
 1.731000E-02   
 1.734000E-02   
 1.737000E-02   
 1.740000E-02   
 1.743000E-02   
 1.746000E-02   
 1.749000E-02   
 1.752000E-02   
 1.755000E-02   
 1.758000E-02   
 1.761000E-02   
 1.764000E-02   
 1.767000E-02   
 1.770000E-02   
 1.773000E-02   
 1.776000E-02   
 1.779000E-02   
 1.782000E-02   
 1.785000E-02   
 1.788000E-02   
 1.791000E-02   
 1.794000E-02   
 1.797000E-02   
 1.800000E-02   
 1.803000E-02   
 1.806000E-02   
 1.809000E-02   
 1.812000E-02   
 1.815000E-02   
 1.818000E-02   
 1.821000E-02   
 1.824000E-02   
 1.827000E-02   
 1.830000E-02   
 1.833000E-02   
 1.836000E-02   
 1.839000E-02   
 1.842000E-02   
 1.845000E-02   
 1.848000E-02   
 1.851000E-02   
 1.854000E-02   
 1.857000E-02   
 1.860000E-02   
 1.863000E-02   
 1.866000E-02   
 1.869000E-02   
 1.872000E-02   
 1.875000E-02   
 1.878000E-02   
 1.881000E-02   
 1.884000E-02   
 1.887000E-02   
 1.890000E-02   
 1.893000E-02   
 1.896000E-02   
 1.899000E-02   
 1.902000E-02   
 1.905000E-02   
 1.908000E-02   
 1.911000E-02   
 1.914000E-02   
 1.917000E-02   
 1.920000E-02   
 1.923000E-02   
 1.926000E-02   
 1.929000E-02   
 1.932000E-02   
 1.935000E-02   
 1.938000E-02   
 1.941000E-02   
 1.944000E-02   
 1.947000E-02   
 1.950000E-02   
 1.953000E-02   
 1.956000E-02   
 1.959000E-02   
 1.962000E-02   
 1.965000E-02   
 1.968000E-02   
 1.971000E-02   
 1.974000E-02   
 1.977000E-02   
 1.980000E-02   
 1.983000E-02   
 1.986000E-02   
 1.989000E-02   
 1.992000E-02   
 1.995000E-02   
 1.998000E-02   
 2.001000E-02   
 2.004000E-02   
 2.007000E-02   
 2.010000E-02   
 2.013000E-02   
 2.016000E-02   
 2.019000E-02   
 2.022000E-02   
 2.025000E-02   
 2.028000E-02   
 2.031000E-02   
 2.034000E-02   
 2.037000E-02   
 2.040000E-02   
 2.043000E-02   
 2.046000E-02   
 2.049000E-02   
 2.052000E-02   
 2.055000E-02   
 2.058000E-02   
 2.061000E-02   
 2.064000E-02   
 2.067000E-02   
 2.070000E-02   
 2.073000E-02   
 2.076000E-02   
 2.079000E-02   
 2.082000E-02   
 2.085000E-02   
 2.088000E-02   
 2.091000E-02   
 2.094000E-02   
 2.097000E-02   
 2.100000E-02   
 2.103000E-02   
 2.106000E-02   
 2.109000E-02   
 2.112000E-02   
 2.115000E-02   
 2.118000E-02   
 2.121000E-02   
 2.124000E-02   
 2.127000E-02   
 2.130000E-02   
 2.133000E-02   
 2.136000E-02   
 2.139000E-02   
 2.142000E-02   
 2.145000E-02   
 2.148000E-02   
 2.151000E-02   
 2.154000E-02   
 2.157000E-02   
 2.160000E-02   
 2.163000E-02   
 2.166000E-02   
 2.169000E-02   
 2.172000E-02   
 2.175000E-02   
 2.178000E-02   
 2.181000E-02   
 2.184000E-02   
 2.187000E-02   
 2.190000E-02   
 2.193000E-02   
 2.196000E-02   
 2.199000E-02   
 2.202000E-02   
 2.205000E-02   
 2.208000E-02   
 2.211000E-02   
 2.214000E-02   
 2.217000E-02   
 2.220000E-02   
 2.223000E-02   
 2.226000E-02   
 2.229000E-02   
 2.232000E-02   
 2.235000E-02   
 2.238000E-02   
 2.241000E-02   
 2.244000E-02   
 2.247000E-02   
 2.250000E-02   
 2.253000E-02   
 2.256000E-02   
 2.259000E-02   
 2.262000E-02   
 2.265000E-02   
 2.268000E-02   
 2.271000E-02   
 2.274000E-02   
 2.277000E-02   
 2.280000E-02   
 2.283000E-02   
 2.286000E-02   
 2.289000E-02   
 2.292000E-02   
 2.295000E-02   
 2.298000E-02   
 2.301000E-02   
 2.304000E-02   
 2.307000E-02   
 2.310000E-02   
 2.313000E-02   
 2.316000E-02   
 2.319000E-02   
 2.322000E-02   
 2.325000E-02   
 2.328000E-02   
 2.331000E-02   
 2.334000E-02   
 2.337000E-02   
 2.340000E-02   
 2.343000E-02   
 2.346000E-02   
 2.349000E-02   
 2.352000E-02   
 2.355000E-02   
 2.358000E-02   
 2.361000E-02   
 2.364000E-02   
 2.367000E-02   
 2.370000E-02   
 2.373000E-02   
 2.376000E-02   
 2.379000E-02   
 2.382000E-02   
 2.385000E-02   
 2.388000E-02   
 2.391000E-02   
 2.394000E-02   
 2.397000E-02   
 2.400000E-02   
 2.403000E-02   
 2.406000E-02   
 2.409000E-02   
 2.412000E-02   
 2.415000E-02   
 2.418000E-02   
 2.421000E-02   
 2.424000E-02   
 2.427000E-02   
 2.430000E-02   
 2.433000E-02   
 2.436000E-02   
 2.439000E-02   
 2.442000E-02   
 2.445000E-02   
 2.448000E-02   
 2.451000E-02   
 2.454000E-02   
 2.457000E-02   
 2.460000E-02   
 2.463000E-02   
 2.466000E-02   
 2.469000E-02   
 2.472000E-02   
 2.475000E-02   
 2.478000E-02   
 2.481000E-02   
 2.484000E-02   
 2.487000E-02   
 2.490000E-02   
 2.493000E-02   
 2.496000E-02   
 2.499000E-02   
 2.502000E-02   
 2.505000E-02   
 2.508000E-02   
 2.511000E-02   
 2.514000E-02   
 2.517000E-02   
 2.520000E-02   
 2.523000E-02   
 2.526000E-02   
 2.529000E-02   
 2.532000E-02   
 2.535000E-02   
 2.538000E-02   
 2.541000E-02   
 2.544000E-02   
 2.547000E-02   
 2.550000E-02   
 2.553000E-02   
 2.556000E-02   
 2.559000E-02   
 2.562000E-02   
 2.565000E-02   
 2.568000E-02   
 2.571000E-02   
 2.574000E-02   
 2.577000E-02   
 2.580000E-02   
 2.583000E-02   
 2.586000E-02   
 2.589000E-02   
 2.592000E-02   
 2.595000E-02   
 2.598000E-02   
 2.601000E-02   
 2.604000E-02   
 2.607000E-02   
 2.610000E-02   
 2.613000E-02   
 2.616000E-02   
 2.619000E-02   
 2.622000E-02   
 2.625000E-02   
 2.628000E-02   
 2.631000E-02   
 2.634000E-02   
 2.637000E-02   
 2.640000E-02   
 2.643000E-02   
 2.646000E-02   
 2.649000E-02   
 2.652000E-02   
 2.655000E-02   
 2.658000E-02   
 2.661000E-02   
 2.664000E-02   
 2.667000E-02   
 2.670000E-02   
 2.673000E-02   
 2.676000E-02   
 2.679000E-02   
 2.682000E-02   
 2.685000E-02   
 2.688000E-02   
 2.691000E-02   
 2.694000E-02   
 2.697000E-02   
 2.700000E-02   
 2.703000E-02   
 2.706000E-02   
 2.709000E-02   
 2.712000E-02   
 2.715000E-02   
 2.718000E-02   
 2.721000E-02   
 2.724000E-02   
 2.727000E-02   
 2.730000E-02   
 2.733000E-02   
 2.736000E-02   
 2.739000E-02   
 2.742000E-02   
 2.745000E-02   
 2.748000E-02   
 2.751000E-02   
 2.754000E-02   
 2.757000E-02   
 2.760000E-02   
 2.763000E-02   
 2.766000E-02   
 2.769000E-02   
 2.772000E-02   
 2.775000E-02   
 2.778000E-02   
 2.781000E-02   
 2.784000E-02   
 2.787000E-02   
 2.790000E-02   
 2.793000E-02   
 2.796000E-02   
 2.799000E-02   
 2.802000E-02   
 2.805000E-02   
 2.808000E-02   
 2.811000E-02   
 2.814000E-02   
 2.817000E-02   
 2.820000E-02   
 2.823000E-02   
 2.826000E-02   
 2.829000E-02   
 2.832000E-02   
 2.835000E-02   
 2.838000E-02   
 2.841000E-02   
 2.844000E-02   
 2.847000E-02   
 2.850000E-02   
 2.853000E-02   
 2.856000E-02   
 2.859000E-02   
 2.862000E-02   
 2.865000E-02   
 2.868000E-02   
 2.871000E-02   
 2.874000E-02   
 2.877000E-02   
 2.880000E-02   
 2.883000E-02   
 2.886000E-02   
 2.889000E-02   
 2.892000E-02   
 2.895000E-02   
 2.898000E-02   
 2.901000E-02   
 2.904000E-02   
 2.907000E-02   
 2.910000E-02   
 2.913000E-02   
 2.916000E-02   
 2.919000E-02   
 2.922000E-02   
 2.925000E-02   
 2.928000E-02   
 2.931000E-02   
 2.934000E-02   
 2.937000E-02   
 2.940000E-02   
 2.943000E-02   
 2.946000E-02   
 2.949000E-02   
 2.952000E-02   
 2.955000E-02   
 2.958000E-02   
 2.961000E-02   
 2.964000E-02   
 2.967000E-02   
 2.970000E-02   
 2.973000E-02   
 2.976000E-02   
 2.979000E-02   
 2.982000E-02   
 2.985000E-02   
 2.988000E-02   
 2.991000E-02   
 2.994000E-02   
 2.997000E-02   
 3.000000E-02   