 0.000000E+00   
 2.766956E+00   
 2.304394E+01   
 3.054176E+01   
 5.459661E+01   
 8.968643E+01   
 1.305440E+02   
 1.794921E+02   
 2.359681E+02   
 2.999697E+02   
 3.714940E+02   
 4.505364E+02   
 5.370913E+02   
 6.311510E+02   
 7.327057E+02   
 8.417431E+02   
 9.582479E+02   
 1.082202E+03   
 1.213582E+03   
 1.352362E+03   
 1.498511E+03   
 1.651991E+03   
 1.812761E+03   
 1.980770E+03   
 2.155962E+03   
 2.338274E+03   
 2.527633E+03   
 2.723958E+03   
 2.927157E+03   
 3.137128E+03   
 3.353759E+03   
 3.576924E+03   
 3.806486E+03   
 4.042293E+03   
 4.284181E+03   
 4.531969E+03   
 4.785460E+03   
 5.044442E+03   
 5.308686E+03   
 5.577942E+03   
 5.851944E+03   
 6.130406E+03   
 6.413022E+03   
 6.699465E+03   
 6.989387E+03   
 7.282417E+03   
 7.578163E+03   
 7.876210E+03   
 8.176120E+03   
 8.477431E+03   
 8.779658E+03   
 9.082291E+03   
 9.384798E+03   
 9.686623E+03   
 9.987186E+03   
 1.028588E+04   
 1.058209E+04   
 1.087515E+04   
 1.116441E+04   
 1.144917E+04   
 1.172872E+04   
 1.200232E+04   
 1.226925E+04   
 1.252872E+04   
 1.277998E+04   
 1.302222E+04   
 1.325466E+04   
 1.347647E+04   
 1.368685E+04   
 1.388499E+04   
 1.407005E+04   
 1.424124E+04   
 1.439772E+04   
 1.453871E+04   
 1.466340E+04   
 1.477101E+04   
 1.486079E+04   
 1.493200E+04   
 1.498391E+04   
 1.501584E+04   
 1.502713E+04   
 1.501716E+04   
 1.498536E+04   
 1.493119E+04   
 1.485414E+04   
 1.475379E+04   
 1.462975E+04   
 1.448169E+04   
 1.430933E+04   
 1.411248E+04   
 1.389100E+04   
 1.364480E+04   
 1.337391E+04   
 1.307839E+04   
 1.275838E+04   
 1.241413E+04   
 1.204593E+04   
 1.165416E+04   
 1.123929E+04   
 1.080186E+04   
 1.034249E+04   
 9.861868E+03   
 9.360778E+03   
 8.840064E+03   
 8.300649E+03   
 7.743521E+03   
 7.169741E+03   
 6.580430E+03   
 5.976771E+03   
 5.360001E+03   
 4.731411E+03   
 4.092338E+03   
 3.444161E+03   
 2.788295E+03   
 2.126186E+03   
 1.459308E+03   
 7.891496E+02   
 1.172168E+02   
-5.549790E+02   
-1.225925E+03   
-1.894114E+03   
-2.558048E+03   
-3.216249E+03   
-3.867262E+03   
-4.509658E+03   
-5.142046E+03   
-5.763074E+03   
-6.371435E+03   
-6.965872E+03   
-7.545183E+03   
-8.108225E+03   
-8.653916E+03   
-9.181242E+03   
-9.689257E+03   
-1.017709E+04   
-1.064393E+04   
-1.108907E+04   
-1.151186E+04   
-1.191172E+04   
-1.228817E+04   
-1.264080E+04   
-1.296927E+04   
-1.327334E+04   
-1.355282E+04   
-1.380762E+04   
-1.403770E+04   
-1.424312E+04   
-1.442399E+04   
-1.458049E+04   
-1.471287E+04   
-1.482144E+04   
-1.490656E+04   
-1.496865E+04   
-1.500820E+04   
-1.502572E+04   
-1.502177E+04   
-1.499697E+04   
-1.495196E+04   
-1.488741E+04   
-1.480403E+04   
-1.470256E+04   
-1.458375E+04   
-1.444837E+04   
-1.429721E+04   
-1.413107E+04   
-1.395077E+04   
-1.375712E+04   
-1.355093E+04   
-1.333303E+04   
-1.310422E+04   
-1.286533E+04   
-1.261715E+04   
-1.236047E+04   
-1.209607E+04   
-1.182473E+04   
-1.154719E+04   
-1.126419E+04   
-1.097644E+04   
-1.068465E+04   
-1.038948E+04   
-1.009160E+04   
-9.791639E+03   
-9.490207E+03   
-9.187893E+03   
-8.885261E+03   
-8.582852E+03   
-8.281184E+03   
-7.980750E+03   
-7.682020E+03   
-7.385440E+03   
-7.091434E+03   
-6.800401E+03   
-6.512721E+03   
-6.228747E+03   
-5.948815E+03   
-5.673239E+03   
-5.402310E+03   
-5.136303E+03   
-4.875472E+03   
-4.620054E+03   
-4.370266E+03   
-4.126312E+03   
-3.888375E+03   
-3.656629E+03   
-3.431227E+03   
-3.212313E+03   
-3.000016E+03   
-2.794453E+03   
-2.595729E+03   
-2.403940E+03   
-2.219171E+03   
-2.041496E+03   
-1.870984E+03   
-1.707692E+03   
-1.551672E+03   
-1.402970E+03   
-1.261623E+03   
-1.127666E+03   
-1.001127E+03   
-8.820291E+02   
-7.703925E+02   
-6.662336E+02   
-5.695657E+02   
-4.803993E+02   
-3.987428E+02   
-3.246027E+02   
-2.579838E+02   
-1.988895E+02   
-1.473224E+02   
-1.032841E+02   
-6.677566E+01   
-3.779767E+01   
-1.635045E+01   
-2.434135E+00   
 3.951218E+00   
 2.805605E+00   
-5.870973E+00   
-2.207850E+01   
-4.581690E+01   
-7.708599E+01   
-1.158854E+02   
-1.622144E+02   
-2.160717E+02   
-2.774555E+02   
-3.463631E+02   
-4.227905E+02   
-5.067324E+02   
-5.981820E+02   
-6.971301E+02   
-8.035654E+02   
-9.174737E+02   
-1.038838E+03   
-1.167636E+03   
-1.303844E+03   
-1.447432E+03   
-1.598365E+03   
-1.756602E+03   
-1.922096E+03   
-2.094794E+03   
-2.274634E+03   
-2.461547E+03   
-2.655455E+03   
-2.856269E+03   
-3.063892E+03   
-3.278214E+03   
-3.499115E+03   
-3.726462E+03   
-3.960108E+03   
-4.199893E+03   
-4.445642E+03   
-4.697164E+03   
-4.954251E+03   
-5.216681E+03   
-5.484212E+03   
-5.756582E+03   
-6.033514E+03   
-6.314707E+03   
-6.599843E+03   
-6.888579E+03   
-7.180555E+03   
-7.475384E+03   
-7.772660E+03   
-8.071954E+03   
-8.372810E+03   
-8.674752E+03   
-8.977280E+03   
-9.279869E+03   
-9.581970E+03   
-9.883012E+03   
-1.018240E+04   
-1.047952E+04   
-1.077372E+04   
-1.106435E+04   
-1.135071E+04   
-1.163212E+04   
-1.190784E+04   
-1.217714E+04   
-1.243926E+04   
-1.269343E+04   
-1.293885E+04   
-1.317475E+04   
-1.340031E+04   
-1.361472E+04   
-1.381717E+04   
-1.400683E+04   
-1.418289E+04   
-1.434453E+04   
-1.449095E+04   
-1.462136E+04   
-1.473495E+04   
-1.483098E+04   
-1.490868E+04   
-1.496733E+04   
-1.500625E+04   
-1.502474E+04   
-1.502220E+04   
-1.499801E+04   
-1.495163E+04   
-1.488255E+04   
-1.479032E+04   
-1.467452E+04   
-1.453480E+04   
-1.437089E+04   
-1.418254E+04   
-1.396960E+04   
-1.373198E+04   
-1.346964E+04   
-1.318265E+04   
-1.287111E+04   
-1.253524E+04   
-1.217531E+04   
-1.179167E+04   
-1.138477E+04   
-1.095511E+04   
-1.050329E+04   
-1.002997E+04   
-9.535905E+03   
-9.021918E+03   
-8.488903E+03   
-7.937828E+03   
-7.369728E+03   
-6.785702E+03   
-6.186914E+03   
-5.574581E+03   
-4.949978E+03   
-4.314425E+03   
-3.669286E+03   
-3.015965E+03   
-2.355899E+03   
-1.690551E+03   
-1.021406E+03   
-3.499638E+02   
 3.222650E+02   
 9.937676E+02   
 1.663034E+03   
 2.328563E+03   
 2.988870E+03   
 3.642489E+03   
 4.287984E+03   
 4.923949E+03   
 5.549018E+03   
 6.161869E+03   
 6.761226E+03   
 7.345868E+03   
 7.914631E+03   
 8.466412E+03   
 9.000174E+03   
 9.514946E+03   
 1.000983E+04   
 1.048400E+04   
 1.093671E+04   
 1.136728E+04   
 1.177511E+04   
 1.215970E+04   
 1.252060E+04   
 1.285745E+04   
 1.316998E+04   
 1.345798E+04   
 1.372132E+04   
 1.395995E+04   
 1.417390E+04   
 1.436325E+04   
 1.452816E+04   
 1.466886E+04   
 1.478563E+04   
 1.487883E+04   
 1.494885E+04   
 1.499616E+04   
 1.502125E+04   
 1.502468E+04   
 1.500704E+04   
 1.496896E+04   
 1.491112E+04   
 1.483419E+04   
 1.473892E+04   
 1.462604E+04   
 1.449633E+04   
 1.435057E+04   
 1.418955E+04   
 1.401408E+04   
 1.382498E+04   
 1.362306E+04   
 1.340915E+04   
 1.318405E+04   
 1.294858E+04   
 1.270355E+04   
 1.244975E+04   
 1.218796E+04   
 1.191897E+04   
 1.164351E+04   
 1.136235E+04   
 1.107619E+04   
 1.078574E+04   
 1.049169E+04   
 1.019471E+04   
 9.895420E+03   
 9.594454E+03   
 9.292405E+03   
 8.989844E+03   
 8.687322E+03   
 8.385364E+03   
 8.084472E+03   
 7.785123E+03   
 7.487772E+03   
 7.192850E+03   
 6.900766E+03   
 6.611904E+03   
 6.326629E+03   
 6.045282E+03   
 5.768183E+03   
 5.495632E+03   
 5.227911E+03   
 4.965279E+03   
 4.707979E+03   
 4.456236E+03   
 4.210257E+03   
 3.970234E+03   
 3.736343E+03   
 3.508744E+03   
 3.287584E+03   
 3.072998E+03   
 2.865106E+03   
 2.664018E+03   
 2.469833E+03   
 2.282638E+03   
 2.102514E+03   
 1.929528E+03   
 1.763744E+03   
 1.605214E+03   
 1.453987E+03   
 1.310103E+03   
 1.173597E+03   
 1.044499E+03   
 9.228352E+02   
 8.086258E+02   
 7.018887E+02   
 6.026382E+02   
 5.108857E+02   
 4.266405E+02   
 3.499095E+02   
 2.806981E+02   
 2.190102E+02   
 1.648488E+02   
 1.182156E+02   
 7.911197E+01   
 4.753860E+01   
 2.349590E+01   
 6.984079E+00   
-1.996798E+00   
-3.446710E+00   
 2.634344E+00   
 1.624635E+01   
 3.738927E+01   
 6.606295E+01   
 1.022671E+02   
 1.460011E+02   
 1.972639E+02   
 2.560539E+02   
 3.223687E+02   
 3.962047E+02   
 4.775572E+02   
 5.664199E+02   
 6.627843E+02   
 7.666401E+02   
 8.779740E+02   
 9.967697E+02   
 1.123008E+03   
 1.256664E+03   
 1.397711E+03   
 1.546115E+03   
 1.701837E+03   
 1.864834E+03   
 2.035053E+03   
 2.212436E+03   
 2.396917E+03   
 2.588420E+03   
 2.786860E+03   
 2.992144E+03   
 3.204165E+03   
 3.422808E+03   
 3.647943E+03   
 3.879429E+03   
 4.117110E+03   
 4.360816E+03   
 4.610362E+03   
 4.865547E+03   
 5.126152E+03   
 5.391942E+03   
 5.662664E+03   
 5.938043E+03   
 6.217790E+03   
 6.501589E+03   
 6.789109E+03   
 7.079994E+03   
 7.373868E+03   
 7.670330E+03   
 7.968958E+03   
 8.269308E+03   
 8.570910E+03   
 8.873271E+03   
 9.175875E+03   
 9.478183E+03   
 9.779629E+03   
 1.007963E+04   
 1.037757E+04   
 1.067282E+04   
 1.096472E+04   
 1.125261E+04   
 1.153577E+04   
 1.181350E+04   
 1.208506E+04   
 1.234970E+04   
 1.260666E+04   
 1.285515E+04   
 1.309438E+04   
 1.332355E+04   
 1.354186E+04   
 1.374847E+04   
 1.394259E+04   
 1.412339E+04   
 1.429005E+04   
 1.444176E+04   
 1.457773E+04   
 1.469716E+04   
 1.479928E+04   
 1.488333E+04   
 1.494859E+04   
 1.499433E+04   
 1.501989E+04   
 1.502462E+04   
 1.500792E+04   
 1.496920E+04   
 1.490796E+04   
 1.482371E+04   
 1.471603E+04   
 1.458456E+04   
 1.442897E+04   
 1.424903E+04   
 1.404455E+04   
 1.381540E+04   
 1.356155E+04   
 1.328302E+04   
 1.297989E+04   
 1.265236E+04   
 1.230066E+04   
 1.192513E+04   
 1.152618E+04   
 1.110428E+04   
 1.066002E+04   
 1.019402E+04   
 9.707014E+03   
 9.199796E+03   
 8.673236E+03   
 8.128278E+03   
 7.565934E+03   
 6.987282E+03   
 6.393463E+03   
 5.785677E+03   
 5.165178E+03   
 4.533273E+03   
 3.891310E+03   
 3.240681E+03   
 2.582811E+03   
 1.919155E+03   
 1.251191E+03   
 5.804139E+02   
-9.166820E+01   
-7.635431E+02   
-1.433699E+03   
-2.100632E+03   
-2.762850E+03   
-3.418881E+03   
-4.067278E+03   
-4.706624E+03   
-5.335539E+03   
-5.952685E+03   
-6.556771E+03   
-7.146555E+03   
-7.720855E+03   
-8.278546E+03   
-8.818567E+03   
-9.339925E+03   
-9.841697E+03   
-1.032303E+04   
-1.078315E+04   
-1.122136E+04   
-1.163704E+04   
-1.202963E+04   
-1.239868E+04   
-1.274380E+04   
-1.306469E+04   
-1.336110E+04   
-1.363290E+04   
-1.388000E+04   
-1.410240E+04   
-1.430017E+04   
-1.447344E+04   
-1.462242E+04   
-1.474736E+04   
-1.484861E+04   
-1.492654E+04   
-1.498159E+04   
-1.501425E+04   
-1.502505E+04   
-1.501458E+04   
-1.498346E+04   
-1.493233E+04   
-1.486189E+04   
-1.477284E+04   
-1.466594E+04   
-1.454193E+04   
-1.440160E+04   
-1.424575E+04   
-1.407516E+04   
-1.389067E+04   
-1.369308E+04   
-1.348321E+04   
-1.326188E+04   
-1.302991E+04   
-1.278809E+04   
-1.253723E+04   
-1.227812E+04   
-1.201154E+04   
-1.173824E+04   
-1.145898E+04   
-1.117448E+04   
-1.088545E+04   
-1.059259E+04   
-1.029656E+04   
-9.998016E+03   
-9.697582E+03   
-9.395863E+03   
-9.093439E+03   
-8.790867E+03   
-8.488682E+03   
-8.187392E+03   
-7.887484E+03   
-7.589420E+03   
-7.293640E+03   
-7.000560E+03   
-6.710572E+03   
-6.424048E+03   
-6.141337E+03   
-5.862766E+03   
-5.588642E+03   
-5.319253E+03   
-5.054866E+03   
-4.795729E+03   
-4.542074E+03   
-4.294113E+03   
-4.052044E+03   
-3.816047E+03   
-3.586289E+03   
-3.362921E+03   
-3.146082E+03   
-2.935896E+03   
-2.732478E+03   
-2.535930E+03   
-2.346343E+03   
-2.163799E+03   
-1.988371E+03   
-1.820124E+03   
-1.659114E+03   
-1.505391E+03   
-1.358997E+03   
-1.219969E+03   
-1.088341E+03   
-9.641369E+02   
-8.473810E+02   
-7.380917E+02   
-6.362842E+02   
-5.419710E+02   
-4.551621E+02   
-3.758652E+02   
-3.040861E+02   
-2.398294E+02   
-1.830981E+02   
-1.338946E+02   
-9.222016E+01   
-5.807578E+01   
-3.146197E+01   
-1.237897E+01   
-8.268958E-01   
 3.194215E+00   
-3.156405E-01   
-1.135646E+01   
-2.992820E+01   
-5.603077E+01   
-8.966392E+01   
-1.308271E+02   
-1.795196E+02   
-2.357398E+02   
-2.994857E+02   
-3.707542E+02   
-4.495408E+02   
-5.358399E+02   
-6.296438E+02   
-7.309427E+02   
-8.397245E+02   
-9.559739E+02   
-1.079672E+03   
-1.210798E+03   
-1.349323E+03   
-1.495218E+03   
-1.648445E+03   
-1.808961E+03   
-1.976719E+03   
-2.151660E+03   
-2.333723E+03   
-2.522834E+03   
-2.718912E+03   
-2.921866E+03   
-3.131595E+03   
-3.347986E+03   
-3.570914E+03   
-3.800242E+03   
-4.035819E+03   
-4.277481E+03   
-4.525046E+03   
-4.778320E+03   
-5.037090E+03   
-5.301127E+03   
-5.570183E+03   
-5.843992E+03   
-6.122269E+03   
-6.404707E+03   
-6.690981E+03   
-6.980742E+03   
-7.273622E+03   
-7.569228E+03   
-7.867147E+03   
-8.166941E+03   
-8.468148E+03   
-8.770284E+03   
-9.072841E+03   
-9.375287E+03   
-9.677067E+03   
-9.977600E+03   
-1.027629E+04   
-1.057250E+04   
-1.086559E+04   
-1.115489E+04   
-1.143971E+04   
-1.171934E+04   
-1.199306E+04   
-1.226011E+04   
-1.251974E+04   
-1.277117E+04   
-1.301361E+04   
-1.324627E+04   
-1.346833E+04   
-1.367899E+04   
-1.387742E+04   
-1.406281E+04   
-1.423435E+04   
-1.439121E+04   
-1.453260E+04   
-1.465771E+04   
-1.476578E+04   
-1.485604E+04   
-1.492775E+04   
-1.498019E+04   
-1.501267E+04   
-1.502454E+04   
-1.501517E+04   
-1.498399E+04   
-1.493045E+04   
-1.485406E+04   
-1.475438E+04   
-1.463103E+04   
-1.448367E+04   
-1.431203E+04   
-1.411591E+04   
-1.389516E+04   
-1.364972E+04   
-1.337957E+04   
-1.308480E+04   
-1.276555E+04   
-1.242205E+04   
-1.205459E+04   
-1.166357E+04   
-1.124943E+04   
-1.081273E+04   
-1.035406E+04   
-9.874140E+03   
-9.373727E+03   
-8.853670E+03   
-8.314889E+03   
-7.758371E+03   
-7.185173E+03   
-6.596415E+03   
-5.993277E+03   
-5.376997E+03   
-4.748861E+03   
-4.110206E+03   
-3.462408E+03   
-2.806882E+03   
-2.145074E+03   
-1.478453E+03   
-8.085104E+02   
-1.367495E+02   
 5.353183E+02   
 1.206181E+03   
 1.874330E+03   
 2.538270E+03   
 3.196521E+03   
 3.847627E+03   
 4.490161E+03   
 5.122729E+03   
 5.743980E+03   
 6.352604E+03   
 6.947344E+03   
 7.526996E+03   
 8.090416E+03   
 8.636521E+03   
 9.164294E+03   
 9.672789E+03   
 1.016113E+04   
 1.062851E+04   
 1.107422E+04   
 1.149759E+04   
 1.189806E+04   
 1.227514E+04   
 1.262841E+04   
 1.295755E+04   
 1.326228E+04   
 1.354245E+04   
 1.379794E+04   
 1.402872E+04   
 1.423484E+04   
 1.441641E+04   
 1.457361E+04   
 1.470669E+04   
 1.481596E+04   
 1.490177E+04   
 1.496454E+04   
 1.500476E+04   
 1.502294E+04   
 1.501964E+04   
 1.499548E+04   
 1.495109E+04   
 1.488714E+04   
 1.480435E+04   
 1.470345E+04   
 1.458518E+04   
 1.445033E+04   
 1.429969E+04   
 1.413404E+04   
 1.395420E+04   
 1.376099E+04   
 1.355523E+04   
 1.333773E+04   
 1.310930E+04   
 1.287076E+04   
 1.262291E+04   
 1.236655E+04   
 1.210244E+04   
 1.183136E+04   
 1.155407E+04   
 1.127129E+04   
 1.098375E+04   
 1.069214E+04   
 1.039714E+04   
 1.009941E+04   
 9.799571E+03   
 9.498247E+03   
 9.196023E+03   
 8.893464E+03   
 8.591113E+03   
 8.289486E+03   
 7.989079E+03   
 7.690361E+03   
 7.393779E+03   
 7.099758E+03   
 6.808698E+03   
 6.520978E+03   
 6.236954E+03   
 5.956961E+03   
 5.681313E+03   
 5.410304E+03   
 5.144207E+03   
 4.883278E+03   
 4.627754E+03   
 4.377853E+03   
 4.133778E+03   
 3.895716E+03   
 3.663837E+03   
 3.438297E+03   
 3.219241E+03   
 3.006797E+03   
 2.801083E+03   
 2.602204E+03   
 2.410257E+03   
 2.225326E+03   
 2.047487E+03   
 1.876807E+03   
 1.713346E+03   
 1.557155E+03   
 1.408279E+03   
 1.266758E+03   
 1.132625E+03   
 1.005909E+03   
 8.866328E+02   
 7.748172E+02   
 6.704785E+02   
 5.736300E+02   
 4.842827E+02   
 4.024448E+02   
 3.281229E+02   
 2.613220E+02   
 2.020455E+02   
 1.502961E+02   
 1.060753E+02   
 6.938431E+01   
 4.022373E+01   
 1.859389E+01   
 4.494952E+00   
-2.073035E+00   
-1.110057E+00   
 7.383886E+00   
 2.340877E+01   
 4.696452E+01   
 7.805095E+01   
 1.166676E+02   
 1.628139E+02   
 2.164884E+02   
 2.776894E+02   
 3.464141E+02   
 4.226585E+02   
 5.064175E+02   
 5.976839E+02   
 6.964489E+02   
 8.027010E+02   
 9.164261E+02   
 1.037607E+03   
 1.166222E+03   
 1.302247E+03   
 1.445652E+03   
 1.596402E+03   
 1.754456E+03   
 1.919769E+03   
 2.092285E+03   
 2.271944E+03   
 2.458676E+03   
 2.652404E+03   
 2.853040E+03   
 3.060485E+03   
 3.274631E+03   
 3.495357E+03   
 3.722531E+03   
 3.956006E+03   
 4.195622E+03   
 4.441204E+03   
 4.692561E+03   
 4.949488E+03   
 5.211761E+03   
 5.479137E+03   
 5.751358E+03   
 6.028144E+03   
 6.309196E+03   
 6.594196E+03   
 6.882802E+03   
 7.174653E+03   
 7.469365E+03   
 7.766531E+03   
 8.065721E+03   
 8.366482E+03   
 8.668338E+03   
 8.970788E+03   
 9.273308E+03   
 9.575351E+03   
 9.876345E+03   
 1.017570E+04   
 1.047279E+04   
 1.076698E+04   
 1.105760E+04   
 1.134398E+04   
 1.162542E+04   
 1.190118E+04   
 1.217054E+04   
 1.243273E+04   
 1.268698E+04   
 1.293251E+04   
 1.316852E+04   
 1.339422E+04   
 1.360878E+04   
 1.381140E+04   
 1.400125E+04   
 1.417751E+04   
 1.433938E+04   
 1.448605E+04   
 1.461671E+04   
 1.473059E+04   
 1.482691E+04   
 1.490492E+04   
 1.496391E+04   
 1.500317E+04   
 1.502204E+04   
 1.501987E+04   
 1.499608E+04   
 1.495012E+04   
 1.488147E+04   
 1.478967E+04   
 1.467433E+04   
 1.453508E+04   
 1.437164E+04   
 1.418378E+04   
 1.397134E+04   
 1.373422E+04   
 1.347239E+04   
 1.318591E+04   
 1.287489E+04   
 1.253953E+04   
 1.218012E+04   
 1.179700E+04   
 1.139061E+04   
 1.096146E+04   
 1.051014E+04   
 1.003732E+04   
 9.543741E+03   
 9.030229E+03   
 8.497677E+03   
 7.947050E+03   
 7.379381E+03   
 6.795770E+03   
 6.197377E+03   
 5.585420E+03   
 4.961170E+03   
 4.325947E+03   
 3.681115E+03   
 3.028076E+03   
 2.368265E+03   
 1.703145E+03   
 1.034200E+03   
 3.629299E+02   
-3.091563E+02   
-9.805459E+02   
-1.649729E+03   
-2.315205E+03   
-2.975489E+03   
-3.629116E+03   
-4.274647E+03   
-4.910679E+03   
-5.535844E+03   
-6.148820E+03   
-6.748330E+03   
-7.333152E+03   
-7.902122E+03   
-8.454136E+03   
-8.988154E+03   
-9.503207E+03   
-9.998393E+03   
-1.047289E+04   
-1.092594E+04   
-1.135687E+04   
-1.176508E+04   
-1.215006E+04   
-1.251137E+04   
-1.284865E+04   
-1.316161E+04   
-1.345005E+04   
-1.371384E+04   
-1.395293E+04   
-1.416733E+04   
-1.435714E+04   
-1.452252E+04   
-1.466369E+04   
-1.478093E+04   
-1.487460E+04   
-1.494508E+04   
-1.499284E+04   
-1.501839E+04   
-1.502226E+04   
-1.500507E+04   
-1.496742E+04   
-1.490999E+04   
-1.483348E+04   
-1.473861E+04   
-1.462612E+04   
-1.449679E+04   
-1.435139E+04   
-1.419072E+04   
-1.401559E+04   
-1.382681E+04   
-1.362520E+04   
-1.341159E+04   
-1.318677E+04   
-1.295157E+04   
-1.270679E+04   
-1.245322E+04   
-1.219166E+04   
-1.192287E+04   
-1.164762E+04   
-1.136663E+04   
-1.108064E+04   
-1.079035E+04   
-1.049644E+04   
-1.019957E+04   
-9.900401E+03   
-9.599536E+03   
-9.297576E+03   
-8.995092E+03   
-8.692636E+03   
-8.390733E+03   
-8.089884E+03   
-7.790569E+03   
-7.493243E+03   
-7.198336E+03   
-6.906258E+03   
-6.617394E+03   
-6.332108E+03   
-6.050743E+03   
-5.773619E+03   
-5.501036E+03   
-5.233276E+03   
-4.970599E+03   
-4.713248E+03   
-4.461449E+03   
-4.215410E+03   
-3.975321E+03   
-3.741360E+03   
-3.513686E+03   
-3.292449E+03   
-3.077782E+03   
-2.869805E+03   
-2.668630E+03   
-2.474355E+03   
-2.287068E+03   
-2.106849E+03   
-1.933766E+03   
-1.767883E+03   
-1.609254E+03   
-1.457925E+03   
-1.313938E+03   
-1.177328E+03   
-1.048126E+03   
-9.263561E+02   
-8.120403E+02   
-7.051961E+02   
-6.058378E+02   
-5.139773E+02   
-4.296235E+02   
-3.527837E+02   
-2.834633E+02   
-2.216662E+02   
-1.673954E+02   
-1.206527E+02   
-8.143952E+01   
-4.975653E+01   
-2.560419E+01   
-8.982703E+00   
 1.078425E-01   
 1.667424E+00   
-4.303960E+00   
-1.780630E+01   
-3.883953E+01   
-6.740351E+01   
-1.034979E+02   
-1.471221E+02   
-1.982751E+02   
-2.569553E+02   
-3.231600E+02   
-3.968860E+02   
-4.781283E+02   
-5.668806E+02   
-6.631346E+02   
-7.668797E+02   
-8.781028E+02   
-9.967875E+02   
-1.122914E+03   
-1.256459E+03   
-1.397394E+03   
-1.545687E+03   
-1.701297E+03   
-1.864182E+03   
-2.034289E+03   
-2.211560E+03   
-2.395928E+03   
-2.587319E+03   
-2.785647E+03   
-2.990818E+03   
-3.202728E+03   
-3.421259E+03   
-3.646283E+03   
-3.877657E+03   
-4.115228E+03   
-4.358824E+03   
-4.608260E+03   
-4.863337E+03   
-5.123834E+03   
-5.389518E+03   
-5.660135E+03   
-5.935411E+03   
-6.215056E+03   
-6.498756E+03   
-6.786178E+03   
-7.076968E+03   
-7.370748E+03   
-7.667120E+03   
-7.965662E+03   
-8.265928E+03   
-8.567450E+03   
-8.869735E+03   
-9.172267E+03   
-9.474507E+03   
-9.775892E+03   
-1.007583E+04   
-1.037372E+04   
-1.066893E+04   
-1.096079E+04   
-1.124864E+04   
-1.153178E+04   
-1.180949E+04   
-1.208103E+04   
-1.234567E+04   
-1.260263E+04   
-1.285113E+04   
-1.309038E+04   
-1.331958E+04   
-1.353793E+04   
-1.374459E+04   
-1.393876E+04   
-1.411963E+04   
-1.428636E+04   
-1.443817E+04   
-1.457423E+04   
-1.469377E+04   
-1.479601E+04   
-1.488019E+04   
-1.494559E+04   
-1.499149E+04   
-1.501721E+04   
-1.502211E+04   
-1.500558E+04   
-1.496706E+04   
-1.490602E+04   
-1.482198E+04   
-1.471453E+04   
-1.458328E+04   
-1.442794E+04   
-1.424824E+04   
-1.404401E+04   
-1.381513E+04   
-1.356155E+04   
-1.328328E+04   
-1.298044E+04   
-1.265319E+04   
-1.230178E+04   
-1.192654E+04   
-1.152787E+04   
-1.110627E+04   
-1.066229E+04   
-1.019659E+04   
-9.709872E+03   
-9.202940E+03   
-8.676664E+03   
-8.131986E+03   
-7.569916E+03   
-6.991531E+03   
-6.397973E+03   
-5.790440E+03   
-5.170185E+03   
-4.538514E+03   
-3.896776E+03   
-3.246359E+03   
-2.588690E+03   
-1.925223E+03   
-1.257433E+03   
-5.868179E+02   
 8.511712E+01   
 7.568598E+02   
 1.426899E+03   
 2.093730E+03   
 2.755862E+03   
 3.411823E+03   
 4.060166E+03   
 4.699475E+03   
 5.328368E+03   
 5.945509E+03   
 6.549606E+03   
 7.139417E+03   
 7.713759E+03   
 8.271508E+03   
 8.811601E+03   
 9.333047E+03   
 9.834920E+03   
 1.031637E+04   
 1.077662E+04   
 1.121497E+04   
 1.163079E+04   
 1.202355E+04   
 1.239278E+04   
 1.273808E+04   
 1.305916E+04   
 1.335577E+04   
 1.362778E+04   
 1.387510E+04   
 1.409772E+04   
 1.429571E+04   
 1.446921E+04   
 1.461842E+04   
 1.474360E+04   
 1.484509E+04   
 1.492325E+04   
 1.497854E+04   
 1.501145E+04   
 1.502249E+04   
 1.501226E+04   
 1.498137E+04   
 1.493048E+04   
 1.486026E+04   
 1.477145E+04   
 1.466476E+04   
 1.454098E+04   
 1.440086E+04   
 1.424522E+04   
 1.407484E+04   
 1.389054E+04   
 1.369315E+04   
 1.348346E+04   
 1.326231E+04   
 1.303051E+04   
 1.278886E+04   
 1.253816E+04   
 1.227920E+04   
 1.201276E+04   
 1.173960E+04   
 1.146047E+04   
 1.117609E+04   
 1.088718E+04   
 1.059443E+04   
 1.029850E+04   
 1.000006E+04   
 9.699714E+03   
 9.398078E+03   
 9.095731E+03   
 8.793230E+03   
 8.491109E+03   
 8.189878E+03   
 7.890023E+03   
 7.592007E+03   
 7.296269E+03   
 7.003226E+03   
 6.713270E+03   
 6.426774E+03   
 6.144085E+03   
 5.865533E+03   
 5.591424E+03   
 5.322045E+03   
 5.057665E+03   
 4.798532E+03   
 4.544876E+03   
 4.296913E+03   
 4.054837E+03   
 3.818832E+03   
 3.589062E+03   
 3.365680E+03   
 3.148824E+03   
 2.938620E+03   
 2.735182E+03   
 2.538611E+03   
 2.349001E+03   
 2.166431E+03   
 1.990977E+03   
 1.822702E+03   
 1.661663E+03   
 1.507909E+03   
 1.361484E+03   
 1.222425E+03   
 1.090763E+03   
 9.665260E+02   
 8.497361E+02   
 7.404122E+02   
 6.385698E+02   
 5.442213E+02   
 4.573768E+02   
 3.780439E+02   
 3.062288E+02   
 2.419358E+02   
 1.851681E+02   
 1.359280E+02   
 9.421696E+01   
 6.003593E+01   
 3.338542E+01   
 1.426572E+01   
 2.676932E+00   
-1.380897E+00   
 2.092240E+00   
 1.309634E+01   
 3.163135E+01   
 5.769717E+01   
 9.129355E+01   
 1.324200E+02   
 1.810755E+02   
 2.372588E+02   
 3.009676E+02   
 3.721989E+02   
 4.509481E+02   
 5.372097E+02   
 6.309758E+02   
 7.322367E+02   
 8.409801E+02   
 9.571908E+02   
 1.080850E+03   
 1.211936E+03   
 1.350422E+03   
 1.496276E+03   
 1.649462E+03   
 1.809937E+03   
 1.977652E+03   
 2.152550E+03   
 2.334569E+03   
 2.523636E+03   
 2.719668E+03   
 2.922577E+03   
 3.132258E+03   
 3.348601E+03   
 3.571481E+03   
 3.800759E+03   
 4.036285E+03   
 4.277894E+03   
 4.525407E+03   
 4.778626E+03   
 5.037341E+03   
 5.301321E+03   
 5.570319E+03   
 5.844069E+03   
 6.122285E+03   
 6.404661E+03   
 6.690872E+03   
 6.980569E+03   
 7.273384E+03   
 7.568924E+03   
 7.866775E+03   
 8.166500E+03   
 8.467637E+03   
 8.769702E+03   
 9.072188E+03   
 9.374561E+03   
 9.676267E+03   
 9.976726E+03   
 1.027534E+04   
 1.057147E+04   
 1.086449E+04   
 1.115371E+04   
 1.143846E+04   
 1.171801E+04   
 1.199165E+04   
 1.225863E+04   
 1.251819E+04   
 1.276954E+04   
 1.301191E+04   
 1.324449E+04   
 1.346649E+04   
 1.367707E+04   
 1.387544E+04   
 1.406076E+04   
 1.423223E+04   
 1.438903E+04   
 1.453036E+04   
 1.465542E+04   
 1.476344E+04   
 1.485365E+04   
 1.492531E+04   
 1.497770E+04   
 1.501015E+04   
 1.502198E+04   
 1.501258E+04   
 1.498137E+04   
 1.492781E+04   
 1.485141E+04   
 1.475173E+04   
 1.462837E+04   
 1.448101E+04   
 1.430938E+04   
 1.411327E+04   
 1.389254E+04   
 1.364712E+04   
 1.337701E+04   
 1.308228E+04   
 1.276307E+04   
 1.241962E+04   
 1.205223E+04   
 1.166127E+04   
 1.124720E+04   
 1.081057E+04   
 1.035199E+04   
 9.872152E+03   
 9.371833E+03   
 8.851875E+03   
 8.313197E+03   
 7.756788E+03   
 7.183704E+03   
 6.595065E+03   
 5.992049E+03   
 5.375894E+03   
 4.747888E+03   
 4.109365E+03   
 3.461702E+03   
 2.806314E+03   
 2.144644E+03   
 1.478164E+03   
 8.083619E+02   
 1.367427E+02   
-5.351835E+02   
-1.205905E+03   
-1.873914E+03   
-2.537714E+03   
-3.195828E+03   
-3.846799E+03   
-4.489200E+03   
-5.121639E+03   
-5.742762E+03   
-6.351264E+03   
-6.945885E+03   
-7.525423E+03   
-8.088732E+03   
-8.634732E+03   
-9.162406E+03   
-9.670806E+03   
-1.015906E+04   
-1.062636E+04   
-1.107198E+04   
-1.149529E+04   
-1.189569E+04   
-1.227271E+04   
-1.262593E+04   
-1.295502E+04   
-1.325972E+04   
-1.353985E+04   
-1.379531E+04   
-1.402608E+04   
-1.423218E+04   
-1.441375E+04   
-1.457094E+04   
-1.470403E+04   
-1.481330E+04   
-1.489912E+04   
-1.496192E+04   
-1.500216E+04   
-1.502037E+04   
-1.501711E+04   
-1.499298E+04   
-1.494863E+04   
-1.488473E+04   
-1.480199E+04   
-1.470114E+04   
-1.458293E+04   
-1.444814E+04   
-1.429755E+04   
-1.413197E+04   
-1.395220E+04   
-1.375906E+04   
-1.355337E+04   
-1.333594E+04   
-1.310758E+04   
-1.286912E+04   
-1.262134E+04   
-1.236505E+04   
-1.210102E+04   
-1.183002E+04   
-1.155281E+04   
-1.127011E+04   
-1.098264E+04   
-1.069111E+04   
-1.039618E+04   
-1.009852E+04   
-9.798761E+03   
-9.497510E+03   
-9.195360E+03   
-8.892873E+03   
-8.590593E+03   
-8.289037E+03   
-7.988698E+03   
-7.690048E+03   
-7.393534E+03   
-7.099578E+03   
-6.808583E+03   
-6.520926E+03   
-6.236964E+03   
-5.957031E+03   
-5.681443E+03   
-5.410491E+03   
-5.144452E+03   
-4.883578E+03   
-4.628108E+03   
-4.378261E+03   
-4.134238E+03   
-3.896227E+03   
-3.664398E+03   
-3.438908E+03   
-3.219899E+03   
-3.007502E+03   
-2.801834E+03   
-2.603001E+03   
-2.411098E+03   
-2.226210E+03   
-2.048414E+03   
-1.877776E+03   
-1.714356E+03   
-1.558206E+03   
-1.409371E+03   
-1.267889E+03   
-1.133796E+03   
-1.007118E+03   
-8.878802E+02   
-7.761025E+02   
-6.718014E+02   
-5.749904E+02   
-4.856802E+02   
-4.038793E+02   
-3.295942E+02   
-2.628299E+02   
-2.035899E+02   
-1.518769E+02   
-1.076924E+02   
-7.103774E+01   
-4.191342E+01   
-2.031981E+01   
-6.257098E+00   
 2.746695E-01   
-7.245280E-01   
-9.254688E+00   
-2.531578E+01   
-4.890773E+01   
-8.003033E+01   
-1.186832E+02   
-1.648655E+02   
-2.185760E+02   
-2.798128E+02   
-3.485732E+02   
-4.248531E+02   
-5.086473E+02   
-5.999487E+02   
-6.987483E+02   
-8.050346E+02   
-9.187935E+02   
-1.040007E+03   
-1.168655E+03   
-1.304712E+03   
-1.448148E+03   
-1.598928E+03   
-1.757012E+03   
-1.922352E+03   
-2.094895E+03   
-2.274579E+03   
-2.461336E+03   
-2.655086E+03   
-2.855742E+03   
-3.063206E+03   
-3.277369E+03   
-3.498110E+03   
-3.725295E+03   
-3.958780E+03   
-4.198403E+03   
-4.443989E+03   
-4.695347E+03   
-4.952272E+03   
-5.214538E+03   
-5.481905E+03   
-5.754112E+03   
-6.030881E+03   
-6.311912E+03   
-6.596886E+03   
-6.885462E+03   
-7.177278E+03   
-7.471949E+03   
-7.769070E+03   
-8.068208E+03   
-8.368913E+03   
-8.670706E+03   
-8.973088E+03   
-9.275534E+03   
-9.577496E+03   
-9.878403E+03   
-1.017766E+04   
-1.047465E+04   
-1.076873E+04   
-1.105925E+04   
-1.134551E+04   
-1.162681E+04   
-1.190244E+04   
-1.217166E+04   
-1.243370E+04   
-1.268779E+04   
-1.293316E+04   
-1.316901E+04   
-1.339453E+04   
-1.360891E+04   
-1.381134E+04   
-1.400099E+04   
-1.417706E+04   
-1.433872E+04   
-1.448517E+04   
-1.461562E+04   
-1.472928E+04   
-1.482537E+04   
-1.490316E+04   
-1.496192E+04   
-1.500094E+04   
-1.501957E+04   
-1.501717E+04   
-1.499314E+04   
-1.494694E+04   
-1.487805E+04   
-1.478601E+04   
-1.467043E+04   
-1.453095E+04   
-1.436729E+04   
-1.417920E+04   
-1.396654E+04   
-1.372920E+04   
-1.346716E+04   
-1.318048E+04   
-1.286926E+04   
-1.253373E+04   
-1.217414E+04   
-1.179085E+04   
-1.138431E+04   
-1.095501E+04   
-1.050356E+04   
-1.003062E+04   
-9.536937E+03   
-9.023334E+03   
-8.490704E+03   
-7.940014E+03   
-7.372298E+03   
-6.788655E+03   
-6.190246E+03   
-5.578288E+03   
-4.954054E+03   
-4.318863E+03   
-3.674078E+03   
-3.021103E+03   
-2.361372E+03   
-1.696348E+03   
-1.027514E+03   
-3.563697E+02   
 3.155754E+02   
 9.868095E+02   
 1.655823E+03   
 2.321117E+03   
 2.981205E+03   
 3.634624E+03   
 4.279937E+03   
 4.915739E+03   
 5.540665E+03   
 6.153392E+03   
 6.752645E+03   
 7.337203E+03   
 7.905903E+03   
 8.457640E+03   
 8.991378E+03   
 9.506146E+03   
 1.000105E+04   
 1.047525E+04   
 1.092801E+04   
 1.135865E+04   
 1.176658E+04   
 1.215127E+04   
 1.251229E+04   
 1.284929E+04   
 1.316197E+04   
 1.345013E+04   
 1.371366E+04   
 1.395248E+04   
 1.416663E+04   
 1.435620E+04   
 1.452134E+04   
 1.466227E+04   
 1.477929E+04   
 1.487274E+04   
 1.494302E+04   
 1.499059E+04   
 1.501595E+04   
 1.501965E+04   
 1.500229E+04   
 1.496449E+04   
 1.490692E+04   
 1.483027E+04   
 1.473528E+04   
 1.462268E+04   
 1.449324E+04   
 1.434775E+04   
 1.418700E+04   
 1.401180E+04   
 1.382297E+04   
 1.362131E+04   
 1.340765E+04   
 1.318280E+04   
 1.294757E+04   
 1.270278E+04   
 1.244921E+04   
 1.218765E+04   
 1.191887E+04   
 1.164363E+04   
 1.136267E+04   
 1.107671E+04   
 1.078645E+04   
 1.049259E+04   
 1.019578E+04   
 9.896661E+03   
 9.595856E+03   
 9.293961E+03   
 8.991548E+03   
 8.689166E+03   
 8.387341E+03   
 8.086575E+03   
 7.787345E+03   
 7.490107E+03   
 7.195292E+03   
 6.903308E+03   
 6.614540E+03   
 6.329353E+03   
 6.048089E+03   
 5.771067E+03   
 5.498588E+03   
 5.230933E+03   
 4.968363E+03   
 4.711120E+03   
 4.459430E+03   
 4.213499E+03   
 3.973521E+03   
 3.739669E+03   
 3.512107E+03   
 3.290981E+03   
 3.076425E+03   
 2.868561E+03   
 2.667497E+03   
 2.473334E+03   
 2.286159E+03   
 2.106051E+03   
 1.933081E+03   
 1.767309E+03   
 1.608791E+03   
 1.457574E+03   
 1.313698E+03   
 1.177199E+03   
 1.048107E+03   
 9.264481E+02   
 8.122426E+02   
 7.055086E+02   
 6.062604E+02   
 5.145097E+02   
 4.302657E+02   
 3.535355E+02   
 2.843246E+02   
 2.226369E+02   
 1.684754E+02   
 1.218420E+02   
 8.273802E+01   
 5.116422E+01   
 2.712104E+01   
 1.060871E+01   
 1.627306E+00   
 1.768673E-01   
 6.257393E+00   
 1.986886E+01   
 4.101122E+01   
 6.968430E+01   
 1.058878E+02   
 1.496210E+02   
 2.008829E+02   
 2.596717E+02   
 3.259851E+02   
 3.998194E+02   
 4.811698E+02   
 5.700299E+02   
 6.663912E+02   
 7.702431E+02   
 8.815724E+02   
 1.000363E+03   
 1.126594E+03   
 1.260243E+03   
 1.401281E+03   
 1.549674E+03   
 1.705385E+03   
 1.868368E+03   
 2.038572E+03   
 2.215938E+03   
 2.400399E+03   
 2.591880E+03   
 2.790296E+03   
 2.995553E+03   
 3.207544E+03   
 3.426154E+03   
 3.651253E+03   
 3.882699E+03   
 4.120336E+03   
 4.363995E+03   
 4.613489E+03   
 4.868617E+03   
 5.129162E+03   
 5.394887E+03   
 5.665538E+03   
 5.940842E+03   
 6.220507E+03   
 6.504220E+03   
 6.791648E+03   
 7.082435E+03   
 7.376204E+03   
 7.672555E+03   
 7.971066E+03   
 8.271292E+03   
 8.572763E+03   
 8.874987E+03   
 9.177447E+03   
 9.479603E+03   
 9.780891E+03   
 1.008072E+04   
 1.037849E+04   
 1.067356E+04   
 1.096528E+04   
 1.125297E+04   
 1.153593E+04   
 1.181345E+04   
 1.208480E+04   
 1.234922E+04   
 1.260594E+04   
 1.285420E+04   
 1.309319E+04   
 1.332212E+04   
 1.354017E+04   
 1.374653E+04   
 1.394039E+04   
 1.412092E+04   
 1.428731E+04   
 1.443876E+04   
 1.457445E+04   
 1.469361E+04   
 1.479545E+04   
 1.487923E+04   
 1.494421E+04   
 1.498968E+04   
 1.501497E+04   
 1.501943E+04   
 1.500245E+04   
 1.496348E+04   
 1.490198E+04   
 1.481748E+04   
 1.470956E+04   
 1.457784E+04   
 1.442203E+04   
 1.424188E+04   
 1.403719E+04   
 1.380785E+04   
 1.355381E+04   
 1.327511E+04   
 1.297183E+04   
 1.264415E+04   
 1.229233E+04   
 1.191669E+04   
 1.151764E+04   
 1.109567E+04   
 1.065135E+04   
 1.018531E+04   
 9.698288E+03   
 9.191069E+03   
 8.664528E+03   
 8.119609E+03   
 7.557323E+03   
 6.978749E+03   
 6.385028E+03   
 5.777360E+03   
 5.156999E+03   
 4.525251E+03   
 3.883464E+03   
 3.233029E+03   
 2.575372E+03   
 1.911945E+03   
 1.244228E+03   
 5.737137E+02   
-9.809037E+01   
-7.696729E+02   
-1.439523E+03   
-2.106137E+03   
-2.768025E+03   
-3.423716E+03   
-4.071763E+03   
-4.710751E+03   
-5.339301E+03   