 0.000000E+00   
-1.261971E-01   
-5.019702E-01   
-1.128258E+00   
-2.005060E+00   
-3.132374E+00   
-4.510193E+00   
-6.138511E+00   
-8.017311E+00   
-1.014657E+01   
-1.252627E+01   
-1.515635E+01   
-1.803677E+01   
-2.116745E+01   
-2.454829E+01   
-2.817918E+01   
-3.205997E+01   
-3.619048E+01   
-4.057050E+01   
-4.519977E+01   
-5.007799E+01   
-5.520481E+01   
-6.057981E+01   
-6.620254E+01   
-7.207244E+01   
-7.818890E+01   
-8.455123E+01   
-9.115865E+01   
-9.801028E+01   
-1.051051E+02   
-1.124421E+02   
-1.200201E+02   
-1.278376E+02   
-1.358933E+02   
-1.441856E+02   
-1.527126E+02   
-1.614725E+02   
-1.704633E+02   
-1.796826E+02   
-1.891280E+02   
-1.987970E+02   
-2.086866E+02   
-2.187939E+02   
-2.291156E+02   
-2.396482E+02   
-2.503880E+02   
-2.613310E+02   
-2.724731E+02   
-2.838098E+02   
-2.953362E+02   
-3.070475E+02   
-3.189382E+02   
-3.310028E+02   
-3.432355E+02   
-3.556299E+02   
-3.681795E+02   
-3.808777E+02   
-3.937171E+02   
-4.066903E+02   
-4.197896E+02   
-4.330067E+02   
-4.463333E+02   
-4.597604E+02   
-4.732790E+02   
-4.868796E+02   
-5.005524E+02   
-5.142872E+02   
-5.280736E+02   
-5.419007E+02   
-5.557575E+02   
-5.696325E+02   
-5.835140E+02   
-5.973900E+02   
-6.112482E+02   
-6.250759E+02   
-6.388605E+02   
-6.525887E+02   
-6.662473E+02   
-6.798227E+02   
-6.933013E+02   
-7.066691E+02   
-7.199121E+02   
-7.330161E+02   
-7.459668E+02   
-7.587499E+02   
-7.713508E+02   
-7.837553E+02   
-7.959487E+02   
-8.079166E+02   
-8.196446E+02   
-8.311185E+02   
-8.423239E+02   
-8.532468E+02   
-8.638733E+02   
-8.741898E+02   
-8.841828E+02   
-8.938390E+02   
-9.031457E+02   
-9.120903E+02   
-9.206606E+02   
-9.288448E+02   
-9.366316E+02   
-9.440100E+02   
-9.509698E+02   
-9.575009E+02   
-9.635941E+02   
-9.692405E+02   
-9.744320E+02   
-9.791610E+02   
-9.834206E+02   
-9.872045E+02   
-9.905072E+02   
-9.933237E+02   
-9.956498E+02   
-9.974821E+02   
-9.988178E+02   
-9.996550E+02   
-9.999924E+02   
-9.998295E+02   
-9.991664E+02   
-9.980044E+02   
-9.963449E+02   
-9.941907E+02   
-9.915448E+02   
-9.884112E+02   
-9.847945E+02   
-9.807002E+02   
-9.761342E+02   
-9.711033E+02   
-9.656147E+02   
-9.596765E+02   
-9.532973E+02   
-9.464862E+02   
-9.392528E+02   
-9.316075E+02   
-9.235609E+02   
-9.151243E+02   
-9.063093E+02   
-8.971278E+02   
-8.875925E+02   
-8.777159E+02   
-8.675113E+02   
-8.569918E+02   
-8.461713E+02   
-8.350634E+02   
-8.236822E+02   
-8.120419E+02   
-8.001567E+02   
-7.880410E+02   
-7.757093E+02   
-7.631760E+02   
-7.504556E+02   
-7.375625E+02   
-7.245112E+02   
-7.113159E+02   
-6.979909E+02   
-6.845503E+02   
-6.710080E+02   
-6.573778E+02   
-6.436732E+02   
-6.299078E+02   
-6.160946E+02   
-6.022465E+02   
-5.883763E+02   
-5.744963E+02   
-5.606186E+02   
-5.467552E+02   
-5.329174E+02   
-5.191165E+02   
-5.053635E+02   
-4.916688E+02   
-4.780429E+02   
-4.644955E+02   
-4.510363E+02   
-4.376746E+02   
-4.244192E+02   
-4.112788E+02   
-3.982616E+02   
-3.853755E+02   
-3.726281E+02   
-3.600267E+02   
-3.475782E+02   
-3.352892E+02   
-3.231661E+02   
-3.112148E+02   
-2.994411E+02   
-2.878503E+02   
-2.764476E+02   
-2.652378E+02   
-2.542255E+02   
-2.434150E+02   
-2.328103E+02   
-2.224153E+02   
-2.122334E+02   
-2.022681E+02   
-1.925224E+02   
-1.829993E+02   
-1.737013E+02   
-1.646311E+02   
-1.557909E+02   
-1.471829E+02   
-1.388091E+02   
-1.306711E+02   
-1.227708E+02   
-1.151095E+02   
-1.076888E+02   
-1.005097E+02   
-9.357351E+01   
-8.688118E+01   
-8.043363E+01   
-7.423168E+01   
-6.827605E+01   
-6.256738E+01   
-5.710623E+01   
-5.189311E+01   
-4.692844E+01   
-4.221260E+01   
-3.774590E+01   
-3.352862E+01   
-2.956098E+01   
-2.584318E+01   
-2.237537E+01   
-1.915768E+01   
-1.619022E+01   
-1.347306E+01   
-1.100627E+01   
-8.789898E+00   
-6.823974E+00   
-5.108525E+00   
-3.643568E+00   
-2.429112E+00   
-1.465165E+00   
-7.517299E-01   
-2.888090E-01   
-7.640294E-02   
-1.145121E-01   
-4.031365E-01   
-9.422760E-01   
-1.731930E+00   
-2.772096E+00   
-4.062771E+00   
-5.603946E+00   
-7.395610E+00   
-9.437744E+00   
-1.173032E+01   
-1.427330E+01   
-1.706664E+01   
-2.011026E+01   
-2.340409E+01   
-2.694800E+01   
-3.074186E+01   
-3.478551E+01   
-3.907875E+01   
-4.362132E+01   
-4.841296E+01   
-5.345332E+01   
-5.874201E+01   
-6.427859E+01   
-7.006253E+01   
-7.609326E+01   
-8.237011E+01   
-8.889231E+01   
-9.565904E+01   
-1.026693E+02   
-1.099222E+02   
-1.174164E+02   
-1.251506E+02   
-1.331236E+02   
-1.413336E+02   
-1.497791E+02   
-1.584581E+02   
-1.673687E+02   
-1.765086E+02   
-1.858756E+02   
-1.954669E+02   
-2.052800E+02   
-2.153117E+02   
-2.255590E+02   
-2.360185E+02   
-2.466864E+02   
-2.575590E+02   
-2.686321E+02   
-2.799014E+02   
-2.913621E+02   
-3.030093E+02   
-3.148379E+02   
-3.268424E+02   
-3.390169E+02   
-3.513554E+02   
-3.638515E+02   
-3.764983E+02   
-3.892890E+02   
-4.022162E+02   
-4.152720E+02   
-4.284486E+02   
-4.417376E+02   
-4.551303E+02   
-4.686176E+02   
-4.821902E+02   
-4.958384E+02   
-5.095522E+02   
-5.233212E+02   
-5.371348E+02   
-5.509818E+02   
-5.648511E+02   
-5.787310E+02   
-5.926096E+02   
-6.064746E+02   
-6.203136E+02   
-6.341138E+02   
-6.478623E+02   
-6.615458E+02   
-6.751508E+02   
-6.886638E+02   
-7.020708E+02   
-7.153579E+02   
-7.285109E+02   
-7.415156E+02   
-7.543576E+02   
-7.670226E+02   
-7.794960E+02   
-7.917635E+02   
-8.038104E+02   
-8.156225E+02   
-8.271853E+02   
-8.384846E+02   
-8.495063E+02   
-8.602364E+02   
-8.706612E+02   
-8.807671E+02   
-8.905408E+02   
-8.999695E+02   
-9.090403E+02   
-9.177410E+02   
-9.260597E+02   
-9.339849E+02   
-9.415055E+02   
-9.486110E+02   
-9.552912E+02   
-9.615367E+02   
-9.673384E+02   
-9.726880E+02   
-9.775776E+02   
-9.820003E+02   
-9.859493E+02   
-9.894190E+02   
-9.924042E+02   
-9.949004E+02   
-9.969039E+02   
-9.984118E+02   
-9.994217E+02   
-9.999322E+02   
-9.999425E+02   
-9.994526E+02   
-9.984632E+02   
-9.969759E+02   
-9.949927E+02   
-9.925168E+02   
-9.895518E+02   
-9.861020E+02   
-9.821727E+02   
-9.777695E+02   
-9.728991E+02   
-9.675684E+02   
-9.617854E+02   
-9.555582E+02   
-9.488959E+02   
-9.418081E+02   
-9.343046E+02   
-9.263962E+02   
-9.180939E+02   
-9.094090E+02   
-9.003536E+02   
-8.909399E+02   
-8.811806E+02   
-8.710887E+02   
-8.606773E+02   
-8.499601E+02   
-8.389507E+02   
-8.276632E+02   
-8.161117E+02   
-8.043103E+02   
-7.922735E+02   
-7.800156E+02   
-7.675512E+02   
-7.548946E+02   
-7.420604E+02   
-7.290630E+02   
-7.159166E+02   
-7.026357E+02   
-6.892342E+02   
-6.757263E+02   
-6.621257E+02   
-6.484461E+02   
-6.347010E+02   
-6.209036E+02   
-6.070669E+02   
-5.932037E+02   
-5.793264E+02   
-5.654473E+02   
-5.515783E+02   
-5.377310E+02   
-5.239168E+02   
-5.101467E+02   
-4.964314E+02   
-4.827812E+02   
-4.692062E+02   
-4.557161E+02   
-4.423203E+02   
-4.290278E+02   
-4.158472E+02   
-4.027871E+02   
-3.898554E+02   
-3.770597E+02   
-3.644076E+02   
-3.519060E+02   
-3.395617E+02   
-3.273811E+02   
-3.153702E+02   
-3.035350E+02   
-2.918809E+02   
-2.804131E+02   
-2.691365E+02   
-2.580559E+02   
-2.471756E+02   
-2.364997E+02   
-2.260322E+02   
-2.157767E+02   
-2.057366E+02   
-1.959150E+02   
-1.863150E+02   
-1.769393E+02   
-1.677904E+02   
-1.588708E+02   
-1.501827E+02   
-1.417280E+02   
-1.335087E+02   
-1.255263E+02   
-1.177826E+02   
-1.102789E+02   
-1.030164E+02   
-9.599648E+01   
-8.922005E+01   
-8.268809E+01   
-7.640145E+01   
-7.036088E+01   
-6.456706E+01   
-5.902057E+01   
-5.372194E+01   
-4.867162E+01   
-4.387000E+01   
-3.931741E+01   
-3.501416E+01   
-3.096046E+01   
-2.715655E+01   
-2.360257E+01   
-2.029867E+01   
-1.724497E+01   
-1.444154E+01   
-1.188846E+01   
-9.585776E+00   
-7.533534E+00   
-5.731758E+00   
-4.180468E+00   
-2.879677E+00   
-1.829393E+00   
-1.029620E+00   
-4.803596E-01   
-1.816143E-01   
-1.333841E-01   
-3.356692E-01   
-7.884695E-01   
-1.491784E+00   
-2.445612E+00   
-3.649950E+00   
-5.104792E+00   
-6.810127E+00   
-8.765939E+00   
-1.097220E+01   
-1.342889E+01   
-1.613594E+01   
-1.909331E+01   
-2.230091E+01   
-2.575863E+01   
-2.946636E+01   
-3.342393E+01   
-3.763116E+01   
-4.208782E+01   
-4.679364E+01   
-5.174830E+01   
-5.695143E+01   
-6.240260E+01   
-6.810132E+01   
-7.404704E+01   
-8.023910E+01   
-8.667679E+01   
-9.335930E+01   
-1.002857E+02   
-1.074550E+02   
-1.148661E+02   
-1.225177E+02   
-1.304085E+02   
-1.385369E+02   
-1.469014E+02   
-1.555000E+02   
-1.643309E+02   
-1.733919E+02   
-1.826807E+02   
-1.921949E+02   
-2.019317E+02   
-2.118883E+02   
-2.220615E+02   
-2.324480E+02   
-2.430443E+02   
-2.538466E+02   
-2.648509E+02   
-2.760528E+02   
-2.874478E+02   
-2.990310E+02   
-3.107975E+02   
-3.227416E+02   
-3.348579E+02   
-3.471402E+02   
-3.595823E+02   
-3.721776E+02   
-3.849192E+02   
-3.977997E+02   
-4.108116E+02   
-4.239471E+02   
-4.371978E+02   
-4.505552E+02   
-4.640104E+02   
-4.775542E+02   
-4.911769E+02   
-5.048686E+02   
-5.186192E+02   
-5.324180E+02   
-5.462541E+02   
-5.601163E+02   
-5.739932E+02   
-5.878728E+02   
-6.017432E+02   
-6.155918E+02   
-6.294061E+02   
-6.431730E+02   
-6.568796E+02   
-6.705123E+02   
-6.840577E+02   
-6.975019E+02   
-7.108309E+02   
-7.240308E+02   
-7.370873E+02   
-7.499861E+02   
-7.627127E+02   
-7.752528E+02   
-7.875918E+02   
-7.997153E+02   
-8.116089E+02   
-8.232582E+02   
-8.346488E+02   
-8.457667E+02   
-8.565978E+02   
-8.671282E+02   
-8.773444E+02   
-8.872330E+02   
-8.967809E+02   
-9.059754E+02   
-9.148039E+02   
-9.232545E+02   
-9.313154E+02   
-9.389756E+02   
-9.462242E+02   
-9.530510E+02   
-9.594462E+02   
-9.654008E+02   
-9.709061E+02   
-9.759541E+02   
-9.805374E+02   
-9.846493E+02   
-9.882839E+02   
-9.914356E+02   
-9.940998E+02   
-9.962726E+02   
-9.979506E+02   
-9.991315E+02   
-9.998134E+02   
-9.999953E+02   
-9.996770E+02   
-9.988589E+02   
-9.975422E+02   
-9.957290E+02   
-9.934218E+02   
-9.906243E+02   
-9.873405E+02   
-9.835752E+02   
-9.793342E+02   
-9.746236E+02   
-9.694502E+02   
-9.638218E+02   
-9.577463E+02   
-9.512327E+02   
-9.442901E+02   
-9.369285E+02   
-9.291582E+02   
-9.209902E+02   
-9.124358E+02   
-9.035066E+02   
-8.942150E+02   
-8.845733E+02   
-8.745946E+02   
-8.642919E+02   
-8.536786E+02   
-8.427686E+02   
-8.315755E+02   
-8.201136E+02   
-8.083970E+02   
-7.964400E+02   
-7.842570E+02   
-7.718625E+02   
-7.592709E+02   
-7.464967E+02   
-7.335543E+02   
-7.204582E+02   
-7.072225E+02   
-6.938616E+02   
-6.803893E+02   
-6.668197E+02   
-6.531664E+02   
-6.394430E+02   
-6.256628E+02   
-6.118389E+02   
-5.979840E+02   
-5.841109E+02   
-5.702318E+02   
-5.563587E+02   
-5.425034E+02   
-5.286774E+02   
-5.148916E+02   
-5.011570E+02   
-4.874840E+02   
-4.738828E+02   
-4.603632E+02   
-4.469347E+02   
-4.336064E+02   
-4.203872E+02   
-4.072855E+02   
-3.943094E+02   
-3.814669E+02   
-3.687654E+02   
-3.562120E+02   
-3.438136E+02   
-3.315767E+02   
-3.195076E+02   
-3.076121E+02   
-2.958958E+02   
-2.843641E+02   
-2.730220E+02   
-2.618742E+02   
-2.509253E+02   
-2.401794E+02   
-2.296405E+02   
-2.193124E+02   
-2.091985E+02   
-1.993022E+02   
-1.896263E+02   
-1.801739E+02   
-1.709474E+02   
-1.619495E+02   
-1.531822E+02   
-1.446477E+02   
-1.363479E+02   
-1.282845E+02   
-1.204592E+02   
-1.128735E+02   
-1.055286E+02   
-9.842579E+01   
-9.156615E+01   
-8.495067E+01   
-7.858022E+01   
-7.245560E+01   
-6.657750E+01   
-6.094653E+01   
-5.556325E+01   
-5.042813E+01   
-4.554158E+01   
-4.090395E+01   
-3.651555E+01   
-3.237664E+01   
-2.848743E+01   
-2.484811E+01   
-2.145883E+01   
-1.831970E+01   
-1.543081E+01   
-1.279226E+01   
-1.040408E+01   
-8.266333E+00   
-6.379043E+00   
-4.742232E+00   
-3.355916E+00   
-2.220104E+00   
-1.334802E+00   
-7.000121E-01   
-3.157368E-01   
-1.819765E-01   
-2.987314E-01   
-6.660016E-01   
-1.283787E+00   
-2.152085E+00   
-3.270895E+00   
-4.640211E+00   
-6.260024E+00   
-8.130320E+00   
-1.025108E+01   
-1.262227E+01   
-1.524384E+01   
-1.811576E+01   
-2.123792E+01   
-2.461026E+01   
-2.823264E+01   
-3.210492E+01   
-3.622693E+01   
-4.059844E+01   
-4.521921E+01   
-5.008893E+01   
-5.520725E+01   
-6.057376E+01   
-6.618800E+01   
-7.204942E+01   
-7.815742E+01   
-8.451129E+01   
-9.111026E+01   
-9.795346E+01   
-1.050399E+02   
-1.123685E+02   
-1.199381E+02   
-1.277473E+02   
-1.357947E+02   
-1.440786E+02   
-1.525974E+02   
-1.613491E+02   
-1.703317E+02   
-1.795429E+02   
-1.889803E+02   
-1.986412E+02   
-2.085229E+02   
-2.186224E+02   
-2.289363E+02   
-2.394612E+02   
-2.501934E+02   
-2.611289E+02   
-2.722636E+02   
-2.835929E+02   
-2.951122E+02   
-3.068164E+02   
-3.187002E+02   
-3.307580E+02   
-3.429840E+02   
-3.553720E+02   
-3.679153E+02   
-3.806073E+02   
-3.934408E+02   
-4.064083E+02   
-4.195021E+02   
-4.327139E+02   
-4.460354E+02   
-4.594577E+02   
-4.729717E+02   
-4.865680E+02   
-5.002367E+02   
-5.139678E+02   
-5.277507E+02   
-5.415746E+02   
-5.554286E+02   
-5.693010E+02   
-5.831804E+02   
-5.970545E+02   
-6.109112E+02   
-6.247378E+02   
-6.385216E+02   
-6.522494E+02   
-6.659080E+02   
-6.794839E+02   
-6.929633E+02   
-7.063323E+02   
-7.195770E+02   
-7.326831E+02   
-7.456363E+02   
-7.584223E+02   
-7.710267E+02   
-7.834350E+02   
-7.956327E+02   
-8.076054E+02   
-8.193386E+02   
-8.308181E+02   
-8.420296E+02   
-8.529590E+02   
-8.635925E+02   
-8.739165E+02   
-8.839173E+02   
-8.935818E+02   
-9.028973E+02   
-9.118510E+02   
-9.204308E+02   
-9.286250E+02   
-9.364221E+02   
-9.438113E+02   
-9.507821E+02   
-9.573247E+02   
-9.634296E+02   
-9.690881E+02   
-9.742920E+02   
-9.790338E+02   
-9.833064E+02   
-9.871035E+02   
-9.904196E+02   
-9.932498E+02   
-9.955899E+02   
-9.974362E+02   
-9.987862E+02   
-9.996378E+02   
-9.999896E+02   
-9.998413E+02   
-9.991929E+02   
-9.980456E+02   
-9.964009E+02   
-9.942613E+02   
-9.916302E+02   
-9.885112E+02   
-9.849092E+02   
-9.808295E+02   
-9.762779E+02   
-9.712613E+02   
-9.657869E+02   
-9.598628E+02   
-9.534974E+02   
-9.466999E+02   
-9.394800E+02   
-9.318478E+02   
-9.238142E+02   
-9.153902E+02   
-9.065876E+02   
-8.974183E+02   
-8.878947E+02   
-8.780296E+02   
-8.678361E+02   
-8.573274E+02   
-8.465173E+02   
-8.354195E+02   
-8.240480E+02   
-8.124170E+02   
-8.005407E+02   
-7.884336E+02   
-7.761100E+02   
-7.635844E+02   
-7.508714E+02   
-7.379852E+02   
-7.249405E+02   
-7.117513E+02   
-6.984321E+02   
-6.849968E+02   
-6.714595E+02   
-6.578338E+02   
-6.441335E+02   
-6.303718E+02   
-6.165620E+02   
-6.027170E+02   
-5.888494E+02   
-5.749717E+02   
-5.610960E+02   
-5.472341E+02   
-5.333975E+02   
-5.195975E+02   
-5.058451E+02   
-4.921507E+02   
-4.785247E+02   
-4.649769E+02   
-4.515171E+02   
-4.381544E+02   
-4.248978E+02   
-4.117559E+02   
-3.987369E+02   
-3.858488E+02   
-3.730992E+02   
-3.604954E+02   
-3.480442E+02   
-3.357523E+02   
-3.236261E+02   
-3.116715E+02   
-2.998943E+02   
-2.882999E+02   
-2.768934E+02   
-2.656796E+02   
-2.546632E+02   
-2.438484E+02   
-2.332393E+02   
-2.228397E+02   
-2.126532E+02   
-2.026831E+02   
-1.929325E+02   
-1.834043E+02   
-1.741013E+02   
-1.650259E+02   
-1.561805E+02   
-1.475672E+02   
-1.391879E+02   
-1.310445E+02   
-1.231386E+02   
-1.154717E+02   
-1.080453E+02   
-1.008606E+02   
-9.391864E+01   
-8.722054E+01   
-8.076717E+01   
-7.455937E+01   
-6.859786E+01   
-6.288328E+01   
-5.741621E+01   
-5.219714E+01   
-4.722650E+01   
-4.250467E+01   
-3.803197E+01   
-3.380867E+01   
-2.983500E+01   
-2.611117E+01   
-2.263731E+01   
-1.941358E+01   
-1.644006E+01   
-1.371684E+01   
-1.124399E+01   
-9.021545E+00   
-7.049551E+00   
-5.328030E+00   
-3.856999E+00   
-2.636469E+00   
-1.666448E+00   
-9.469378E-01   
-4.779417E-01   
-2.594604E-01   
-2.914943E-01   
-5.740434E-01   
-1.107108E+00   
-1.890686E+00   
-2.924776E+00   
-4.209375E+00   
-5.744473E+00   
-7.530060E+00   
-9.566116E+00   
-1.185261E+01   
-1.438952E+01   
-1.717677E+01   
-2.021431E+01   
-2.350205E+01   
-2.703988E+01   
-3.082765E+01   
-3.486522E+01   
-3.915236E+01   
-4.368885E+01   
-4.847440E+01   
-5.350867E+01   
-5.879127E+01   
-6.432176E+01   
-7.009962E+01   
-7.612427E+01   
-8.239503E+01   
-8.891116E+01   
-9.567182E+01   
-1.026761E+02   
-1.099228E+02   
-1.174110E+02   
-1.251392E+02   
-1.331061E+02   
-1.413102E+02   
-1.497497E+02   
-1.584227E+02   
-1.673274E+02   
-1.764614E+02   
-1.858224E+02   
-1.954079E+02   
-2.052151E+02   
-2.152411E+02   
-2.254827E+02   
-2.359364E+02   
-2.465987E+02   
-2.574657E+02   
-2.685333E+02   
-2.797971E+02   
-2.912524E+02   
-3.028944E+02   
-3.147177E+02   
-3.267170E+02   
-3.388865E+02   
-3.512200E+02   
-3.637112E+02   
-3.763533E+02   
-3.891394E+02   
-4.020620E+02   
-4.151135E+02   
-4.282858E+02   
-4.415707E+02   
-4.549594E+02   
-4.684429E+02   
-4.820119E+02   
-4.956567E+02   
-5.093672E+02   
-5.231331E+02   
-5.369438E+02   
-5.507881E+02   
-5.646550E+02   
-5.785326E+02   
-5.924091E+02   
-6.062723E+02   
-6.201097E+02   
-6.339087E+02   
-6.476561E+02   
-6.613387E+02   
-6.749432E+02   
-6.884559E+02   
-7.018629E+02   
-7.151503E+02   
-7.283039E+02   
-7.413095E+02   
-7.541527E+02   
-7.668191E+02   
-7.792943E+02   
-7.915638E+02   
-8.036132E+02   
-8.154279E+02   
-8.269937E+02   
-8.382963E+02   
-8.493217E+02   
-8.600557E+02   
-8.704847E+02   
-8.805952E+02   
-8.903738E+02   
-8.998076E+02   
-9.088840E+02   
-9.175904E+02   
-9.259152E+02   
-9.338467E+02   
-9.413740E+02   
-9.484863E+02   
-9.551737E+02   
-9.614266E+02   
-9.672359E+02   
-9.725934E+02   
-9.774912E+02   
-9.819222E+02   
-9.858798E+02   
-9.893582E+02   
-9.923523E+02   
-9.948575E+02   
-9.968703E+02   
-9.983875E+02   
-9.994069E+02   
-9.999271E+02   
-9.999471E+02   
-9.994670E+02   
-9.984874E+02   
-9.970100E+02   
-9.950368E+02   
-9.925709E+02   
-9.896158E+02   
-9.861760E+02   
-9.822566E+02   
-9.778634E+02   
-9.730029E+02   
-9.676820E+02   
-9.619087E+02   
-9.556912E+02   
-9.490384E+02   
-9.419600E+02   
-9.344659E+02   
-9.265666E+02   
-9.182732E+02   
-9.095972E+02   
-9.005505E+02   
-8.911453E+02   
-8.813942E+02   
-8.713104E+02   
-8.609069E+02   
-8.501973E+02   
-8.391954E+02   
-8.279151E+02   
-8.163705E+02   
-8.045758E+02   
-7.925454E+02   
-7.802938E+02   
-7.678353E+02   
-7.551844E+02   
-7.423556E+02   
-7.293634E+02   
-7.162220E+02   
-7.029457E+02   
-6.895486E+02   
-6.760448E+02   
-6.624481E+02   
-6.487721E+02   
-6.350303E+02   
-6.212360E+02   
-6.074021E+02   
-5.935415E+02   
-5.796665E+02   
-5.657895E+02   
-5.519224E+02   
-5.380767E+02   
-5.242639E+02   
-5.104950E+02   
-4.967806E+02   
-4.831311E+02   
-4.695567E+02   
-4.560669E+02   
-4.426711E+02   
-4.293785E+02   
-4.161977E+02   
-4.031371E+02   
-3.902048E+02   
-3.774084E+02   
-3.647553E+02   
-3.522526E+02   
-3.399070E+02   
-3.277249E+02   
-3.157125E+02   
-3.038756E+02   
-2.922197E+02   
-2.807499E+02   
-2.694713E+02   
-2.583885E+02   
-2.475060E+02   
-2.368277E+02   
-2.263578E+02   
-2.160997E+02   
-2.060569E+02   
-1.962326E+02   
-1.866298E+02   
-1.772512E+02   
-1.680994E+02   
-1.591769E+02   
-1.504856E+02   
-1.420279E+02   
-1.338053E+02   
-1.258198E+02   
-1.180728E+02   
-1.105658E+02   
-1.033000E+02   
-9.627669E+01   
-8.949686E+01   
-8.296147E+01   
-7.667137E+01   
-7.062732E+01   
-6.482999E+01   
-5.927998E+01   
-5.397782E+01   
-4.892394E+01   
-4.411875E+01   
-3.956258E+01   
-3.525573E+01   
-3.119843E+01   
-2.739090E+01   
-2.383331E+01   
-2.052579E+01   
-1.746845E+01   
-1.466139E+01   
-1.210467E+01   
-9.798347E+00   
-7.742462E+00   
-5.937042E+00   
-4.382107E+00   
-3.077669E+00   
-2.023737E+00   
-1.220316E+00   
-6.674085E-01   
-3.650151E-01   
-3.131368E-01   
-5.117738E-01   
-9.609259E-01   
-1.660592E+00   
-2.610772E+00   
-3.811461E+00   
-5.262653E+00   
-6.964338E+00   
-8.916498E+00   
-1.111911E+01   
-1.357214E+01   
-1.627554E+01   
-1.922925E+01   
-2.243319E+01   
-2.588725E+01   
-2.959132E+01   
-3.354522E+01   
-3.774878E+01   
-4.220176E+01   
-4.690390E+01   
-5.185488E+01   
-5.705433E+01   
-6.250181E+01   
-6.819685E+01   
-7.413887E+01   
-8.032723E+01   
-8.676122E+01   
-9.344002E+01   
-1.003627E+02   
-1.075283E+02   
-1.149357E+02   
-1.225836E+02   
-1.304707E+02   
-1.385954E+02   
-1.469561E+02   
-1.555510E+02   
-1.643782E+02   
-1.734355E+02   
-1.827207E+02   
-1.922311E+02   
-2.019642E+02   
-2.119171E+02   
-2.220866E+02   
-2.324695E+02   
-2.430622E+02   
-2.538609E+02   
-2.648615E+02   
-2.760598E+02   
-2.874512E+02   
-2.990309E+02   
-3.107938E+02   
-3.227345E+02   
-3.348473E+02   
-3.471263E+02   
-3.595650E+02   
-3.721569E+02   
-3.848952E+02   
-3.977725E+02   
-4.107812E+02   
-4.239135E+02   
-4.371612E+02   
-4.505156E+02   
-4.639678E+02   
-4.775087E+02   
-4.911286E+02   
-5.048177E+02   
-5.185656E+02   
-5.323618E+02   
-5.461955E+02   
-5.600554E+02   
-5.739300E+02   
-5.878075E+02   
-6.016758E+02   
-6.155225E+02   
-6.293349E+02   
-6.431002E+02   
-6.568052E+02   
-6.704366E+02   
-6.839806E+02   
-6.974237E+02   
-7.107518E+02   
-7.239508E+02   
-7.370066E+02   
-7.499048E+02   
-7.626311E+02   
-7.751710E+02   
-7.875100E+02   
-7.996336E+02   
-8.115275E+02   
-8.231772E+02   
-8.345685E+02   
-8.456872E+02   
-8.565192E+02   
-8.670509E+02   
-8.772684E+02   
-8.871585E+02   
-8.967082E+02   
-9.059045E+02   
-9.147351E+02   
-9.231879E+02   
-9.312513E+02   
-9.389140E+02   
-9.461654E+02   
-9.529951E+02   
-9.593935E+02   
-9.653513E+02   
-9.708600E+02   
-9.759116E+02   
-9.804986E+02   
-9.846144E+02   
-9.882530E+02   
-9.914088E+02   
-9.940773E+02   
-9.962545E+02   
-9.979371E+02   
-9.991226E+02   
-9.998092E+02   
-9.999960E+02   
-9.996826E+02   
-9.988694E+02   
-9.975578E+02   
-9.957497E+02   
-9.934478E+02   
-9.906555E+02   
-9.873770E+02   
-9.836171E+02   
-9.793814E+02   
-9.746761E+02   
-9.695082E+02   
-9.638851E+02   
-9.578151E+02   
-9.513068E+02   
-9.443696E+02   
-9.370133E+02   
-9.292483E+02   
-9.210856E+02   
-9.125363E+02   
-9.036123E+02   
-8.943257E+02   
-8.846891E+02   
-8.747153E+02   
-8.644175E+02   
-8.538090E+02   
-8.429036E+02   
-8.317152E+02   
-8.202578E+02   
-8.085455E+02   
-7.965928E+02   
-7.844140E+02   
-7.720235E+02   
-7.594359E+02   
-7.466655E+02   
-7.337269E+02   
-7.206343E+02   
-7.074021E+02   
-6.940445E+02   
-6.805754E+02   
-6.670089E+02   
-6.533585E+02   
-6.396380E+02   
-6.258604E+02   
-6.120390E+02   
-5.981866E+02   
-5.843158E+02   
-5.704389E+02   
-5.565679E+02   
-5.427145E+02   
-5.288902E+02   
-5.151062E+02   
-5.013731E+02   
-4.877016E+02   
-4.741017E+02   
-4.605833E+02   
-4.471559E+02   
-4.338286E+02   
-4.206102E+02   
-4.075093E+02   
-3.945340E+02   
-3.816921E+02   
-3.689910E+02   
-3.564381E+02   
-3.440400E+02   
-3.318033E+02   
-3.197343E+02   
-3.078389E+02   
-2.961226E+02   
-2.845908E+02   
-2.732485E+02   
-2.621005E+02   
-2.511513E+02   
-2.404051E+02   
-2.298658E+02   
-2.195372E+02   
-2.094228E+02   
-1.995259E+02   
-1.898494E+02   
-1.803963E+02   
-1.711692E+02   
-1.621704E+02   
-1.534023E+02   
-1.448670E+02   
-1.365663E+02   
-1.285021E+02   
-1.206759E+02   
-1.130892E+02   
-1.057433E+02   
-9.863947E+01   
-9.177881E+01   
-8.516228E+01   
-7.879076E+01   
-7.266505E+01   
-6.678584E+01   
-6.115376E+01   
-5.576934E+01   
-5.063308E+01   
-4.574537E+01   
-4.110657E+01   
-3.671700E+01   
-3.257691E+01   
-2.868651E+01   
-2.504600E+01   
-2.165551E+01   
-1.851518E+01   
-1.562509E+01   
-1.298532E+01   
-1.059593E+01   
-8.456965E+00   
-6.568457E+00   
-4.930427E+00   
-3.542891E+00   
-2.405858E+00   
-1.519335E+00   
-8.833245E-01   
-4.978280E-01   
-3.628463E-01   
-4.783798E-01   
-8.444285E-01   
-1.460992E+00   
-2.328069E+00   
-3.445657E+00   
-4.813750E+00   
-6.432339E+00   
-8.301411E+00   
-1.042094E+01   
-1.279090E+01   
-1.541125E+01   
-1.828193E+01   
-2.140287E+01   
-2.477396E+01   
-2.839510E+01   
-3.226614E+01   
-3.638689E+01   
-4.075715E+01   
-4.537665E+01   
-5.024510E+01   
-5.536214E+01   
-6.072737E+01   
-6.634032E+01   
-7.220044E+01   
-7.830712E+01   
-8.465967E+01   
-9.125731E+01   
-9.809916E+01   
-1.051843E+02   
-1.125115E+02   
-1.200797E+02   
-1.278875E+02   
-1.359334E+02   
-1.442160E+02   
-1.527333E+02   
-1.614836E+02   
-1.704647E+02   
-1.796744E+02   
-1.891102E+02   
-1.987696E+02   
-2.086498E+02   
-2.187476E+02   
-2.290599E+02   
-2.395832E+02   
-2.503138E+02   
-2.612476E+02   
-2.723806E+02   
-2.837082E+02   
-2.952258E+02   
-3.069282E+02   
-3.188102E+02   
-3.308662E+02   
-3.430904E+02   
-3.554765E+02   
-3.680180E+02   
-3.807081E+02   
-3.935396E+02   
-4.065052E+02   
-4.195969E+02   
-4.328068E+02   
-4.461262E+02   
-4.595465E+02   
-4.730585E+02   
-4.866527E+02   
-5.003193E+02   
-5.140483E+02   
-5.278290E+02   
-5.416509E+02   
-5.555026E+02   
-5.693730E+02   
-5.832501E+02   
-5.971221E+02   
-6.109766E+02   
-6.248010E+02   
-6.385826E+02   
-6.523082E+02   
-6.659646E+02   
-6.795383E+02   
-6.930155E+02   
-7.063824E+02   
-7.196249E+02   
-7.327288E+02   
-7.456799E+02   
-7.584638E+02   
-7.710661E+02   
-7.834723E+02   
-7.956680E+02   
-8.076386E+02   
-8.193699E+02   
-8.308474E+02   
-8.420570E+02   
-8.529846E+02   
-8.636163E+02   
-8.739384E+02   
-8.839375E+02   
-8.936004E+02   
-9.029142E+02   
-9.118664E+02   
-9.204447E+02   
-9.286374E+02   
-9.364332E+02   
-9.438211E+02   
-9.507907E+02   
-9.573321E+02   
-9.634360E+02   
-9.690935E+02   
-9.742965E+02   
-9.790374E+02   
-9.833092E+02   
-9.871057E+02   
-9.904213E+02   
-9.932510E+02   
-9.955906E+02   
-9.974367E+02   
-9.987864E+02   
-9.996378E+02   
-9.999896E+02   
-9.998413E+02   
-9.991931E+02   
-9.980460E+02   
-9.964016E+02   
-9.942625E+02   
-9.916318E+02   
-9.885134E+02   
-9.849121E+02   
-9.808330E+02   
-9.762823E+02   
-9.712666E+02   
-9.657933E+02   
-9.598702E+02   
-9.535059E+02   
-9.467097E+02   
-9.394910E+02   
-9.318603E+02   
-9.238280E+02   
-9.154056E+02   
-9.066045E+02   
-8.974368E+02   
-8.879149E+02   
-8.780515E+02   
-8.678597E+02   
-8.573529E+02   
-8.465447E+02   
-8.354488E+02   
-8.240792E+02   
-8.124502E+02   
-8.005759E+02   
-7.884708E+02   
-7.761493E+02   
-7.636259E+02   
-7.509149E+02   
-7.380310E+02   
-7.249883E+02   
-7.118014E+02   
-6.984843E+02   
-6.850512E+02   
-6.715161E+02   
-6.578926E+02   
-6.441945E+02   
-6.304350E+02   
-6.166274E+02   
-6.027846E+02   
-5.889192E+02   
-5.750436E+02   
-5.611701E+02   
-5.473103E+02   
-5.334759E+02   
-5.196781E+02   
-5.059277E+02   
-4.922354E+02   
-4.786115E+02   
-4.650658E+02   
-4.516080E+02   
-4.382473E+02   
-4.249927E+02   
-4.118528E+02   
-3.988358E+02   
-3.859496E+02   
-3.732019E+02   
-3.605999E+02   
-3.481506E+02   
-3.358605E+02   
-3.237361E+02   
-3.117834E+02   
-3.000079E+02   
-2.884152E+02   
-2.770104E+02   
-2.657983E+02   
-2.547836E+02   
-2.439704E+02   
-2.333630E+02   
-2.229650E+02   
-2.127800E+02   
-2.028115E+02   
-1.930624E+02   
-1.835358E+02   
-1.742342E+02   
-1.651603E+02   
-1.563164E+02   
-1.477044E+02   
-1.393266E+02   
-1.311846E+02   
-1.232801E+02   
-1.156146E+02   
-1.081896E+02   
-1.010062E+02   
-9.406557E+01   
-8.736879E+01   
-8.091674E+01   
-7.471024E+01   
-6.875001E+01   
-6.303672E+01   
-5.757092E+01   
-5.235311E+01   
-4.738372E+01   
-4.266314E+01   
-3.819168E+01   
-3.396962E+01   
-2.999719E+01   
-2.627458E+01   
-2.280195E+01   
-1.957943E+01   
-1.660713E+01   
-1.388513E+01   
-1.141348E+01   
-9.192253E+00   
-7.221468E+00   
-5.501155E+00   
-4.031330E+00   
-2.812006E+00   
-1.843190E+00   
-1.124885E+00   
-6.570942E-01   
-4.398178E-01   
-4.730565E-01   
-7.568104E-01   
-1.291079E+00   
-2.075862E+00   
-3.111157E+00   
-4.396959E+00   
-5.933260E+00   
-7.720049E+00   
-9.757305E+00   
-1.204500E+01   
-1.458310E+01   
-1.737155E+01   
-2.041028E+01   
-2.369920E+01   
-2.723821E+01   
-3.102716E+01   
-3.506589E+01   
-3.935420E+01   
-4.389184E+01   
-4.867853E+01   
-5.371393E+01   
-5.899766E+01   
-6.452926E+01   
-7.030821E+01   
-7.633393E+01   
-8.260576E+01   
-8.912293E+01   
-9.588461E+01   
-1.028899E+02   
-1.101376E+02   
-1.176267E+02   
-1.253559E+02   
-1.333237E+02   
-1.415286E+02   
-1.499689E+02   
-1.586428E+02   
-1.675481E+02   
-1.766829E+02   
-1.860446E+02   
-1.956307E+02   
-2.054385E+02   
-2.154650E+02   
-2.257071E+02   
-2.361612E+02   
-2.468239E+02   
-2.576912E+02   
-2.687590E+02   
-2.800230E+02   
-2.914784E+02   
-3.031204E+02   
-3.149437E+02   
-3.269429E+02   
-3.391121E+02   
-3.514453E+02   
-3.639361E+02   
-3.765778E+02   
-3.893633E+02   
-4.022852E+02   
-4.153360E+02   
-4.285075E+02   
-4.417914E+02   
-4.551790E+02   
-4.686614E+02   
-4.822291E+02   
-4.958724E+02   
-5.095814E+02   
-5.233457E+02   
-5.371546E+02   
-5.509971E+02   
-5.648619E+02   
-5.787374E+02   
-5.926117E+02   
-6.064725E+02   
-6.203075E+02   
-6.341038E+02   
-6.478484E+02   
-6.615282E+02   
-6.751297E+02   
-6.886392E+02   
-7.020430E+02   
-7.153269E+02   
-7.284770E+02   
-7.414789E+02   
-7.543184E+02   
-7.669809E+02   
-7.794521E+02   
-7.917175E+02   
-8.037626E+02   
-8.155730E+02   
-8.271344E+02   
-8.384325E+02   
-8.494532E+02   
-8.601825E+02   
-8.706067E+02   
-8.807123E+02   
-8.904860E+02   
-8.999148E+02   
-9.089860E+02   
-9.176873E+02   
-9.260069E+02   
-9.339332E+02   
-9.414551E+02   
-9.485621E+02   
-9.552442E+02   
-9.614917E+02   
-9.672957E+02   
-9.726478E+02   
-9.775403E+02   
-9.819659E+02   
-9.859182E+02   
-9.893913E+02   
-9.923802E+02   
-9.948802E+02   
-9.968879E+02   
-9.984000E+02   
-9.994145E+02   
-9.999297E+02   
-9.999448E+02   
-9.994600E+02   
-9.984758E+02   
-9.969939E+02   
-9.950163E+02   
-9.925460E+02   
-9.895868E+02   
-9.861430E+02   
-9.822197E+02   
-9.778227E+02   
-9.729586E+02   
-9.676343E+02   
-9.618576E+02   
-9.556370E+02   
-9.489813E+02   
-9.419000E+02   
-9.344033E+02   
-9.265015E+02   
-9.182059E+02   
-9.095278E+02   
-9.004791E+02   
-8.910721E+02   
-8.813195E+02   
-8.712342E+02   
-8.608295E+02   
-8.501189E+02   
-8.391161E+02   
-8.278351E+02   
-8.162900E+02   
-8.044950E+02   
-7.924644E+02   
-7.802128E+02   
-7.677544E+02   
-7.551039E+02   
-7.422756E+02   
-7.292840E+02   
-7.161433E+02   
-7.028680E+02   
-6.894720E+02   
-6.759694E+02   
-6.623740E+02   
-6.486996E+02   
-6.349594E+02   
-6.211668E+02   
-6.073348E+02   
-5.934762E+02   
-5.796033E+02   
-5.657285E+02   
-5.518637E+02   
-5.380205E+02   
-5.242102E+02   
-5.104438E+02   
-4.967321E+02   
-4.830854E+02   
-4.695138E+02   
-4.560269E+02   
-4.426342E+02   
-4.293446E+02   
-4.161669E+02   
-4.031095E+02   
-3.901803E+02   
-3.773872E+02   
-3.647374E+02   
-3.522380E+02   
-3.398958E+02   
-3.277172E+02   
-3.157083E+02   
-3.038749E+02   
-2.922224E+02   
-2.807562E+02   
-2.694812E+02   
-2.584020E+02   
-2.475231E+02   
-2.368485E+02   
-2.263821E+02   
-2.161277E+02   
-2.060886E+02   
-1.962680E+02   
-1.866688E+02   
-1.772939E+02   
-1.681458E+02   
-1.592269E+02   
-1.505394E+02   
-1.420853E+02   
-1.338665E+02   
-1.258847E+02   
-1.181414E+02   
-1.106380E+02   
-1.033760E+02   
-9.635635E+01   
-8.958020E+01   
-8.304850E+01   
-7.676208E+01   
-7.072171E+01   
-6.492806E+01   
-5.938172E+01   
-5.408322E+01   
-4.903301E+01   
-4.423148E+01   
-3.967897E+01   
-3.537577E+01   
-3.132213E+01   
-2.751825E+01   
-2.396430E+01   
-2.066042E+01   
-1.760672E+01   
-1.480330E+01   
-1.225022E+01   
-9.947532E+00   
-7.895281E+00   
-6.093494E+00   
-4.542191E+00   
-3.241385E+00   
-2.191084E+00   
-1.391294E+00   
-8.420173E-01   
-5.432546E-01   
-4.950069E-01   
-6.972745E-01   
-1.150057E+00   
-1.853354E+00   
-2.807163E+00   
-4.011482E+00   
-5.466303E+00   
-7.171615E+00   
-9.127401E+00   
-1.133364E+01   
-1.379029E+01   
-1.649731E+01   
-1.945463E+01   
-2.266218E+01   
-2.611985E+01   
-2.982751E+01   
-3.378500E+01   
-3.799214E+01   
-4.244869E+01   
-4.715439E+01   
-5.210891E+01   
-5.731189E+01   
-6.276289E+01   
-6.846141E+01   
-7.440690E+01   
-8.059872E+01   
-8.703613E+01   
-9.371833E+01   
-1.006444E+02   
-1.078133E+02   
-1.152240E+02   
-1.228752E+02   
-1.307654E+02   
-1.388933E+02   
-1.472571E+02   
-1.558551E+02   
-1.646853E+02   
-1.737456E+02   
-1.830336E+02   
-1.925469E+02   
-2.022827E+02   
-2.122383E+02   
-2.224104E+02   
-2.327957E+02   
-2.433908E+02   
-2.541918E+02   
-2.651946E+02   
-2.763950E+02   
-2.877884E+02   
-2.993699E+02   
-3.111346E+02   
-3.230769E+02   
-3.351911E+02   
-3.474713E+02   
-3.599112E+02   
-3.725042E+02   
-3.852433E+02   
-3.981213E+02   
-4.111305E+02   
-4.242632E+02   
-4.375110E+02   
-4.508653E+02   
-4.643174E+02   
-4.778578E+02   
-4.914771E+02   
-5.051652E+02   
-5.189121E+02   
-5.327070E+02   
-5.465391E+02   
-5.603973E+02   
-5.742699E+02   
-5.881451E+02   
-6.020110E+02   
-6.158549E+02   
-6.296644E+02   
-6.434265E+02   
-6.571280E+02   
-6.707556E+02   
-6.842956E+02   
-6.977344E+02   
-7.110580E+02   
-7.242522E+02   
-7.373029E+02   
-7.501958E+02   
-7.629165E+02   
-7.754505E+02   
-7.877834E+02   
-7.999007E+02   
-8.117880E+02   
-8.234309E+02   
-8.348151E+02   
-8.459265E+02   
-8.567510E+02   
-8.672749E+02   
-8.774845E+02   
-8.873664E+02   
-8.969077E+02   
-9.060954E+02   
-9.149173E+02   
-9.233612E+02   
-9.314155E+02   
-9.390691E+02   
-9.463111E+02   
-9.531314E+02   
-9.595201E+02   
-9.654683E+02   
-9.709672E+02   
-9.760090E+02   
-9.805862E+02   
-9.846921E+02   
-9.883207E+02   
-9.914666E+02   
-9.941251E+02   
-9.962924E+02   
-9.979651E+02   
-9.991408E+02   
-9.998176E+02   
-9.999947E+02   
-9.996716E+02   
-9.988490E+02   
-9.975280E+02   
-9.957107E+02   
-9.933996E+02   
-9.905984E+02   
-9.873111E+02   
-9.835426E+02   