-1.000000E+03   
-1.000000E+03   
-9.999999E+02   
-9.999994E+02   
-9.999980E+02   
-9.999951E+02   
-9.999898E+02   
-9.999812E+02   
-9.999679E+02   
-9.999485E+02   
-9.999215E+02   
-9.998851E+02   
-9.998373E+02   
-9.997759E+02   
-9.996986E+02   
-9.996029E+02   
-9.994859E+02   
-9.993449E+02   
-9.991767E+02   
-9.989780E+02   
-9.987453E+02   
-9.984751E+02   
-9.981634E+02   
-9.978062E+02   
-9.973994E+02   
-9.969386E+02   
-9.964191E+02   
-9.958364E+02   
-9.951854E+02   
-9.944611E+02   
-9.936583E+02   
-9.927715E+02   
-9.917951E+02   
-9.907235E+02   
-9.895507E+02   
-9.882706E+02   
-9.868772E+02   
-9.853640E+02   
-9.837246E+02   
-9.819524E+02   
-9.800407E+02   
-9.779826E+02   
-9.757711E+02   
-9.733992E+02   
-9.708598E+02   
-9.681456E+02   
-9.652492E+02   
-9.621634E+02   
-9.588806E+02   
-9.553934E+02   
-9.516942E+02   
-9.477755E+02   
-9.436298E+02   
-9.392494E+02   
-9.346269E+02   
-9.297547E+02   
-9.246254E+02   
-9.192317E+02   
-9.135661E+02   
-9.076215E+02   
-9.013907E+02   
-8.948668E+02   
-8.880430E+02   
-8.809126E+02   
-8.734691E+02   
-8.657062E+02   
-8.576180E+02   
-8.491986E+02   
-8.404425E+02   
-8.313445E+02   
-8.218995E+02   
-8.121031E+02   
-8.019509E+02   
-7.914390E+02   
-7.805640E+02   
-7.693226E+02   
-7.577124E+02   
-7.457309E+02   
-7.333765E+02   
-7.206479E+02   
-7.075442E+02   
-6.940653E+02   
-6.802113E+02   
-6.659831E+02   
-6.513821E+02   
-6.364101E+02   
-6.210698E+02   
-6.053641E+02   
-5.892968E+02   
-5.728723E+02   
-5.560954E+02   
-5.389717E+02   
-5.215074E+02   
-5.037091E+02   
-4.855844E+02   
-4.671411E+02   
-4.483880E+02   
-4.293341E+02   
-4.099894E+02   
-3.903641E+02   
-3.704691E+02   
-3.503160E+02   
-3.299167E+02   
-3.092839E+02   
-2.884303E+02   
-2.673696E+02   
-2.461156E+02   
-2.246827E+02   
-2.030856E+02   
-1.813393E+02   
-1.594592E+02   
-1.374611E+02   
-1.153608E+02   
-9.317464E+01   
-7.091888E+01   
-4.861006E+01   
-2.626484E+01   
-3.899949E+00   
 1.846785E+01   
 4.082178E+01   
 6.314510E+01   
 8.542112E+01   
 1.076333E+02   
 1.297652E+02   
 1.518005E+02   
 1.737233E+02   
 1.955177E+02   
 2.171682E+02   
 2.386597E+02   
 2.599774E+02   
 2.811066E+02   
 3.020335E+02   
 3.227444E+02   
 3.432261E+02   
 3.634660E+02   
 3.834518E+02   
 4.031718E+02   
 4.226151E+02   
 4.417710E+02   
 4.606296E+02   
 4.791813E+02   
 4.974175E+02   
 5.153300E+02   
 5.329110E+02   
 5.501537E+02   
 5.670517E+02   
 5.835991E+02   
 5.997910E+02   
 6.156227E+02   
 6.310904E+02   
 6.461907E+02   
 6.609209E+02   
 6.752789E+02   
 6.892631E+02   
 7.028725E+02   
 7.161066E+02   
 7.289657E+02   
 7.414501E+02   
 7.535612E+02   
 7.653004E+02   
 7.766699E+02   
 7.876722E+02   
 7.983102E+02   
 8.085872E+02   
 8.185072E+02   
 8.280741E+02   
 8.372925E+02   
 8.461673E+02   
 8.547035E+02   
 8.629066E+02   
 8.707823E+02   
 8.783365E+02   
 8.855755E+02   
 8.925056E+02   
 8.991334E+02   
 9.054658E+02   
 9.115096E+02   
 9.172719E+02   
 9.227599E+02   
 9.279808E+02   
 9.329420E+02   
 9.376510E+02   
 9.421153E+02   
 9.463423E+02   
 9.503396E+02   
 9.541148E+02   
 9.576754E+02   
 9.610290E+02   
 9.641830E+02   
 9.671450E+02   
 9.699222E+02   
 9.725222E+02   
 9.749520E+02   
 9.772190E+02   
 9.793302E+02   
 9.812926E+02   
 9.831131E+02   
 9.847984E+02   
 9.863552E+02   
 9.877901E+02   
 9.891093E+02   
 9.903192E+02   
 9.914258E+02   
 9.924351E+02   
 9.933528E+02   
 9.941847E+02   
 9.949361E+02   
 9.956124E+02   
 9.962187E+02   
 9.967600E+02   
 9.972410E+02   
 9.976665E+02   
 9.980407E+02   
 9.983681E+02   
 9.986526E+02   
 9.988983E+02   
 9.991087E+02   
 9.992874E+02   
 9.994378E+02   
 9.995630E+02   
 9.996660E+02   
 9.997496E+02   
 9.998165E+02   
 9.998689E+02   
 9.999092E+02   
 9.999394E+02   
 9.999614E+02   
 9.999767E+02   
 9.999870E+02   
 9.999934E+02   
 9.999970E+02   
 9.999989E+02   
 9.999997E+02   
 1.000000E+03   
 1.000000E+03   
 1.000000E+03   
 9.999999E+02   
 9.999996E+02   
 9.999985E+02   
 9.999962E+02   
 9.999917E+02   
 9.999843E+02   
 9.999727E+02   
 9.999555E+02   
 9.999312E+02   
 9.998981E+02   
 9.998544E+02   
 9.997978E+02   
 9.997261E+02   
 9.996368E+02   
 9.995274E+02   
 9.993948E+02   
 9.992361E+02   
 9.990481E+02   
 9.988274E+02   
 9.985703E+02   
 9.982732E+02   
 9.979320E+02   
 9.975426E+02   
 9.971007E+02   
 9.966018E+02   
 9.960412E+02   
 9.954142E+02   
 9.947155E+02   
 9.939402E+02   
 9.930828E+02   
 9.921378E+02   
 9.910994E+02   
 9.899620E+02   
 9.887195E+02   
 9.873657E+02   
 9.858944E+02   
 9.842991E+02   
 9.825733E+02   
 9.807103E+02   
 9.787033E+02   
 9.765454E+02   
 9.742295E+02   
 9.717486E+02   
 9.690954E+02   
 9.662626E+02   
 9.632428E+02   
 9.600288E+02   
 9.566129E+02   
 9.529876E+02   
 9.491454E+02   
 9.450789E+02   
 9.407803E+02   
 9.362422E+02   
 9.314570E+02   
 9.264173E+02   
 9.211157E+02   
 9.155447E+02   
 9.096973E+02   
 9.035661E+02   
 8.971443E+02   
 8.904249E+02   
 8.834011E+02   
 8.760666E+02   
 8.684148E+02   
 8.604397E+02   
 8.521355E+02   
 8.434964E+02   
 8.345172E+02   
 8.251928E+02   
 8.155185E+02   
 8.054899E+02   
 7.951029E+02   
 7.843539E+02   
 7.732397E+02   
 7.617575E+02   
 7.499048E+02   
 7.376797E+02   
 7.250808E+02   
 7.121072E+02   
 6.987583E+02   
 6.850342E+02   
 6.709356E+02   
 6.564637E+02   
 6.416201E+02   
 6.264072E+02   
 6.108278E+02   
 5.948855E+02   
 5.785845E+02   
 5.619293E+02   
 5.449253E+02   
 5.275785E+02   
 5.098954E+02   
 4.918833E+02   
 4.735498E+02   
 4.549033E+02   
 4.359530E+02   
 4.167082E+02   
 3.971793E+02   
 3.773770E+02   
 3.573125E+02   
 3.369976E+02   
 3.164447E+02   
 2.956666E+02   
 2.746767E+02   
 2.534886E+02   
 2.321166E+02   
 2.105753E+02   
 1.888795E+02   
 1.670446E+02   
 1.450862E+02   
 1.230202E+02   
 1.008626E+02   
 7.862969E+01   
 5.633803E+01   
 3.400420E+01   
 1.164490E+01   
-1.072312E+01   
-3.308308E+01   
-5.541822E+01   
-7.771183E+01   
-9.994731E+01   
-1.221082E+02   
-1.441781E+02   
-1.661410E+02   
-1.879810E+02   
-2.096825E+02   
-2.312301E+02   
-2.526090E+02   
-2.738045E+02   
-2.948025E+02   
-3.155891E+02   
-3.361511E+02   
-3.564756E+02   
-3.765501E+02   
-3.963630E+02   
-4.159029E+02   
-4.351590E+02   
-4.541212E+02   
-4.727798E+02   
-4.911258E+02   
-5.091508E+02   
-5.268471E+02   
-5.442074E+02   
-5.612251E+02   
-5.778942E+02   
-5.942095E+02   
-6.101661E+02   
-6.257600E+02   
-6.409877E+02   
-6.558461E+02   
-6.703330E+02   
-6.844466E+02   
-6.981858E+02   
-7.115498E+02   
-7.245386E+02   
-7.371526E+02   
-7.493928E+02   
-7.612606E+02   
-7.727578E+02   
-7.838869E+02   
-7.946507E+02   
-8.050524E+02   
-8.150957E+02   
-8.247844E+02   
-8.341231E+02   
-8.431164E+02   
-8.517694E+02   
-8.600874E+02   
-8.680759E+02   
-8.757410E+02   
-8.830886E+02   
-8.901252E+02   
-8.968572E+02   
-9.032913E+02   
-9.094345E+02   
-9.152937E+02   
-9.208761E+02   
-9.261889E+02   
-9.312395E+02   
-9.360353E+02   
-9.405838E+02   
-9.448924E+02   
-9.489687E+02   
-9.528203E+02   
-9.564547E+02   
-9.598794E+02   
-9.631020E+02   
-9.661300E+02   
-9.689707E+02   
-9.716316E+02   
-9.741198E+02   
-9.764427E+02   
-9.786074E+02   
-9.806209E+02   
-9.824901E+02   
-9.842218E+02   
-9.858227E+02   
-9.872994E+02   
-9.886583E+02   
-9.899056E+02   
-9.910476E+02   
-9.920903E+02   
-9.930394E+02   
-9.939007E+02   
-9.946797E+02   
-9.953817E+02   
-9.960119E+02   
-9.965755E+02   
-9.970771E+02   
-9.975216E+02   
-9.979134E+02   
-9.982568E+02   
-9.985559E+02   
-9.988148E+02   
-9.990372E+02   
-9.992268E+02   
-9.993868E+02   
-9.995206E+02   
-9.996312E+02   
-9.997214E+02   
-9.997940E+02   
-9.998513E+02   
-9.998957E+02   
-9.999293E+02   
-9.999541E+02   
-9.999716E+02   
-9.999836E+02   
-9.999913E+02   
-9.999959E+02   
-9.999983E+02   
-9.999995E+02   
-9.999999E+02   
-1.000000E+03   
-1.000000E+03   
-9.999999E+02   
-9.999997E+02   
-9.999989E+02   
-9.999970E+02   
-9.999933E+02   
-9.999870E+02   
-9.999768E+02   
-9.999616E+02   
-9.999398E+02   
-9.999098E+02   
-9.998698E+02   
-9.998177E+02   
-9.997513E+02   
-9.996682E+02   
-9.995658E+02   
-9.994413E+02   
-9.992917E+02   
-9.991139E+02   
-9.989046E+02   
-9.986602E+02   
-9.983770E+02   
-9.980511E+02   
-9.976784E+02   
-9.972547E+02   
-9.967756E+02   
-9.962365E+02   
-9.956325E+02   
-9.949587E+02   
-9.942099E+02   
-9.933810E+02   
-9.924663E+02   
-9.914603E+02   
-9.903573E+02   
-9.891511E+02   
-9.878359E+02   
-9.864053E+02   
-9.848529E+02   
-9.831723E+02   
-9.813568E+02   
-9.793996E+02   
-9.772939E+02   
-9.750327E+02   
-9.726088E+02   
-9.700152E+02   
-9.672445E+02   
-9.642894E+02   
-9.611425E+02   
-9.577963E+02   
-9.542434E+02   
-9.504762E+02   
-9.464871E+02   
-9.422686E+02   
-9.378132E+02   
-9.331134E+02   
-9.281615E+02   
-9.229503E+02   
-9.174723E+02   
-9.117202E+02   
-9.056870E+02   
-8.993654E+02   
-8.927486E+02   
-8.858297E+02   
-8.786023E+02   
-8.710598E+02   
-8.631962E+02   
-8.550053E+02   
-8.464816E+02   
-8.376195E+02   
-8.284140E+02   
-8.188601E+02   
-8.089533E+02   
-7.986896E+02   
-7.880652E+02   
-7.770766E+02   
-7.657209E+02   
-7.539955E+02   
-7.418984E+02   
-7.294279E+02   
-7.165830E+02   
-7.033629E+02   
-6.897676E+02   
-6.757975E+02   
-6.614536E+02   
-6.467374E+02   
-6.316511E+02   
-6.161973E+02   
-6.003794E+02   
-5.842011E+02   
-5.676671E+02   
-5.507825E+02   
-5.335529E+02   
-5.159848E+02   
-4.980850E+02   
-4.798612E+02   
-4.613215E+02   
-4.424748E+02   
-4.233304E+02   
-4.038983E+02   
-3.841890E+02   
-3.642136E+02   
-3.439837E+02   
-3.235116E+02   
-3.028099E+02   
-2.818916E+02   
-2.607706E+02   
-2.394606E+02   
-2.179763E+02   
-1.963325E+02   
-1.745442E+02   
-1.526271E+02   
-1.305968E+02   
-1.084694E+02   
-8.626114E+01   
-6.398845E+01   
-4.166788E+01   
-1.931610E+01   
 3.050151E+00   
 2.541409E+01   
 4.775896E+01   
 7.006802E+01   
 9.232464E+01   
 1.145123E+02   
 1.366146E+02   
 1.586153E+02   
 1.804986E+02   
 2.022487E+02   
 2.238502E+02   
 2.452881E+02   
 2.665475E+02   
 2.876142E+02   
 3.084743E+02   
 3.291143E+02   
 3.495211E+02   
 3.696822E+02   
 3.895857E+02   
 4.092200E+02   
 4.285741E+02   
 4.476378E+02   
 4.664011E+02   
 4.848549E+02   
 5.029906E+02   
 5.208001E+02   
 5.382761E+02   
 5.554117E+02   
 5.722007E+02   
 5.886377E+02   
 6.047176E+02   
 6.204361E+02   
 6.357895E+02   
 6.507747E+02   
 6.653891E+02   
 6.796308E+02   
 6.934984E+02   
 7.069910E+02   
 7.201084E+02   
 7.328509E+02   
 7.452191E+02   
 7.572144E+02   
 7.688385E+02   
 7.800936E+02   
 7.909824E+02   
 8.015080E+02   
 8.116739E+02   
 8.214838E+02   
 8.309422E+02   
 8.400536E+02   
 8.488229E+02   
 8.572553E+02   
 8.653564E+02   
 8.731319E+02   
 8.805879E+02   
 8.877306E+02   
 8.945666E+02   
 9.011024E+02   
 9.073448E+02   
 9.133009E+02   
 9.189777E+02   
 9.243825E+02   
 9.295225E+02   
 9.344052E+02   
 9.390379E+02   
 9.434282E+02   
 9.475837E+02   
 9.515119E+02   
 9.552202E+02   
 9.587164E+02   
 9.620078E+02   
 9.651020E+02   
 9.680065E+02   
 9.707285E+02   
 9.732755E+02   
 9.756547E+02   
 9.778732E+02   
 9.799381E+02   
 9.818563E+02   
 9.836348E+02   
 9.852801E+02   
 9.867991E+02   
 9.881980E+02   
 9.894832E+02   
 9.906610E+02   
 9.917374E+02   
 9.927183E+02   
 9.936094E+02   
 9.944163E+02   
 9.951444E+02   
 9.957990E+02   
 9.963852E+02   
 9.969078E+02   
 9.973716E+02   
 9.977813E+02   
 9.981410E+02   
 9.984552E+02   
 9.987277E+02   
 9.989624E+02   
 9.991631E+02   
 9.993331E+02   
 9.994757E+02   
 9.995942E+02   
 9.996912E+02   
 9.997697E+02   
 9.998322E+02   
 9.998809E+02   
 9.999182E+02   
 9.999459E+02   
 9.999658E+02   
 9.999797E+02   
 9.999888E+02   
 9.999944E+02   
 9.999975E+02   
 9.999991E+02   
 9.999998E+02   
 1.000000E+03   
 1.000000E+03   
 1.000000E+03   
 9.999998E+02   
 9.999992E+02   
 9.999977E+02   
 9.999947E+02   
 9.999892E+02   
 9.999804E+02   
 9.999669E+02   
 9.999475E+02   
 9.999203E+02   
 9.998838E+02   
 9.998359E+02   
 9.997744E+02   
 9.996971E+02   
 9.996014E+02   
 9.994845E+02   
 9.993436E+02   
 9.991755E+02   
 9.989771E+02   
 9.987448E+02   
 9.984749E+02   
 9.981637E+02   
 9.978072E+02   
 9.974011E+02   
 9.969410E+02   
 9.964225E+02   
 9.958408E+02   
 9.951910E+02   
 9.944680E+02   
 9.936666E+02   
 9.927814E+02   
 9.918068E+02   
 9.907370E+02   
 9.895662E+02   
 9.882884E+02   
 9.868974E+02   
 9.853868E+02   
 9.837501E+02   
 9.819809E+02   
 9.800723E+02   
 9.780175E+02   
 9.758095E+02   
 9.734414E+02   
 9.709059E+02   
 9.681959E+02   
 9.653039E+02   
 9.622227E+02   
 9.589448E+02   
 9.554626E+02   
 9.517687E+02   
 9.478556E+02   
 9.437156E+02   
 9.393412E+02   
 9.347250E+02   
 9.298593E+02   
 9.247368E+02   
 9.193499E+02   
 9.136916E+02   
 9.077544E+02   
 9.015313E+02   
 8.950153E+02   
 8.881996E+02   
 8.810776E+02   
 8.736427E+02   
 8.658887E+02   
 8.578095E+02   
 8.493993E+02   
 8.406527E+02   
 8.315643E+02   
 8.221291E+02   
 8.123427E+02   
 8.022007E+02   
 7.916991E+02   
 7.808346E+02   
 7.696039E+02   
 7.580044E+02   
 7.460338E+02   
 7.336904E+02   
 7.209729E+02   
 7.078804E+02   
 6.944127E+02   
 6.805700E+02   
 6.663531E+02   
 6.517634E+02   
 6.368028E+02   
 6.214737E+02   
 6.057793E+02   
 5.897233E+02   
 5.733099E+02   
 5.565441E+02   
 5.394314E+02   
 5.219779E+02   
 5.041904E+02   
 4.860762E+02   
 4.676433E+02   
 4.489003E+02   
 4.298564E+02   
 4.105214E+02   
 3.909055E+02   
 3.710198E+02   
 3.508756E+02   
 3.304849E+02   
 3.098603E+02   
 2.890147E+02   
 2.679616E+02   
 2.467148E+02   
 2.252887E+02   
 2.036980E+02   
 1.819577E+02   
 1.600832E+02   
 1.380903E+02   
 1.159947E+02   
 9.381278E+01   
 7.156080E+01   
 4.925530E+01   
 2.691293E+01   
 4.550387E+00   
-1.781555E+01   
-4.016810E+01   
-6.249053E+01   
-8.476616E+01   
-1.069784E+02   
-1.291109E+02   
-1.511473E+02   
-1.730716E+02   
-1.948681E+02   
-2.165212E+02   
-2.380157E+02   
-2.593368E+02   
-2.804700E+02   
-3.014013E+02   
-3.221169E+02   
-3.426039E+02   
-3.628493E+02   
-3.828411E+02   
-4.025676E+02   
-4.220177E+02   
-4.411807E+02   
-4.600468E+02   
-4.786063E+02   
-4.968507E+02   
-5.147715E+02   
-5.323612E+02   
-5.496129E+02   
-5.665200E+02   
-5.830769E+02   
-5.992784E+02   
-6.151199E+02   
-6.305976E+02   
-6.457080E+02   
-6.604485E+02   
-6.748169E+02   
-6.888115E+02   
-7.024315E+02   
-7.156763E+02   
-7.285461E+02   
-7.410413E+02   
-7.531631E+02   
-7.649131E+02   
-7.762934E+02   
-7.873064E+02   
-7.979550E+02   
-8.082428E+02   
-8.181733E+02   
-8.277508E+02   
-8.369796E+02   
-8.458647E+02   
-8.544111E+02   
-8.626243E+02   
-8.705100E+02   
-8.780741E+02   
-8.853228E+02   
-8.922625E+02   
-8.988997E+02   
-9.052413E+02   
-9.112942E+02   
-9.170653E+02   
-9.225620E+02   
-9.277914E+02   
-9.327610E+02   
-9.374781E+02   
-9.419503E+02   
-9.461851E+02   
-9.501899E+02   
-9.539724E+02   
-9.575402E+02   
-9.609006E+02   
-9.640614E+02   
-9.670298E+02   
-9.698134E+02   
-9.724194E+02   
-9.748551E+02   
-9.771277E+02   
-9.792444E+02   
-9.812120E+02   
-9.830376E+02   
-9.847277E+02   
-9.862892E+02   
-9.877285E+02   
-9.890520E+02   
-9.902660E+02   
-9.913765E+02   
-9.923895E+02   
-9.933108E+02   
-9.941460E+02   
-9.949006E+02   
-9.955799E+02   
-9.961890E+02   
-9.967330E+02   
-9.972166E+02   
-9.976444E+02   
-9.980209E+02   
-9.983503E+02   
-9.986368E+02   
-9.988842E+02   
-9.990963E+02   
-9.992765E+02   
-9.994283E+02   
-9.995548E+02   
-9.996590E+02   
-9.997437E+02   
-9.998115E+02   
-9.998649E+02   
-9.999059E+02   
-9.999368E+02   
-9.999593E+02   
-9.999752E+02   
-9.999858E+02   
-9.999926E+02   
-9.999965E+02   
-9.999986E+02   
-9.999996E+02   
-9.999999E+02   
-1.000000E+03   
-1.000000E+03   
-9.999998E+02   
-9.999994E+02   
-9.999982E+02   
-9.999957E+02   
-9.999911E+02   
-9.999835E+02   
-9.999716E+02   
-9.999542E+02   
-9.999298E+02   
-9.998965E+02   
-9.998525E+02   
-9.997957E+02   
-9.997238E+02   
-9.996344E+02   
-9.995247E+02   
-9.993920E+02   
-9.992333E+02   
-9.990452E+02   
-9.988244E+02   
-9.985674E+02   
-9.982703E+02   
-9.979292E+02   
-9.975400E+02   
-9.970983E+02   
-9.965997E+02   
-9.960396E+02   
-9.954129E+02   
-9.947148E+02   
-9.939401E+02   
-9.930834E+02   
-9.921392E+02   
-9.911018E+02   
-9.899654E+02   
-9.887239E+02   
-9.873714E+02   
-9.859014E+02   
-9.843076E+02   
-9.825833E+02   
-9.807221E+02   
-9.787169E+02   
-9.765609E+02   
-9.742472E+02   
-9.717685E+02   
-9.691177E+02   
-9.662874E+02   
-9.632704E+02   
-9.600592E+02   
-9.566462E+02   
-9.530241E+02   
-9.491853E+02   
-9.451222E+02   
-9.408273E+02   
-9.362930E+02   
-9.315118E+02   
-9.264762E+02   
-9.211789E+02   
-9.156125E+02   
-9.097696E+02   
-9.036433E+02   
-8.972265E+02   
-8.905122E+02   
-8.834938E+02   
-8.761647E+02   
-8.685185E+02   
-8.605493E+02   
-8.522510E+02   
-8.436180E+02   
-8.346451E+02   
-8.253271E+02   
-8.156593E+02   
-8.056373E+02   
-7.952571E+02   
-7.845151E+02   
-7.734079E+02   
-7.619328E+02   
-7.500874E+02   
-7.378697E+02   
-7.252782E+02   
-7.123120E+02   
-6.989707E+02   
-6.852543E+02   
-6.711634E+02   
-6.566991E+02   
-6.418633E+02   
-6.266581E+02   
-6.110865E+02   
-5.951520E+02   
-5.788587E+02   
-5.622112E+02   
-5.452149E+02   
-5.278757E+02   
-5.102001E+02   
-4.921954E+02   
-4.738692E+02   
-4.552301E+02   
-4.362868E+02   
-4.170491E+02   
-3.975271E+02   
-3.777314E+02   
-3.576734E+02   
-3.373648E+02   
-3.168181E+02   
-2.960460E+02   
-2.750617E+02   
-2.538791E+02   
-2.325124E+02   
-2.109760E+02   
-1.892850E+02   
-1.674546E+02   
-1.455004E+02   
-1.234382E+02   
-1.012842E+02   
-7.905463E+01   
-5.676597E+01   
-3.443481E+01   
-1.207786E+01   
 1.028813E+01   
 3.264639E+01   
 5.498015E+01   
 7.727273E+01   
 9.950750E+01   
 1.216680E+02   
 1.437379E+02   
 1.657011E+02   
 1.875417E+02   
 2.092441E+02   
 2.307930E+02   
 2.521735E+02   
 2.733710E+02   
 2.943712E+02   
 3.151603E+02   
 3.357251E+02   
 3.560527E+02   
 3.761307E+02   
 3.959473E+02   
 4.154911E+02   
 4.347515E+02   
 4.537181E+02   
 4.723814E+02   
 4.907324E+02   
 5.087626E+02   
 5.264642E+02   
 5.438301E+02   
 5.608535E+02   
 5.775286E+02   
 5.938500E+02   
 6.098129E+02   
 6.254132E+02   
 6.406473E+02   
 6.555124E+02   
 6.700060E+02   
 6.841265E+02   
 6.978726E+02   
 7.112436E+02   
 7.242394E+02   
 7.368605E+02   
 7.491078E+02   
 7.609828E+02   
 7.724872E+02   
 7.836235E+02   
 7.943945E+02   
 8.048034E+02   
 8.148538E+02   
 8.245497E+02   
 8.338955E+02   
 8.428959E+02   
 8.515558E+02   
 8.598807E+02   
 8.678762E+02   
 8.755480E+02   
 8.829023E+02   
 8.899455E+02   
 8.966840E+02   
 9.031246E+02   
 9.092741E+02   
 9.151396E+02   
 9.207281E+02   
 9.260469E+02   
 9.311034E+02   
 9.359050E+02   
 9.404591E+02   
 9.447732E+02   
 9.488549E+02   
 9.527117E+02   
 9.563512E+02   
 9.597810E+02   
 9.630084E+02   
 9.660411E+02   
 9.688864E+02   
 9.715517E+02   
 9.740442E+02   
 9.763713E+02   
 9.785400E+02   
 9.805574E+02   
 9.824303E+02   
 9.841656E+02   
 9.857700E+02   
 9.872501E+02   
 9.886122E+02   
 9.898627E+02   
 9.910076E+02   
 9.920531E+02   
 9.930049E+02   
 9.938688E+02   
 9.946502E+02   
 9.953546E+02   
 9.959871E+02   
 9.965528E+02   
 9.970564E+02   
 9.975028E+02   
 9.978963E+02   
 9.982414E+02   
 9.985421E+02   
 9.988025E+02   
 9.990263E+02   
 9.992171E+02   
 9.993783E+02   
 9.995132E+02   
 9.996248E+02   
 9.997159E+02   
 9.997893E+02   
 9.998474E+02   
 9.998925E+02   
 9.999267E+02   
 9.999520E+02   
 9.999700E+02   
 9.999824E+02   
 9.999904E+02   
 9.999953E+02   
 9.999980E+02   
 9.999993E+02   
 9.999998E+02   
 9.999999E+02   
 1.000000E+03   
 9.999999E+02   
 9.999995E+02   
 9.999986E+02   
 9.999966E+02   
 9.999927E+02   
 9.999862E+02   
 9.999757E+02   
 9.999602E+02   
 9.999382E+02   
 9.999079E+02   
 9.998675E+02   
 9.998151E+02   
 9.997483E+02   
 9.996649E+02   
 9.995621E+02   
 9.994372E+02   
 9.992873E+02   
 9.991091E+02   
 9.988994E+02   
 9.986546E+02   
 9.983711E+02   
 9.980449E+02   
 9.976719E+02   
 9.972479E+02   
 9.967685E+02   
 9.962291E+02   
 9.956249E+02   
 9.949509E+02   
 9.942020E+02   
 9.933729E+02   
 9.924582E+02   
 9.914522E+02   
 9.903491E+02   
 9.891430E+02   
 9.878279E+02   
 9.863974E+02   
 9.848452E+02   
 9.831649E+02   
 9.813497E+02   
 9.793929E+02   
 9.772876E+02   
 9.750269E+02   
 9.726037E+02   
 9.700107E+02   
 9.672407E+02   
 9.642865E+02   
 9.611405E+02   
 9.577953E+02   
 9.542434E+02   
 9.504773E+02   
 9.464895E+02   
 9.422724E+02   
 9.378184E+02   
 9.331200E+02   
 9.281698E+02   
 9.229603E+02   
 9.174841E+02   
 9.117339E+02   
 9.057027E+02   
 8.993832E+02   
 8.927686E+02   
 8.858520E+02   
 8.786270E+02   
 8.710871E+02   
 8.632260E+02   
 8.550379E+02   
 8.465169E+02   
 8.376578E+02   
 8.284552E+02   
 8.189044E+02   
 8.090009E+02   
 7.987404E+02   
 7.881193E+02   
 7.771342E+02   
 7.657820E+02   
 7.540603E+02   
 7.419669E+02   
 7.295002E+02   
 7.166590E+02   
 7.034429E+02   
 6.898516E+02   
 6.758855E+02   
 6.615457E+02   
 6.468337E+02   
 6.317515E+02   
 6.163019E+02   
 6.004882E+02   
 5.843143E+02   
 5.677846E+02   
 5.509042E+02   
 5.336789E+02   
 5.161151E+02   
 4.982196E+02   
 4.800001E+02   
 4.614647E+02   
 4.426223E+02   
 4.234821E+02   
 4.040541E+02   
 3.843489E+02   
 3.643776E+02   
 3.441517E+02   
 3.236835E+02   
 3.029856E+02   
 2.820712E+02   
 2.609537E+02   
 2.396474E+02   
 2.181665E+02   
 1.965260E+02   
 1.747410E+02   
 1.528269E+02   
 1.307996E+02   
 1.086751E+02   
 8.646952E+01   
 6.419937E+01   
 4.188120E+01   
 1.953166E+01   
-2.832511E+00   
-2.519453E+01   
-4.753765E+01   
-6.984513E+01   
-9.210035E+01   
-1.142868E+02   
-1.363880E+02   
-1.583879E+02   
-1.802705E+02   
-2.020200E+02   
-2.236212E+02   
-2.450589E+02   
-2.663183E+02   
-2.873853E+02   
-3.082457E+02   
-3.288862E+02   
-3.492937E+02   
-3.694557E+02   
-3.893602E+02   
-4.089957E+02   
-4.283512E+02   
-4.474164E+02   
-4.661814E+02   
-4.846371E+02   
-5.027747E+02   
-5.205864E+02   
-5.380646E+02   
-5.552025E+02   
-5.719940E+02   
-5.884336E+02   
-6.045162E+02   
-6.202376E+02   
-6.355939E+02   
-6.505821E+02   
-6.651997E+02   
-6.794445E+02   
-6.933154E+02   
-7.068113E+02   
-7.199321E+02   
-7.326780E+02   
-7.450498E+02   
-7.570486E+02   
-7.686763E+02   
-7.799351E+02   
-7.908276E+02   
-8.013568E+02   
-8.115264E+02   
-8.213401E+02   
-8.308022E+02   
-8.399172E+02   
-8.486902E+02   
-8.571264E+02   
-8.652312E+02   
-8.730104E+02   
-8.804701E+02   
-8.876165E+02   
-8.944560E+02   
-9.009954E+02   
-9.072414E+02   
-9.132010E+02   
-9.188813E+02   
-9.242895E+02   
-9.294330E+02   
-9.343190E+02   
-9.389550E+02   
-9.433486E+02   
-9.475072E+02   
-9.514385E+02   
-9.551499E+02   
-9.586491E+02   
-9.619435E+02   
-9.650406E+02   
-9.679478E+02   
-9.706727E+02   
-9.732223E+02   
-9.756041E+02   
-9.778252E+02   
-9.798926E+02   
-9.818132E+02   
-9.835940E+02   
-9.852417E+02   
-9.867628E+02   
-9.881638E+02   
-9.894511E+02   
-9.906309E+02   
-9.917092E+02   
-9.926920E+02   
-9.935848E+02   
-9.943935E+02   
-9.951232E+02   
-9.957794E+02   
-9.963671E+02   
-9.968912E+02   
-9.973564E+02   
-9.977673E+02   
-9.981284E+02   
-9.984437E+02   
-9.987173E+02   
-9.989531E+02   
-9.991548E+02   
-9.993257E+02   
-9.994692E+02   
-9.995885E+02   
-9.996863E+02   
-9.997655E+02   
-9.998286E+02   
-9.998779E+02   
-9.999157E+02   
-9.999439E+02   
-9.999642E+02   
-9.999784E+02   
-9.999878E+02   
-9.999937E+02   
-9.999971E+02   
-9.999988E+02   
-9.999996E+02   
-9.999999E+02   
-9.999999E+02   
-9.999999E+02   
-9.999996E+02   
-9.999989E+02   
-9.999973E+02   
-9.999941E+02   
-9.999884E+02   
-9.999793E+02   
-9.999655E+02   
-9.999457E+02   
-9.999182E+02   
-9.998812E+02   
-9.998329E+02   
-9.997709E+02   
-9.996931E+02   
-9.995968E+02   
-9.994793E+02   
-9.993378E+02   
-9.991691E+02   
-9.989699E+02   
-9.987369E+02   
-9.984663E+02   
-9.981544E+02   
-9.977971E+02   
-9.973901E+02   
-9.969293E+02   
-9.964099E+02   
-9.958273E+02   
-9.951766E+02   
-9.944528E+02   
-9.936504E+02   
-9.927643E+02   
-9.917887E+02   
-9.907180E+02   
-9.895462E+02   
-9.882674E+02   
-9.868754E+02   
-9.853638E+02   
-9.837261E+02   
-9.819559E+02   
-9.800462E+02   
-9.779904E+02   
-9.757815E+02   
-9.734123E+02   
-9.708758E+02   
-9.681648E+02   
-9.652718E+02   
-9.621896E+02   
-9.589107E+02   
-9.554275E+02   
-9.517327E+02   
-9.478186E+02   
-9.436777E+02   
-9.393024E+02   
-9.346852E+02   
-9.298187E+02   
-9.246953E+02   
-9.193077E+02   
-9.136485E+02   
-9.077105E+02   
-9.014867E+02   
-8.949700E+02   
-8.881537E+02   
-8.810310E+02   
-8.735955E+02   
-8.658410E+02   
-8.577613E+02   
-8.493506E+02   
-8.406036E+02   
-8.315148E+02   
-8.220793E+02   
-8.122926E+02   
-8.021504E+02   
-7.916487E+02   
-7.807840E+02   
-7.695533E+02   
-7.579538E+02   
-7.459833E+02   
-7.336400E+02   
-7.209227E+02   
-7.078304E+02   
-6.943631E+02   
-6.805208E+02   
-6.663043E+02   
-6.517151E+02   
-6.367551E+02   
-6.214267E+02   
-6.057330E+02   
-5.896777E+02   
-5.732652E+02   
-5.565003E+02   
-5.393886E+02   
-5.219361E+02   
-5.041497E+02   
-4.860367E+02   
-4.676050E+02   
-4.488633E+02   
-4.298208E+02   
-4.104871E+02   
-3.908728E+02   
-3.709885E+02   
-3.508459E+02   
-3.304569E+02   
-3.098339E+02   
-2.889900E+02   
-2.679386E+02   
-2.466937E+02   
-2.252694E+02   
-2.036806E+02   
-1.819422E+02   
-1.600696E+02   
-1.380786E+02   
-1.159850E+02   
-9.380506E+01   
-7.155508E+01   
-4.925159E+01   
-2.691123E+01   
-4.550707E+00   
 1.781321E+01   
 4.016374E+01   
 6.248416E+01   
 8.475780E+01   
 1.069681E+02   
 1.290986E+02   
 1.511330E+02   
 1.730555E+02   
 1.948500E+02   
 2.165012E+02   
 2.379939E+02   
 2.593132E+02   
 2.804447E+02   
 3.013742E+02   
 3.220882E+02   
 3.425735E+02   
 3.628174E+02   
 3.828077E+02   
 4.025327E+02   
 4.219814E+02   
 4.411431E+02   
 4.600078E+02   
 4.785661E+02   
 4.968093E+02   
 5.147290E+02   
 5.323177E+02   
 5.495684E+02   
 5.664746E+02   
 5.830306E+02   
 5.992313E+02   
 6.150721E+02   
 6.305491E+02   
 6.456590E+02   
 6.603989E+02   
 6.747669E+02   
 6.887612E+02   
 7.023808E+02   
 7.156254E+02   
 7.284949E+02   
 7.409900E+02   
 7.531117E+02   
 7.648617E+02   
 7.762420E+02   
 7.872551E+02   
 7.979040E+02   
 8.081919E+02   
 8.181227E+02   
 8.277005E+02   
 8.369298E+02   
 8.458153E+02   
 8.543622E+02   
 8.625759E+02   
 8.704621E+02   
 8.780268E+02   
 8.852761E+02   
 8.922165E+02   
 8.988544E+02   
 9.051968E+02   
 9.112504E+02   
 9.170224E+02   
 9.225199E+02   
 9.277502E+02   
 9.327206E+02   
 9.374386E+02   
 9.419117E+02   
 9.461474E+02   
 9.501532E+02   
 9.539367E+02   
 9.575054E+02   
 9.608669E+02   
 9.640287E+02   
 9.669981E+02   
 9.697827E+02   
 9.723897E+02   
 9.748265E+02   
 9.771001E+02   
 9.792178E+02   
 9.811865E+02   
 9.830130E+02   
 9.847042E+02   
 9.862667E+02   
 9.877070E+02   
 9.890315E+02   
 9.902465E+02   
 9.913580E+02   
 9.923719E+02   
 9.932941E+02   
 9.941303E+02   
 9.948858E+02   
 9.955660E+02   
 9.961760E+02   
 9.967209E+02   
 9.972053E+02   
 9.976339E+02   
 9.980112E+02   
 9.983414E+02   
 9.986286E+02   
 9.988768E+02   
 9.990895E+02   
 9.992704E+02   
 9.994229E+02   
 9.995500E+02   
 9.996548E+02   
 9.997400E+02   
 9.998083E+02   
 9.998621E+02   
 9.999036E+02   
 9.999349E+02   
 9.999578E+02   
 9.999739E+02   
 9.999849E+02   
 9.999919E+02   
 9.999960E+02   
 9.999983E+02   
 9.999994E+02   
 9.999998E+02   
 9.999999E+02   
 9.999999E+02   
 9.999997E+02   
 9.999992E+02   
 9.999978E+02   
 9.999952E+02   
 9.999903E+02   
 9.999824E+02   
 9.999702E+02   
 9.999524E+02   
 9.999275E+02   
 9.998937E+02   
 9.998491E+02   
 9.997917E+02   
 9.997191E+02   
 9.996290E+02   
 9.995185E+02   
 9.993850E+02   
 9.992253E+02   
 9.990363E+02   
 9.988145E+02   
 9.985564E+02   
 9.982581E+02   
 9.979158E+02   
 9.975253E+02   
 9.970823E+02   
 9.965823E+02   
 9.960206E+02   
 9.953925E+02   
 9.946928E+02   
 9.939163E+02   
 9.930579E+02   
 9.921118E+02   
 9.910725E+02   
 9.899342E+02   
 9.886907E+02   
 9.873360E+02   
 9.858639E+02   
 9.842678E+02   
 9.825413E+02   
 9.806776E+02   
 9.786700E+02   
 9.765116E+02   
 9.741952E+02   
 9.717139E+02   
 9.690603E+02   
 9.662273E+02   
 9.632074E+02   
 9.599933E+02   
 9.565774E+02   
 9.529523E+02   
 9.491104E+02   
 9.450441E+02   
 9.407460E+02   
 9.362084E+02   
 9.314239E+02   
 9.263850E+02   
 9.210843E+02   
 9.155144E+02   
 9.096681E+02   
 9.035382E+02   
 8.971178E+02   
 8.903999E+02   
 8.833779E+02   
 8.760452E+02   
 8.683954E+02   
 8.604224E+02   
 8.521204E+02   
 8.434838E+02   
 8.345071E+02   
 8.251854E+02   
 8.155139E+02   
 8.054883E+02   
 7.951044E+02   
 7.843587E+02   
 7.732480E+02   
 7.617693E+02   
 7.499203E+02   
 7.376991E+02   
 7.251042E+02   
 7.121346E+02   
 6.987899E+02   
 6.850702E+02   
 6.709761E+02   
 6.565088E+02   
 6.416699E+02   
 6.264618E+02   
 6.108874E+02   
 5.949501E+02   
 5.786541E+02   
 5.620041E+02   
 5.450054E+02   
 5.276640E+02   
 5.099863E+02   
 4.919796E+02   
 4.736516E+02   
 4.550107E+02   
 4.360659E+02   
 4.168267E+02   
 3.973034E+02   
 3.775067E+02   
 3.574477E+02   
 3.371384E+02   
 3.165911E+02   
 2.958185E+02   
 2.748340E+02   
 2.536514E+02   
 2.322847E+02   
 2.107487E+02   
 1.890581E+02   
 1.672283E+02   
 1.452749E+02   
 1.232138E+02   
 1.010609E+02   
 7.883267E+01   
 5.654551E+01   
 3.421604E+01   
 1.186094E+01   
-1.050304E+01   
-3.285912E+01   
-5.519055E+01   
-7.748064E+01   
-9.971278E+01   
-1.218705E+02   
-1.439375E+02   
-1.658976E+02   
-1.877351E+02   
-2.094342E+02   
-2.309797E+02   
-2.523567E+02   
-2.735505E+02   
-2.945470E+02   
-3.153324E+02   
-3.358933E+02   
-3.562170E+02   
-3.762910E+02   
-3.961035E+02   
-4.156432E+02   
-4.348993E+02   
-4.538617E+02   
-4.725208E+02   
-4.908675E+02   
-5.088935E+02   
-5.265908E+02   
-5.439524E+02   
-5.609715E+02   
-5.776423E+02   
-5.939595E+02   
-6.099181E+02   
-6.255142E+02   
-6.407442E+02   
-6.556052E+02   
-6.700947E+02   
-6.842112E+02   
-6.979532E+02   
-7.113203E+02   
-7.243123E+02   
-7.369297E+02   
-7.491733E+02   
-7.610446E+02   
-7.725455E+02   
-7.836783E+02   
-7.944460E+02   
-8.048516E+02   
-8.148987E+02   
-8.245915E+02   
-8.339343E+02   
-8.429318E+02   
-8.515889E+02   
-8.599111E+02   
-8.679039E+02   
-8.755732E+02   
-8.829251E+02   
-8.899660E+02   
-8.967023E+02   
-9.031408E+02   
-9.092882E+02   
-9.151518E+02   
-9.207385E+02   
-9.260556E+02   
-9.311104E+02   
-9.359104E+02   
-9.404631E+02   
-9.447759E+02   
-9.488563E+02   
-9.527120E+02   
-9.563504E+02   
-9.597791E+02   
-9.630056E+02   
-9.660375E+02   
-9.688820E+02   
-9.715466E+02   
-9.740386E+02   
-9.763651E+02   
-9.785333E+02   
-9.805503E+02   
-9.824229E+02   
-9.841579E+02   
-9.857621E+02   
-9.872420E+02   
-9.886040E+02   
-9.898544E+02   
-9.909994E+02   
-9.920449E+02   
-9.929968E+02   
-9.938608E+02   
-9.946424E+02   
-9.953469E+02   
-9.959796E+02   
-9.965455E+02   
-9.970494E+02   
-9.974961E+02   
-9.978899E+02   
-9.982353E+02   
-9.985364E+02   
-9.987972E+02   
-9.990213E+02   
-9.992125E+02   
-9.993741E+02   
-9.995093E+02   
-9.996213E+02   
-9.997128E+02   
-9.997866E+02   
-9.998450E+02   
-9.998904E+02   
-9.999250E+02   
-9.999505E+02   
-9.999688E+02   
-9.999814E+02   
-9.999897E+02   
-9.999947E+02   
-9.999976E+02   
-9.999990E+02   
-9.999996E+02   
-9.999999E+02   
-9.999999E+02   
-9.999998E+02   
-9.999993E+02   
-9.999983E+02   
-9.999961E+02   
-9.999920E+02   
-9.999851E+02   
-9.999743E+02   
-9.999583E+02   
-9.999358E+02   
-9.999049E+02   
-9.998639E+02   
-9.998107E+02   
-9.997432E+02   
-9.996588E+02   
-9.995551E+02   
-9.994291E+02   
-9.992780E+02   
-9.990986E+02   
-9.988876E+02   
-9.986414E+02   
-9.983563E+02   
-9.980285E+02   
-9.976538E+02   
-9.972280E+02   
-9.967466E+02   
-9.962052E+02   
-9.955988E+02   
-9.949225E+02   
-9.941712E+02   
-9.933395E+02   
-9.924221E+02   
-9.914133E+02   
-9.903074E+02   
-9.890982E+02   
-9.877799E+02   
-9.863462E+02   
-9.847906E+02   
-9.831067E+02   
-9.812878E+02   
-9.793272E+02   
-9.772180E+02   
-9.749531E+02   
-9.725257E+02   
-9.699283E+02   
-9.671538E+02   
-9.641949E+02   
-9.610441E+02   
-9.576940E+02   
-9.541371E+02   
-9.503659E+02   
-9.463727E+02   
-9.421502E+02   
-9.376906E+02   
-9.329865E+02   
-9.280305E+02   
-9.228150E+02   
-9.173328E+02   
-9.115765E+02   
-9.055389E+02   
-8.992131E+02   
-8.925920E+02   
-8.856689E+02   
-8.784372E+02   
-8.708905E+02   
-8.630226E+02   
-8.548276E+02   
-8.462997E+02   
-8.374336E+02   
-8.282239E+02   
-8.186660E+02   
-8.087554E+02   
-7.984878E+02   
-7.878596E+02   
-7.768673E+02   
-7.655079E+02   
-7.537790E+02   
-7.416785E+02   
-7.292047E+02   
-7.163565E+02   
-7.031334E+02   
-6.895352E+02   
-6.755623E+02   
-6.612157E+02   
-6.464970E+02   
-6.314083E+02   
-6.159523E+02   
-6.001323E+02   
-5.839522E+02   
-5.674166E+02   
-5.505304E+02   
-5.332995E+02   
-5.157303E+02   
-4.978296E+02   
-4.796051E+02   
-4.610649E+02   
-4.422179E+02   
-4.230734E+02   
-4.036414E+02   
-3.839324E+02   
-3.639576E+02   
-3.437285E+02   
-3.232574E+02   
-3.025568E+02   
-2.816400E+02   
-2.605206E+02   
-2.392125E+02   
-2.177302E+02   
-1.960887E+02   
-1.743029E+02   
-1.523884E+02   
-1.303610E+02   
-1.082367E+02   
-8.603176E+01   
-6.376253E+01   
-4.144560E+01   
-1.909764E+01   
 3.264630E+00   
 2.562443E+01   
 4.796500E+01   
 7.026962E+01   
 9.252166E+01   
 1.147046E+02   
 1.368021E+02   
 1.587979E+02   
 1.806761E+02 