 9.009207E-01   
 9.009053E-01   
 9.008593E-01   
 9.007825E-01   
 9.006749E-01   
 9.005367E-01   
 9.003678E-01   
 9.001681E-01   
 8.999378E-01   
 8.996768E-01   
 8.993851E-01   
 8.990628E-01   
 8.987098E-01   
 8.983261E-01   
 8.979119E-01   
 8.974670E-01   
 8.969916E-01   
 8.964856E-01   
 8.959490E-01   
 8.953820E-01   
 8.947844E-01   
 8.941563E-01   
 8.934978E-01   
 8.928089E-01   
 8.920896E-01   
 8.913399E-01   
 8.905598E-01   
 8.897495E-01   
 8.889088E-01   
 8.880379E-01   
 8.871369E-01   
 8.862056E-01   
 8.852442E-01   
 8.842527E-01   
 8.832311E-01   
 8.821795E-01   
 8.810980E-01   
 8.799865E-01   
 8.788451E-01   
 8.776739E-01   
 8.764728E-01   
 8.752421E-01   
 8.739816E-01   
 8.726914E-01   
 8.713717E-01   
 8.700224E-01   
 8.686436E-01   
 8.672353E-01   
 8.657977E-01   
 8.643308E-01   
 8.628345E-01   
 8.613091E-01   
 8.597545E-01   
 8.581708E-01   
 8.565580E-01   
 8.549163E-01   
 8.532457E-01   
 8.515463E-01   
 8.498181E-01   
 8.480612E-01   
 8.462756E-01   
 8.444615E-01   
 8.426189E-01   
 8.407479E-01   
 8.388485E-01   
 8.369209E-01   
 8.349650E-01   
 8.329811E-01   
 8.309690E-01   
 8.289290E-01   
 8.268612E-01   
 8.247655E-01   
 8.226421E-01   
 8.204910E-01   
 8.183124E-01   
 8.161064E-01   
 8.138729E-01   
 8.116121E-01   
 8.093241E-01   
 8.070090E-01   
 8.046669E-01   
 8.022978E-01   
 7.999018E-01   
 7.974791E-01   
 7.950297E-01   
 7.925537E-01   
 7.900513E-01   
 7.875225E-01   
 7.849674E-01   
 7.823861E-01   
 7.797787E-01   
 7.771453E-01   
 7.744861E-01   
 7.718010E-01   
 7.690903E-01   
 7.663540E-01   
 7.635922E-01   
 7.608051E-01   
 7.579927E-01   
 7.551551E-01   
 7.522925E-01   
 7.494049E-01   
 7.464926E-01   
 7.435554E-01   
 7.405937E-01   
 7.376075E-01   
 7.345969E-01   
 7.315621E-01   
 7.285031E-01   
 7.254200E-01   
 7.223130E-01   
 7.191823E-01   
 7.160278E-01   
 7.128498E-01   
 7.096483E-01   
 7.064235E-01   
 7.031754E-01   
 6.999043E-01   
 6.966102E-01   
 6.932933E-01   
 6.899537E-01   
 6.865914E-01   
 6.832067E-01   
 6.797997E-01   
 6.763704E-01   
 6.729190E-01   
 6.694457E-01   
 6.659505E-01   
 6.624337E-01   
 6.588952E-01   
 6.553354E-01   
 6.517542E-01   
 6.481518E-01   
 6.445283E-01   
 6.408840E-01   
 6.372189E-01   
 6.335331E-01   
 6.298268E-01   
 6.261001E-01   
 6.223532E-01   
 6.185861E-01   
 6.147991E-01   
 6.109923E-01   
 6.071657E-01   
 6.033197E-01   
 5.994541E-01   
 5.955693E-01   
 5.916654E-01   
 5.877425E-01   
 5.838007E-01   
 5.798402E-01   
 5.758611E-01   
 5.718636E-01   
 5.678478E-01   
 5.638138E-01   
 5.597619E-01   
 5.556921E-01   
 5.516045E-01   
 5.474995E-01   
 5.433769E-01   
 5.392371E-01   
 5.350802E-01   
 5.309063E-01   
 5.267155E-01   
 5.225081E-01   
 5.182841E-01   
 5.140437E-01   
 5.097871E-01   
 5.055144E-01   
 5.012257E-01   
 4.969212E-01   
 4.926011E-01   
 4.882655E-01   
 4.839145E-01   
 4.795483E-01   
 4.751671E-01   
 4.707710E-01   
 4.663601E-01   
 4.619346E-01   
 4.574947E-01   
 4.530405E-01   
 4.485721E-01   
 4.440898E-01   
 4.395936E-01   
 4.350838E-01   
 4.305604E-01   
 4.260237E-01   
 4.214737E-01   
 4.169107E-01   
 4.123347E-01   
 4.077460E-01   
 4.031447E-01   
 3.985309E-01   
 3.939048E-01   
 3.892666E-01   
 3.846164E-01   
 3.799544E-01   
 3.752807E-01   
 3.705955E-01   
 3.658989E-01   
 3.611910E-01   
 3.564722E-01   
 3.517424E-01   
 3.470019E-01   
 3.422508E-01   
 3.374892E-01   
 3.327174E-01   
 3.279355E-01   
 3.231435E-01   
 3.183418E-01   
 3.135304E-01   
 3.087095E-01   
 3.038793E-01   
 2.990399E-01   
 2.941914E-01   
 2.893341E-01   
 2.844680E-01   
 2.795934E-01   
 2.747104E-01   
 2.698191E-01   
 2.649197E-01   
 2.600123E-01   
 2.550972E-01   
 2.501744E-01   
 2.452442E-01   
 2.403066E-01   
 2.353619E-01   
 2.304101E-01   
 2.254515E-01   
 2.204862E-01   
 2.155143E-01   
 2.105361E-01   
 2.055516E-01   
 2.005610E-01   
 1.955645E-01   
 1.905622E-01   
 1.855543E-01   
 1.805409E-01   
 1.755222E-01   
 1.704983E-01   
 1.654695E-01   
 1.604357E-01   
 1.553973E-01   
 1.503543E-01   
 1.453070E-01   
 1.402553E-01   
 1.351996E-01   
 1.301399E-01   
 1.250765E-01   
 1.200094E-01   
 1.149388E-01   
 1.098649E-01   
 1.047878E-01   
 9.970771E-02   
 9.462470E-02   
 8.953895E-02   
 8.445062E-02   
 7.935986E-02   
 7.426682E-02   
 6.917164E-02   
 6.407447E-02   
 5.897546E-02   
 5.387477E-02   
 4.877254E-02   
 4.366891E-02   
 3.856403E-02   
 3.345806E-02   
 2.835114E-02   
 2.324341E-02   
 1.813502E-02   
 1.302612E-02   
 7.916853E-03   
 2.807364E-03   
-2.302201E-03   
-7.411698E-03   
-1.252098E-02   
-1.762991E-02   
-2.273834E-02   
-2.784612E-02   
-3.295311E-02   
-3.805918E-02   
-4.316417E-02   
-4.826795E-02   
-5.337038E-02   
-5.847130E-02   
-6.357059E-02   
-6.866810E-02   
-7.376369E-02   
-7.885722E-02   
-8.394855E-02   
-8.903754E-02   
-9.412406E-02   
-9.920796E-02   
-1.042891E-01   
-1.093674E-01   
-1.144426E-01   
-1.195147E-01   
-1.245834E-01   
-1.296488E-01   
-1.347105E-01   
-1.397686E-01   
-1.448228E-01   
-1.498730E-01   
-1.549191E-01   
-1.599610E-01   
-1.649985E-01   
-1.700314E-01   
-1.750598E-01   
-1.800833E-01   
-1.851020E-01   
-1.901156E-01   
-1.951240E-01   
-2.001272E-01   
-2.051249E-01   
-2.101171E-01   
-2.151035E-01   
-2.200842E-01   
-2.250589E-01   
-2.300275E-01   
-2.349900E-01   
-2.399461E-01   
-2.448957E-01   
-2.498388E-01   
-2.547752E-01   
-2.597047E-01   
-2.646273E-01   
-2.695429E-01   
-2.744512E-01   
-2.793521E-01   
-2.842457E-01   
-2.891317E-01   
-2.940099E-01   
-2.988804E-01   
-3.037429E-01   
-3.085974E-01   
-3.134437E-01   
-3.182817E-01   
-3.231113E-01   
-3.279323E-01   
-3.327447E-01   
-3.375483E-01   
-3.423431E-01   
-3.471288E-01   
-3.519054E-01   
-3.566728E-01   
-3.614308E-01   
-3.661794E-01   
-3.709183E-01   
-3.756476E-01   
-3.803671E-01   
-3.850766E-01   
-3.897761E-01   
-3.944655E-01   
-3.991446E-01   
-4.038133E-01   
-4.084715E-01   
-4.131192E-01   
-4.177561E-01   
-4.223822E-01   
-4.269974E-01   
-4.316016E-01   
-4.361946E-01   
-4.407764E-01   
-4.453469E-01   
-4.499058E-01   
-4.544532E-01   
-4.589889E-01   
-4.635129E-01   
-4.680249E-01   
-4.725250E-01   
-4.770130E-01   
-4.814888E-01   
-4.859523E-01   
-4.904033E-01   
-4.948419E-01   
-4.992679E-01   
-5.036811E-01   
-5.080816E-01   
-5.124691E-01   
-5.168436E-01   
-5.212050E-01   
-5.255533E-01   
-5.298882E-01   
-5.342097E-01   
-5.385176E-01   
-5.428120E-01   
-5.470927E-01   
-5.513596E-01   
-5.556127E-01   
-5.598517E-01   
-5.640766E-01   
-5.682874E-01   
-5.724839E-01   
-5.766661E-01   
-5.808337E-01   
-5.849869E-01   
-5.891254E-01   
-5.932492E-01   
-5.973581E-01   
-6.014521E-01   
-6.055311E-01   
-6.095951E-01   
-6.136438E-01   
-6.176773E-01   
-6.216954E-01   
-6.256980E-01   
-6.296851E-01   
-6.336566E-01   
-6.376124E-01   
-6.415523E-01   
-6.454764E-01   
-6.493845E-01   
-6.532766E-01   
-6.571525E-01   
-6.610121E-01   
-6.648555E-01   
-6.686825E-01   
-6.724930E-01   
-6.762869E-01   
-6.800642E-01   
-6.838247E-01   
-6.875684E-01   
-6.912953E-01   
-6.950052E-01   
-6.986980E-01   
-7.023737E-01   
-7.060322E-01   
-7.096734E-01   
-7.132973E-01   
-7.169036E-01   
-7.204925E-01   
-7.240638E-01   
-7.276174E-01   
-7.311532E-01   
-7.346712E-01   
-7.381713E-01   
-7.416534E-01   
-7.451175E-01   
-7.485634E-01   
-7.519911E-01   
-7.554005E-01   
-7.587916E-01   
-7.621643E-01   
-7.655184E-01   
-7.688540E-01   
-7.721710E-01   
-7.754692E-01   
-7.787486E-01   
-7.820092E-01   
-7.852509E-01   
-7.884736E-01   
-7.916772E-01   
-7.948616E-01   
-7.980269E-01   
-8.011729E-01   
-8.042995E-01   
-8.074068E-01   
-8.104946E-01   
-8.135628E-01   
-8.166114E-01   
-8.196404E-01   
-8.226496E-01   
-8.256390E-01   
-8.286085E-01   
-8.315581E-01   
-8.344877E-01   
-8.373973E-01   
-8.402867E-01   
-8.431559E-01   
-8.460049E-01   
-8.488336E-01   
-8.516419E-01   
-8.544298E-01   
-8.571971E-01   
-8.599439E-01   
-8.626701E-01   
-8.653757E-01   
-8.680604E-01   
-8.707244E-01   
-8.733675E-01   
-8.759897E-01   
-8.785910E-01   
-8.811712E-01   
-8.837303E-01   
-8.862683E-01   
-8.887851E-01   
-8.912806E-01   
-8.937548E-01   
-8.962076E-01   
-8.986390E-01   
-9.010490E-01   
-9.034374E-01   
-9.058042E-01   
-9.081494E-01   
-9.104728E-01   
-9.127746E-01   
-9.150545E-01   
-9.173126E-01   
-9.195487E-01   
-9.217629E-01   
-9.239551E-01   
-9.261253E-01   
-9.282733E-01   
-9.303992E-01   
-9.325029E-01   
-9.345843E-01   
-9.366434E-01   
-9.386801E-01   
-9.406944E-01   
-9.426863E-01   
-9.446557E-01   
-9.466025E-01   
-9.485268E-01   
-9.504284E-01   
-9.523073E-01   
-9.541635E-01   
-9.559969E-01   
-9.578074E-01   
-9.595951E-01   
-9.613599E-01   
-9.631018E-01   
-9.648206E-01   
-9.665164E-01   
-9.681891E-01   
-9.698386E-01   
-9.714650E-01   
-9.730682E-01   
-9.746481E-01   
-9.762047E-01   
-9.777380E-01   
-9.792479E-01   
-9.807344E-01   
-9.821974E-01   
-9.836370E-01   
-9.850530E-01   
-9.864454E-01   
-9.878142E-01   
-9.891593E-01   
-9.904808E-01   
-9.917785E-01   
-9.930525E-01   
-9.943026E-01   
-9.955290E-01   
-9.967314E-01   
-9.979100E-01   
-9.990646E-01   
-1.000195E+00   
-1.001302E+00   
-1.002384E+00   
-1.003443E+00   
-1.004477E+00   
-1.005488E+00   
-1.006474E+00   
-1.007435E+00   
-1.008373E+00   
-1.009286E+00   
-1.010176E+00   
-1.011040E+00   
-1.011881E+00   
-1.012697E+00   
-1.013488E+00   
-1.014255E+00   
-1.014998E+00   
-1.015716E+00   
-1.016409E+00   
-1.017078E+00   
-1.017723E+00   
-1.018343E+00   
-1.018938E+00   
-1.019508E+00   
-1.020054E+00   
-1.020575E+00   
-1.021072E+00   
-1.021543E+00   
-1.021990E+00   
-1.022412E+00   
-1.022809E+00   
-1.023181E+00   
-1.023529E+00   
-1.023851E+00   
-1.024149E+00   
-1.024422E+00   
-1.024669E+00   
-1.024892E+00   
-1.025090E+00   
-1.025262E+00   
-1.025410E+00   
-1.025533E+00   
-1.025630E+00   
-1.025703E+00   
-1.025750E+00   
-1.025772E+00   
-1.025769E+00   
-1.025741E+00   
-1.025688E+00   
-1.025609E+00   
-1.025506E+00   
-1.025377E+00   
-1.025223E+00   
-1.025043E+00   
-1.024839E+00   
-1.024609E+00   
-1.024353E+00   
-1.024073E+00   
-1.023767E+00   
-1.023436E+00   
-1.023080E+00   
-1.022698E+00   
-1.022291E+00   
-1.021859E+00   
-1.021401E+00   
-1.020918E+00   
-1.020409E+00   
-1.019876E+00   
-1.019316E+00   
-1.018732E+00   
-1.018122E+00   
-1.017486E+00   
-1.016826E+00   
-1.016140E+00   
-1.015428E+00   
-1.014691E+00   
-1.013929E+00   
-1.013141E+00   
-1.012328E+00   
-1.011489E+00   
-1.010625E+00   
-1.009736E+00   
-1.008821E+00   
-1.007881E+00   
-1.006915E+00   
-1.005924E+00   
-1.004908E+00   
-1.003866E+00   
-1.002799E+00   
-1.001706E+00   
-1.000588E+00   
-9.994448E-01   
-9.982761E-01   
-9.970821E-01   
-9.958627E-01   
-9.946180E-01   
-9.933480E-01   
-9.920526E-01   
-9.907320E-01   
-9.893860E-01   
-9.880148E-01   
-9.866183E-01   
-9.851965E-01   
-9.837495E-01   
-9.822772E-01   
-9.807797E-01   
-9.792570E-01   
-9.777091E-01   
-9.761361E-01   
-9.745379E-01   
-9.729145E-01   
-9.712660E-01   
-9.695925E-01   
-9.678938E-01   
-9.661701E-01   
-9.644213E-01   
-9.626475E-01   
-9.608487E-01   
-9.590249E-01   
-9.571762E-01   
-9.553025E-01   
-9.534039E-01   
-9.514804E-01   
-9.495321E-01   
-9.475589E-01   
-9.455610E-01   
-9.435382E-01   
-9.414907E-01   
-9.394185E-01   
-9.373215E-01   
-9.352000E-01   
-9.330537E-01   
-9.308829E-01   
-9.286875E-01   
-9.264676E-01   
-9.242231E-01   
-9.219542E-01   
-9.196609E-01   
-9.173431E-01   
-9.150010E-01   
-9.126346E-01   
-9.102439E-01   
-9.078289E-01   
-9.053897E-01   
-9.029263E-01   
-9.004388E-01   
-8.979272E-01   
-8.953915E-01   
-8.928319E-01   
-8.902482E-01   
-8.876407E-01   
-8.850092E-01   
-8.823540E-01   
-8.796749E-01   
-8.769721E-01   
-8.742456E-01   
-8.714955E-01   
-8.687217E-01   
-8.659244E-01   
-8.631037E-01   
-8.602594E-01   
-8.573918E-01   
-8.545008E-01   
-8.515866E-01   
-8.486491E-01   
-8.456884E-01   
-8.427046E-01   
-8.396977E-01   
-8.366679E-01   
-8.336150E-01   
-8.305393E-01   
-8.274407E-01   
-8.243194E-01   
-8.211753E-01   
-8.180086E-01   
-8.148193E-01   
-8.116074E-01   
-8.083731E-01   
-8.051164E-01   
-8.018374E-01   
-7.985361E-01   
-7.952125E-01   
-7.918669E-01   
-7.884992E-01   
-7.851095E-01   
-7.816978E-01   
-7.782643E-01   
-7.748091E-01   
-7.713321E-01   
-7.678334E-01   
-7.643132E-01   
-7.607715E-01   
-7.572084E-01   
-7.536240E-01   
-7.500183E-01   
-7.463914E-01   
-7.427434E-01   
-7.390744E-01   
-7.353845E-01   
-7.316737E-01   
-7.279421E-01   
-7.241898E-01   
-7.204169E-01   
-7.166234E-01   
-7.128095E-01   
-7.089753E-01   
-7.051208E-01   
-7.012461E-01   
-6.973513E-01   
-6.934365E-01   
-6.895018E-01   
-6.855473E-01   
-6.815730E-01   
-6.775791E-01   
-6.735656E-01   
-6.695327E-01   
-6.654805E-01   
-6.614089E-01   
-6.573182E-01   
-6.532085E-01   
-6.490797E-01   
-6.449321E-01   
-6.407658E-01   
-6.365807E-01   
-6.323771E-01   
-6.281550E-01   
-6.239146E-01   
-6.196559E-01   
-6.153790E-01   
-6.110841E-01   
-6.067713E-01   
-6.024406E-01   
-5.980922E-01   
-5.937262E-01   
-5.893426E-01   
-5.849417E-01   
-5.805235E-01   
-5.760881E-01   
-5.716356E-01   
-5.671662E-01   
-5.626800E-01   
-5.581770E-01   
-5.536575E-01   
-5.491214E-01   
-5.445690E-01   
-5.400004E-01   
-5.354156E-01   
-5.308148E-01   
-5.261981E-01   
-5.215656E-01   
-5.169175E-01   
-5.122539E-01   
-5.075748E-01   
-5.028805E-01   
-4.981711E-01   
-4.934466E-01   
-4.887072E-01   
-4.839531E-01   
-4.791843E-01   
-4.744010E-01   
-4.696033E-01   
-4.647914E-01   
-4.599654E-01   
-4.551253E-01   
-4.502715E-01   
-4.454039E-01   
-4.405227E-01   
-4.356281E-01   
-4.307201E-01   
-4.257990E-01   
-4.208649E-01   
-4.159178E-01   
-4.109580E-01   
-4.059855E-01   
-4.010006E-01   
-3.960034E-01   
-3.909939E-01   
-3.859724E-01   
-3.809390E-01   
-3.758938E-01   
-3.708370E-01   
-3.657687E-01   
-3.606890E-01   
-3.555982E-01   
-3.504964E-01   
-3.453836E-01   
-3.402601E-01   
-3.351260E-01   
-3.299815E-01   
-3.248267E-01   
-3.196617E-01   
-3.144868E-01   
-3.093020E-01   
-3.041075E-01   
-2.989035E-01   
-2.936902E-01   
-2.884676E-01   
-2.832359E-01   
-2.779954E-01   
-2.727460E-01   
-2.674881E-01   
-2.622218E-01   
-2.569472E-01   
-2.516644E-01   
-2.463737E-01   
-2.410752E-01   
-2.357691E-01   
-2.304555E-01   
-2.251346E-01   
-2.198065E-01   
-2.144715E-01   
-2.091296E-01   
-2.037811E-01   
-1.984260E-01   
-1.930647E-01   
-1.876972E-01   
-1.823236E-01   
-1.769443E-01   
-1.715593E-01   
-1.661688E-01   
-1.607729E-01   
-1.553719E-01   
-1.499660E-01   
-1.445552E-01   
-1.391397E-01   
-1.337198E-01   
-1.282955E-01   
-1.228672E-01   
-1.174348E-01   
-1.119987E-01   
-1.065589E-01   
-1.011157E-01   
-9.566928E-02   
-9.021971E-02   
-8.476721E-02   
-7.931196E-02   
-7.385414E-02   
-6.839391E-02   
-6.293146E-02   
-5.746696E-02   
-5.200059E-02   
-4.653252E-02   
-4.106293E-02   
-3.559199E-02   
-3.011990E-02   
-2.464681E-02   
-1.917292E-02   
-1.369839E-02   
-8.223413E-03   
-2.748161E-03   
 2.727184E-03   
 8.202445E-03   
 1.367744E-02   
 1.915199E-02   
 2.462592E-02   
 3.009904E-02   
 3.557118E-02   
 4.104215E-02   
 4.651178E-02   
 5.197987E-02   
 5.744626E-02   
 6.291076E-02   
 6.837319E-02   
 7.383336E-02   
 7.929110E-02   
 8.474623E-02   
 9.019855E-02   
 9.564789E-02   
 1.010941E-01   
 1.065369E-01   
 1.119762E-01   
 1.174118E-01   
 1.228435E-01   
 1.282712E-01   
 1.336945E-01   
 1.391135E-01   
 1.445278E-01   
 1.499373E-01   
 1.553418E-01   
 1.607412E-01   
 1.661352E-01   
 1.715236E-01   
 1.769064E-01   
 1.822832E-01   
 1.876540E-01   
 1.930185E-01   
 1.983765E-01   
 2.037279E-01   
 2.090725E-01   
 2.144102E-01   
 2.197406E-01   
 2.250637E-01   
 2.303792E-01   
 2.356870E-01   
 2.409870E-01   
 2.462788E-01   
 2.515624E-01   
 2.568375E-01   
 2.621040E-01   
 2.673617E-01   
 2.726104E-01   
 2.778499E-01   
 2.830801E-01   
 2.883008E-01   
 2.935117E-01   
 2.987128E-01   
 3.039038E-01   
 3.090846E-01   
 3.142549E-01   
 3.194146E-01   
 3.245636E-01   
 3.297016E-01   
 3.348285E-01   
 3.399441E-01   
 3.450481E-01   
 3.501406E-01   
 3.552211E-01   
 3.602897E-01   
 3.653461E-01   
 3.703901E-01   
 3.754216E-01   
 3.804403E-01   
 3.854462E-01   
 3.904390E-01   
 3.954186E-01   
 4.003848E-01   
 4.053374E-01   
 4.102763E-01   
 4.152012E-01   
 4.201121E-01   
 4.250087E-01   
 4.298909E-01   
 4.347585E-01   
 4.396113E-01   
 4.444491E-01   
 4.492719E-01   
 4.540794E-01   
 4.588715E-01   
 4.636480E-01   
 4.684087E-01   
 4.731535E-01   
 4.778822E-01   
 4.825946E-01   
 4.872906E-01   
 4.919700E-01   
 4.966327E-01   
 5.012785E-01   
 5.059072E-01   
 5.105187E-01   
 5.151128E-01   
 5.196893E-01   
 5.242482E-01   
 5.287892E-01   
 5.333121E-01   
 5.378169E-01   
 5.423034E-01   
 5.467714E-01   
 5.512208E-01   
 5.556513E-01   
 5.600630E-01   
 5.644555E-01   
 5.688288E-01   
 5.731827E-01   
 5.775171E-01   
 5.818317E-01   
 5.861265E-01   
 5.904014E-01   
 5.946561E-01   
 5.988905E-01   
 6.031045E-01   
 6.072980E-01   
 6.114707E-01   
 6.156226E-01   
 6.197535E-01   
 6.238632E-01   
 6.279517E-01   
 6.320188E-01   
 6.360643E-01   
 6.400881E-01   
 6.440901E-01   
 6.480702E-01   
 6.520282E-01   
 6.559639E-01   
 6.598773E-01   
 6.637681E-01   
 6.676364E-01   
 6.714819E-01   
 6.753045E-01   
 6.791041E-01   
 6.828806E-01   
 6.866338E-01   
 6.903637E-01   
 6.940700E-01   
 6.977527E-01   
 7.014116E-01   
 7.050467E-01   
 7.086577E-01   
 7.122446E-01   
 7.158073E-01   
 7.193457E-01   
 7.228596E-01   
 7.263488E-01   
 7.298134E-01   
 7.332532E-01   
 7.366680E-01   
 7.400579E-01   
 7.434225E-01   
 7.467619E-01   
 7.500760E-01   
 7.533645E-01   
 7.566275E-01   
 7.598648E-01   
 7.630764E-01   
 7.662620E-01   
 7.694216E-01   
 7.725552E-01   
 7.756626E-01   
 7.787436E-01   
 7.817983E-01   
 7.848265E-01   
 7.878281E-01   
 7.908031E-01   
 7.937513E-01   
 7.966726E-01   
 7.995670E-01   
 8.024343E-01   
 8.052745E-01   
 8.080875E-01   
 8.108732E-01   
 8.136315E-01   
 8.163624E-01   
 8.190657E-01   
 8.217413E-01   
 8.243893E-01   
 8.270094E-01   
 8.296017E-01   
 8.321661E-01   
 8.347024E-01   
 8.372106E-01   
 8.396906E-01   
 8.421424E-01   
 8.445659E-01   
 8.469610E-01   
 8.493276E-01   
 8.516657E-01   
 8.539752E-01   
 8.562561E-01   
 8.585082E-01   
 8.607316E-01   
 8.629261E-01   
 8.650917E-01   
 8.672283E-01   
 8.693359E-01   
 8.714145E-01   
 8.734639E-01   
 8.754841E-01   
 8.774750E-01   
 8.794367E-01   
 8.813690E-01   
 8.832719E-01   
 8.851454E-01   
 8.869894E-01   
 8.888038E-01   
 8.905887E-01   
 8.923439E-01   
 8.940694E-01   
 8.957653E-01   
 8.974313E-01   
 8.990676E-01   
 9.006741E-01   
 9.022506E-01   
 9.037973E-01   
 9.053141E-01   
 9.068008E-01   
 9.082576E-01   
 9.096843E-01   
 9.110810E-01   
 9.124475E-01   
 9.137840E-01   
 9.150903E-01   
 9.163664E-01   
 9.176124E-01   
 9.188281E-01   
 9.200136E-01   
 9.211688E-01   
 9.222937E-01   
 9.233884E-01   
 9.244527E-01   
 9.254867E-01   
 9.264904E-01   
 9.274637E-01   
 9.284066E-01   
 9.293192E-01   
 9.302014E-01   
 9.310532E-01   
 9.318746E-01   
 9.326656E-01   
 9.334261E-01   
 9.341563E-01   
 9.348560E-01   
 9.355253E-01   
 9.361642E-01   
 9.367727E-01   
 9.373508E-01   
 9.378984E-01   
 9.384157E-01   
 9.389025E-01   
 9.393589E-01   
 9.397850E-01   
 9.401807E-01   
 9.405460E-01   
 9.408809E-01   
 9.411855E-01   
 9.414598E-01   
 9.417037E-01   
 9.419174E-01   
 9.421007E-01   
 9.422538E-01   
 9.423766E-01   
 9.424693E-01   
 9.425317E-01   
 9.425639E-01   
 9.425659E-01   
 9.425379E-01   
 9.424797E-01   
 9.423914E-01   
 9.422730E-01   
 9.421247E-01   
 9.419463E-01   
 9.417380E-01   
 9.414997E-01   
 9.412315E-01   
 9.409335E-01   
 9.406056E-01   
 9.402480E-01   
 9.398605E-01   
 9.394434E-01   
 9.389965E-01   
 9.385200E-01   
 9.380139E-01   
 9.374783E-01   
 9.369131E-01   
 9.363185E-01   
 9.356944E-01   
 9.350409E-01   
 9.343581E-01   
 9.336461E-01   
 9.329048E-01   
 9.321342E-01   
 9.313346E-01   
 9.305059E-01   
 9.296481E-01   
 9.287614E-01   
 9.278457E-01   
 9.269012E-01   
 9.259278E-01   
 9.249257E-01   
 9.238949E-01   
 9.228355E-01   
 9.217475E-01   
 9.206309E-01   
 9.194860E-01   
 9.183126E-01   
 9.171109E-01   
 9.158809E-01   
 9.146227E-01   
 9.133365E-01   
 9.120221E-01   
 9.106797E-01   
 9.093094E-01   
 9.079113E-01   
 9.064854E-01   
 9.050317E-01   
 9.035504E-01   
 9.020416E-01   
 9.005052E-01   
 8.989414E-01   
 8.973503E-01   
 8.957319E-01   
 8.940863E-01   
 8.924136E-01   
 8.907139E-01   
 8.889871E-01   
 8.872336E-01   
 8.854532E-01   
 8.836461E-01   
 8.818123E-01   
 8.799520E-01   
 8.780653E-01   
 8.761521E-01   
 8.742127E-01   
 8.722470E-01   
 8.702552E-01   
 8.682374E-01   
 8.661936E-01   
 8.641240E-01   
 8.620286E-01   
 8.599075E-01   
 8.577608E-01   
 8.555886E-01   
 8.533910E-01   
 8.511681E-01   
 8.489199E-01   
 8.466466E-01   
 8.443483E-01   
 8.420250E-01   
 8.396769E-01   
 8.373040E-01   
 8.349065E-01   
 8.324844E-01   
 8.300379E-01   
 8.275670E-01   
 8.250718E-01   
 8.225525E-01   
 8.200091E-01   
 8.174418E-01   
 8.148506E-01   
 8.122356E-01   
 8.095970E-01   
 8.069348E-01   
 8.042492E-01   
 8.015402E-01   
 7.988080E-01   
 7.960526E-01   
 7.932742E-01   
 7.904729E-01   
 7.876487E-01   
 7.848019E-01   
 7.819324E-01   
 7.790405E-01   
 7.761261E-01   
 7.731895E-01   
 7.702307E-01   
 7.672498E-01   
 7.642470E-01   
 7.612223E-01   
 7.581759E-01   
 7.551079E-01   
 7.520184E-01   
 7.489074E-01   
 7.457752E-01   
 7.426218E-01   
 7.394474E-01   
 7.362520E-01   
 7.330357E-01   
 7.297988E-01   
 7.265412E-01   
 7.232632E-01   
 7.199648E-01   
 7.166461E-01   
 7.133073E-01   
 7.099484E-01   
 7.065697E-01   
 7.031711E-01   
 6.997529E-01   
 6.963151E-01   
 6.928579E-01   
 6.893813E-01   
 6.858856E-01   
 6.823708E-01   
 6.788369E-01   
 6.752843E-01   
 6.717129E-01   
 6.681229E-01   
 6.645145E-01   
 6.608876E-01   
 6.572425E-01   
 6.535793E-01   
 6.498981E-01   
 6.461990E-01   
 6.424821E-01   
 6.387476E-01   
 6.349956E-01   
 6.312262E-01   
 6.274395E-01   
 6.236356E-01   
 6.198148E-01   
 6.159770E-01   
 6.121224E-01   
 6.082512E-01   
 6.043634E-01   
 6.004592E-01   
 5.965388E-01   
 5.926021E-01   
 5.886495E-01   
 5.846809E-01   
 5.806965E-01   
 5.766965E-01   
 5.726809E-01   
 5.686499E-01   
 5.646036E-01   
 5.605421E-01   
 5.564656E-01   
 5.523741E-01   
 5.482679E-01   
 5.441470E-01   
 5.400116E-01   
 5.358618E-01   
 5.316976E-01   
 5.275193E-01   
 5.233270E-01   
 5.191208E-01   
 5.149007E-01   
 5.106671E-01   
 5.064198E-01   
 5.021592E-01   
 4.978853E-01   
 4.935983E-01   
 4.892982E-01   
 4.849852E-01   
 4.806595E-01   
 4.763211E-01   
 4.719702E-01   
 4.676069E-01   
 4.632313E-01   
 4.588437E-01   
 4.544439E-01   
 4.500324E-01   
 4.456090E-01   
 4.411741E-01   
 4.367276E-01   
 4.322697E-01   
 4.278006E-01   
 4.233204E-01   
 4.188292E-01   
 4.143272E-01   
 4.098144E-01   
 4.052910E-01   
 4.007571E-01   
 3.962128E-01   
 3.916583E-01   
 3.870938E-01   
 3.825192E-01   
 3.779348E-01   
 3.733407E-01   
 3.687370E-01   
 3.641238E-01   
 3.595013E-01   
 3.548696E-01   
 3.502287E-01   
 3.455790E-01   
 3.409204E-01   
 3.362531E-01   
 3.315772E-01   
 3.268929E-01   
 3.222002E-01   
 3.174994E-01   
 3.127905E-01   
 3.080736E-01   
 3.033490E-01   
 2.986166E-01   
 2.938767E-01   
 2.891293E-01   
 2.843747E-01   
 2.796128E-01   
 2.748439E-01   
 2.700681E-01   
 2.652855E-01   
 2.604961E-01   
 2.557003E-01   
 2.508980E-01   
 2.460894E-01   
 2.412746E-01   
 2.364538E-01   
 2.316271E-01   
 2.267945E-01   
 2.219563E-01   
 2.171125E-01   
 2.122634E-01   
 2.074089E-01   
 2.025492E-01   
 1.976845E-01   
 1.928149E-01   
 1.879405E-01   
 1.830614E-01   
 1.781778E-01   
 1.732897E-01   
 1.683974E-01   
 1.635009E-01   
 1.586003E-01   
 1.536958E-01   
 1.487875E-01   
 1.438755E-01   
 1.389600E-01   
 1.340410E-01   
 1.291188E-01   
 1.241933E-01   
 1.192648E-01   
 1.143333E-01   
 1.093991E-01   
 1.044621E-01   
 9.952264E-02   
 9.458069E-02   
 8.963641E-02   
 8.468994E-02   
 7.974139E-02   
 7.479089E-02   
 6.983857E-02   
 6.488453E-02   
 5.992890E-02   
 5.497182E-02   
 5.001339E-02   
 4.505374E-02   
 4.009299E-02   
 3.513126E-02   
 3.016868E-02   
 2.520536E-02   
 2.024143E-02   
 1.527701E-02   
 1.031222E-02   
 5.347177E-03   
 3.820067E-04   
-4.583171E-03   
-9.548235E-03   
-1.451307E-02   
-1.947755E-02   
-2.444155E-02   
-2.940496E-02   
-3.436767E-02   
-3.932954E-02   
-4.429046E-02   
-4.925031E-02   
-5.420897E-02   
-5.916632E-02   
-6.412225E-02   
-6.907662E-02   
-7.402933E-02   
-7.898026E-02   
-8.392928E-02   
-8.887628E-02   
-9.382113E-02   
-9.876373E-02   
-1.037039E-01   
-1.086417E-01   
-1.135768E-01   
-1.185092E-01   
-1.234387E-01   
-1.283653E-01   
-1.332887E-01   
-1.382090E-01   
-1.431260E-01   
-1.480395E-01   
-1.529495E-01   
-1.578558E-01   
-1.627583E-01   
-1.676569E-01   
-1.725515E-01   
-1.774420E-01   
-1.823282E-01   
-1.872101E-01   
-1.920874E-01   
-1.969602E-01   
-2.018282E-01   
-2.066915E-01   
-2.115497E-01   
-2.164030E-01   
-2.212510E-01   
-2.260938E-01   
-2.309311E-01   
-2.357629E-01   
-2.405891E-01   
-2.454096E-01   
-2.502242E-01   
-2.550328E-01   
-2.598353E-01   
-2.646316E-01   
-2.694216E-01   
-2.742051E-01   
-2.789821E-01   
-2.837524E-01   
-2.885160E-01   
-2.932727E-01   
-2.980224E-01   
-3.027649E-01   
-3.075003E-01   
-3.122283E-01   
-3.169488E-01   
-3.216618E-01   
-3.263671E-01   
-3.310646E-01   
-3.357542E-01   
-3.404358E-01   
-3.451093E-01   
-3.497745E-01   
-3.544314E-01   
-3.590798E-01   
-3.637196E-01   
-3.683508E-01   
-3.729732E-01   
-3.775866E-01   
-3.821911E-01   
-3.867864E-01   
-3.913724E-01   
-3.959492E-01   
-4.005164E-01   
-4.050741E-01   
-4.096221E-01   
-4.141604E-01   
-4.186887E-01   
-4.232070E-01   
-4.277152E-01   
-4.322131E-01   
-4.367008E-01   
-4.411779E-01   
-4.456446E-01   
-4.501005E-01   
-4.545457E-01   
-4.589800E-01   
-4.634032E-01   
-4.678154E-01   
-4.722164E-01   
-4.766061E-01   
-4.809843E-01   
-4.853510E-01   
-4.897061E-01   
-4.940494E-01   
-4.983808E-01   
-5.027003E-01   
-5.070077E-01   
-5.113029E-01   
-5.155859E-01   
-5.198564E-01   
-5.241145E-01   
-5.283599E-01   
-5.325926E-01   
-5.368125E-01   
-5.410195E-01   
-5.452134E-01   
-5.493942E-01   
-5.535617E-01   
-5.577159E-01   
-5.618567E-01   
-5.659839E-01   
-5.700974E-01   
-5.741971E-01   
-5.782830E-01   
-5.823548E-01   
-5.864126E-01   
-5.904562E-01   
-5.944855E-01   
-5.985004E-01   
-6.025008E-01   
-6.064866E-01   
-6.104576E-01   
-6.144139E-01   
-6.183552E-01   
-6.222815E-01   
-6.261927E-01   
-6.300886E-01   
-6.339692E-01   
-6.378344E-01   
-6.416840E-01   
-6.455180E-01   
-6.493363E-01   
-6.531387E-01   
-6.569252E-01   
-6.606956E-01   
-6.644498E-01   
-6.681878E-01   
-6.719095E-01   
-6.756147E-01   
-6.793034E-01   
-6.829754E-01   
-6.866306E-01   
-6.902690E-01   
-6.938904E-01   
-6.974948E-01   
-7.010820E-01   
-7.046519E-01   
-7.082045E-01   
-7.117397E-01   
-7.152573E-01   
-7.187572E-01   
-7.222394E-01   
-7.257038E-01   
-7.291502E-01   
-7.325785E-01   
-7.359887E-01   
-7.393807E-01   
-7.427543E-01   
-7.461095E-01   
-7.494462E-01   
-7.527642E-01   
-7.560636E-01   
-7.593441E-01   
-7.626056E-01   
-7.658482E-01   
-7.690717E-01   
-7.722759E-01   
-7.754609E-01   
-7.786264E-01   
-7.817725E-01   
-7.848990E-01   
-7.880058E-01   
-7.910929E-01   
-7.941601E-01   
-7.972073E-01   
-8.002345E-01   
-8.032415E-01   
-8.062283E-01   
-8.091948E-01   
-8.121408E-01   
-8.150664E-01   
-8.179713E-01   
-8.208556E-01   
-8.237190E-01   
-8.265616E-01   
-8.293832E-01   
-8.321838E-01   
-8.349632E-01   
-8.377214E-01   
-8.404583E-01   
-8.431737E-01   
-8.458677E-01   
-8.485401E-01   
-8.511907E-01   
-8.538197E-01   
-8.564267E-01   
-8.590119E-01   
-8.615750E-01   
-8.641160E-01   
-8.666348E-01   
-8.691313E-01   
-8.716054E-01   
-8.740571E-01   
-8.764863E-01   
-8.788928E-01   
-8.812766E-01   
-8.836376E-01   
-8.859758E-01   
-8.882910E-01   
-8.905832E-01   
-8.928522E-01   
-8.950981E-01   
-8.973206E-01   
-8.995198E-01   
-9.016956E-01   
-9.038478E-01   
-9.059764E-01   
-9.080814E-01   
-9.101626E-01   
-9.122199E-01   
-9.142533E-01   
-9.162627E-01   
-9.182481E-01   
-9.202093E-01   
-9.221463E-01   
-9.240589E-01   
-9.259472E-01   
-9.278111E-01   
-9.296504E-01   
-9.314651E-01   
-9.332551E-01   
-9.350204E-01   
-9.367608E-01   
-9.384764E-01   
-9.401670E-01   
-9.418326E-01   
-9.434730E-01   
-9.450883E-01   
-9.466783E-01   
-9.482430E-01   
-9.497824E-01   
-9.512962E-01   
-9.527846E-01   
-9.542473E-01   
-9.556844E-01   
-9.570958E-01   
-9.584814E-01   
-9.598411E-01   
-9.611749E-01   
-9.624828E-01   
-9.637645E-01   
-9.650202E-01   
-9.662497E-01   
-9.674530E-01   
-9.686299E-01   
-9.697805E-01   
-9.709047E-01   
-9.720024E-01   
-9.730736E-01   
-9.741182E-01   
-9.751361E-01   
-9.761274E-01   
-9.770918E-01   
-9.780295E-01   
-9.789402E-01   
-9.798241E-01   
-9.806809E-01   
-9.815107E-01   
-9.823134E-01   
-9.830890E-01   
-9.838373E-01   
-9.845585E-01   
-9.852523E-01   
-9.859188E-01   
-9.865578E-01   
-9.871695E-01   
-9.877536E-01   
-9.883102E-01   
-9.888392E-01   
-9.893406E-01   
-9.898143E-01   
-9.902603E-01   
-9.906785E-01   
-9.910689E-01   
-9.914315E-01   
-9.917661E-01   
-9.920729E-01   
-9.923517E-01   
-9.926024E-01   
-9.928251E-01   
-9.930197E-01   
-9.931862E-01   
-9.933246E-01   
-9.934347E-01   
-9.935167E-01   
-9.935703E-01   
-9.935957E-01   
-9.935927E-01   
-9.935614E-01   
-9.935016E-01   
-9.934135E-01   
-9.932969E-01   
-9.931518E-01   
-9.929782E-01   
-9.927761E-01   
-9.925455E-01   
-9.922862E-01   
-9.919983E-01   
-9.916818E-01   
-9.913367E-01   
-9.909629E-01   
-9.905603E-01   
-9.901291E-01   
-9.896691E-01   
-9.891804E-01   
-9.886629E-01   
-9.881166E-01   
-9.875415E-01   
-9.869376E-01   
-9.863048E-01   
-9.856432E-01   
-9.849528E-01   
-9.842334E-01   
-9.834852E-01   
-9.827081E-01   
-9.819022E-01   
-9.810673E-01   
-9.802034E-01   
-9.793107E-01   
-9.783891E-01   
-9.774385E-01   
-9.764590E-01   
-9.754505E-01   
-9.744131E-01   
-9.733468E-01   
-9.722516E-01   
-9.711274E-01   
-9.699743E-01   
-9.687923E-01   
-9.675813E-01   
-9.663414E-01   
-9.650727E-01   
-9.637750E-01   
-9.624484E-01   
-9.610929E-01   
-9.597086E-01   
-9.582954E-01   
-9.568534E-01   
-9.553825E-01   
-9.538828E-01   
-9.523543E-01   
-9.507970E-01   
-9.492110E-01   
-9.475961E-01   
-9.459526E-01   
-9.442803E-01   
-9.425794E-01   
-9.408498E-01   
-9.390915E-01   
-9.373046E-01   
-9.354891E-01   
-9.336450E-01   
-9.317725E-01   
-9.298713E-01   
-9.279418E-01   
-9.259837E-01   
-9.239972E-01   
-9.219824E-01   
-9.199392E-01   
-9.178677E-01   
-9.157679E-01   
-9.136398E-01   
-9.114836E-01   
-9.092992E-01   
-9.070866E-01   
-9.048460E-01   
-9.025773E-01   
-9.002807E-01   
-8.979561E-01   
-8.956035E-01   
-8.932231E-01   
-8.908149E-01   
-8.883790E-01   
-8.859153E-01   
-8.834239E-01   
-8.809050E-01   
-8.783585E-01   
-8.757845E-01   
-8.731830E-01   
-8.705542E-01   
-8.678980E-01   
-8.652145E-01   
-8.625039E-01   
-8.597660E-01   
-8.570011E-01   
-8.542092E-01   
-8.513903E-01   
-8.485445E-01   
-8.456718E-01   
-8.427725E-01   
-8.398464E-01   
-8.368936E-01   
-8.339144E-01   
-8.309086E-01   
-8.278765E-01   
-8.248180E-01   
-8.217332E-01   
-8.186222E-01   
-8.154852E-01   
-8.123221E-01   
-8.091331E-01   
-8.059182E-01   
-8.026775E-01   
-7.994111E-01   
-7.961191E-01   
-7.928016E-01   
-7.894586E-01   
-7.860903E-01   
-7.826967E-01   
-7.792779E-01   
-7.758340E-01   
-7.723651E-01   
-7.688713E-01   
-7.653527E-01   
-7.618093E-01   
-7.582414E-01   
-7.546489E-01   
-7.510320E-01   
-7.473907E-01   
-7.437252E-01   
-7.400356E-01   
-7.363220E-01   
-7.325845E-01   
-7.288231E-01   
-7.250380E-01   
-7.212293E-01   
-7.173971E-01   
-7.135415E-01   
-7.096627E-01   
-7.057607E-01   
-7.018356E-01   
-6.978875E-01   
-6.939167E-01   
-6.899231E-01   
-6.859069E-01   
-6.818682E-01   
-6.778072E-01   
-6.737239E-01   
-6.696185E-01   
-6.654910E-01   
-6.613417E-01   
-6.571707E-01   
-6.529779E-01   
-6.487637E-01   
-6.445281E-01   
-6.402712E-01   
-6.359932E-01   
-6.316942E-01   
-6.273743E-01   
-6.230336E-01   
-6.186724E-01   
-6.142907E-01   
-6.098886E-01   
-6.054663E-01   
-6.010239E-01   
-5.965616E-01   
-5.920795E-01   
-5.875777E-01   
-5.830564E-01   
-5.785156E-01   
-5.739557E-01   
-5.693766E-01   
-5.647786E-01   
-5.601618E-01   
-5.555263E-01   
-5.508722E-01   
-5.461998E-01   
-5.415091E-01   
-5.368004E-01   
-5.320737E-01   
-5.273292E-01   
-5.225671E-01   
-5.177875E-01   
-5.129906E-01   
-5.081764E-01   
-5.033453E-01   
-4.984972E-01   
-4.936325E-01   
-4.887512E-01   
-4.838534E-01   
-4.789395E-01   
-4.740094E-01   
-4.690634E-01   
-4.641016E-01   
-4.591243E-01   
-4.541314E-01   
-4.491233E-01   
-4.441001E-01   
-4.390618E-01   
-4.340088E-01   
-4.289412E-01   
-4.238591E-01   
-4.187627E-01   
-4.136521E-01   
-4.085276E-01   
-4.033893E-01   
-3.982374E-01   
-3.930720E-01   
-3.878933E-01   
-3.827015E-01   
-3.774968E-01   
-3.722793E-01   
-3.670492E-01   
-3.618066E-01   
-3.565518E-01   
-3.512850E-01   
-3.460062E-01   
-3.407157E-01   
-3.354136E-01   
-3.301002E-01   
-3.247756E-01   
-3.194399E-01   
-3.140934E-01   
-3.087363E-01   
-3.033686E-01   
-2.979907E-01   
-2.926026E-01   
-2.872046E-01   
-2.817969E-01   
-2.763795E-01   
-2.709528E-01   
-2.655169E-01   
-2.600719E-01   
-2.546181E-01   
-2.491556E-01   
-2.436846E-01   
-2.382054E-01   
-2.327180E-01   
-2.272227E-01   
-2.217197E-01   
-2.162091E-01   
-2.106912E-01   
-2.051661E-01   
-1.996340E-01   
-1.940951E-01   
-1.885496E-01   
-1.829976E-01   
-1.774395E-01   
-1.718752E-01   
-1.663052E-01   
-1.607294E-01   
-1.551482E-01   
-1.495617E-01   
-1.439700E-01   
-1.383735E-01   
-1.327723E-01   
-1.271665E-01   
-1.215564E-01   
-1.159422E-01   
-1.103240E-01   
-1.047020E-01   
-9.907646E-02   
-9.344754E-02   
-8.781544E-02   
-8.218034E-02   
-7.654245E-02   
-7.090194E-02   
-6.525901E-02   
-5.961386E-02   
-5.396668E-02   
-4.831765E-02   
-4.266698E-02   
-3.701486E-02   
-3.136147E-02   
-2.570702E-02   
-2.005169E-02   
-1.439567E-02   
-8.739168E-03   
-3.082367E-03   
 2.574539E-03   
 8.231355E-03   
 1.388789E-02   
 1.954395E-02   
 2.519935E-02   
 3.085388E-02   
 3.650737E-02   
 4.215961E-02   
 4.781041E-02   
 5.345958E-02   
 5.910693E-02   
 6.475227E-02   
 7.039541E-02   
 7.603615E-02   
 8.167430E-02   
 8.730967E-02   
 9.294207E-02   
 9.857131E-02   
 1.041972E-01   
 1.098195E-01   
 1.154382E-01   
 1.210528E-01   
 1.266634E-01   
 1.322697E-01   
 1.378715E-01   
 1.434686E-01   
 1.490608E-01   
 1.546479E-01   
 1.602299E-01   
 1.658063E-01   
 1.713772E-01   
 1.769422E-01   
 1.825013E-01   
 1.880542E-01   
 1.936006E-01   
 1.991406E-01   
 2.046738E-01   
 2.102000E-01   
 2.157192E-01   
 2.212310E-01   
 2.267354E-01   
 2.322321E-01   
 2.377210E-01   
 2.432018E-01   
 2.486744E-01   
 2.541386E-01   
 2.595943E-01   
 2.650411E-01   
 2.704791E-01   
 2.759079E-01   
 2.813274E-01   
 2.867374E-01   
 2.921378E-01   
 2.975284E-01   
 3.029089E-01   
 3.082793E-01   
 3.136392E-01   
 3.189887E-01   
 3.243274E-01   
 3.296552E-01   
 3.349720E-01   
 3.402775E-01   
 3.455716E-01   
 3.508542E-01   
 3.561249E-01   
 3.613838E-01   
 3.666305E-01   
 3.718650E-01   
 3.770870E-01   
 3.822964E-01   
 3.874931E-01   
 3.926768E-01   
 3.978474E-01   
 4.030047E-01   
 4.081486E-01   
 4.132788E-01   
 4.183953E-01   
 4.234979E-01   
 4.285864E-01   
 4.336606E-01   
 4.387204E-01   
 4.437656E-01   
 4.487961E-01   
 4.538116E-01   
 4.588122E-01   
 4.637975E-01   
 4.687674E-01   
 4.737218E-01   
 4.786606E-01   
 4.835834E-01   
 4.884903E-01   
 4.933811E-01   
 4.982556E-01   
 5.031136E-01   
 5.079550E-01   
 5.127797E-01   
 5.175875E-01   
 5.223782E-01   
 5.271518E-01   
 5.319080E-01   
 5.366468E-01   
 5.413679E-01   
 5.460712E-01   
 5.507567E-01   
 5.554241E-01   
 5.600733E-01   
 5.647041E-01   
 5.693165E-01   
 5.739103E-01   
 5.784853E-01   
 5.830415E-01   
 5.875786E-01   
 5.920966E-01   
 5.965952E-01   
 6.010745E-01   
 6.055342E-01   
 6.099742E-01   
 6.143944E-01   
 6.187947E-01   
 6.231749E-01   
 6.275348E-01   
 6.318745E-01   
 6.361937E-01   
 6.404923E-01   
 6.447703E-01   
 6.490274E-01   
 6.532636E-01   
 6.574787E-01   
 6.616726E-01   
 6.658452E-01   
 6.699964E-01   
 6.741261E-01   
 6.782341E-01   
 6.823203E-01   
 6.863847E-01   
 6.904270E-01   
 6.944473E-01   
 6.984453E-01   
 7.024211E-01   
 7.063744E-01   
 7.103051E-01   
 7.142132E-01   
 7.180986E-01   
 7.219611E-01   
 7.258006E-01   
 7.296170E-01   
 7.334103E-01   
 7.371804E-01   
 7.409270E-01   
 7.446502E-01   
 7.483499E-01   
 7.520258E-01   
 7.556781E-01   
 7.593064E-01   
 7.629109E-01   
 7.664913E-01   
 7.700476E-01   
 7.735796E-01   
 7.770874E-01   
 7.805707E-01   
 7.840296E-01   
 7.874639E-01   
 7.908736E-01   
 7.942585E-01   
 7.976186E-01   
 8.009538E-01   
 8.042641E-01   
 8.075492E-01   
 8.108093E-01   
 8.140441E-01   
 8.172536E-01   
 8.204377E-01   
 8.235964E-01   
 8.267296E-01   
 8.298372E-01   
 8.329191E-01   
 8.359753E-01   
 8.390057E-01   
 8.420102E-01   
 8.449888E-01   
 8.479414E-01   
 8.508679E-01   
 8.537683E-01   
 8.566425E-01   
 8.594904E-01   
 8.623120E-01   
 8.651072E-01   
 8.678760E-01   
 8.706183E-01   
 8.733340E-01   
 8.760232E-01   
 8.786856E-01   
 8.813213E-01   
 8.839303E-01   
 8.865124E-01   
 8.890677E-01   
 8.915960E-01   
 8.940974E-01   
 8.965718E-01   
 8.990190E-01   
 9.014392E-01   
 9.038322E-01   
 9.061980E-01   
 9.085366E-01   
 9.108478E-01   
 9.131318E-01   
 9.153883E-01   
 9.176175E-01   
 9.198192E-01   
 9.219935E-01   
 9.241402E-01   
 9.262594E-01   
 9.283510E-01   
 9.304149E-01   
 9.324512E-01   
 9.344599E-01   
 9.364408E-01   
 9.383940E-01   
 9.403194E-01   
 9.422170E-01   
 9.440869E-01   
 9.459288E-01   
 9.477429E-01   
 9.495291E-01   
 9.512874E-01   
 9.530177E-01   
 9.547201E-01   
 9.563945E-01   
 9.580410E-01   
 9.596594E-01   
 9.612497E-01   
 9.628121E-01   
 9.643463E-01   
 9.658526E-01   
 9.673307E-01   
 9.687807E-01   
 9.702026E-01   
 9.715964E-01   
 9.729620E-01   
 9.742996E-01   
 9.756089E-01   
 9.768902E-01   
 9.781433E-01   
 9.793682E-01   
 9.805649E-01   
 9.817335E-01   
 9.828739E-01   
 9.839861E-01   
 9.850702E-01   
 9.861261E-01   
 9.871538E-01   
 9.881534E-01   
 9.891247E-01   
 9.900680E-01   
 9.909830E-01   
 9.918699E-01   
 9.927287E-01   
 9.935593E-01   
 9.943618E-01   
 9.951362E-01   
 9.958825E-01   
 9.966006E-01   
 9.972907E-01   
 9.979527E-01   
 9.985866E-01   
 9.991925E-01   
 9.997703E-01   
 1.000320E+00   
 1.000842E+00   
 1.001336E+00   
 1.001802E+00   
 1.002240E+00   
 1.002649E+00   
 1.003032E+00   
 1.003386E+00   
 1.003712E+00   
 1.004010E+00   
 1.004281E+00   
 1.004524E+00   
 1.004739E+00   
 1.004926E+00   
 1.005085E+00   
 1.005217E+00   
 1.005321E+00   
 1.005398E+00   
 1.005447E+00   
 1.005468E+00   
 1.005462E+00   
 1.005428E+00   
 1.005366E+00   
 1.005278E+00   
 1.005161E+00   
 1.005018E+00   
 1.004847E+00   
 1.004648E+00   
 1.004423E+00   
 1.004170E+00   
 1.003890E+00   
 1.003582E+00   
 1.003248E+00   
 1.002886E+00   
 1.002498E+00   
 1.002082E+00   
 1.001639E+00   
 1.001170E+00   
 1.000673E+00   
 1.000150E+00   
 9.995994E-01   
 9.990224E-01   
 9.984186E-01   
 9.977882E-01   
 9.971311E-01   
 9.964473E-01   
 9.957371E-01   
 9.950003E-01   
 9.942370E-01   
 9.934474E-01   
 9.926313E-01   
 9.917890E-01   
 9.909204E-01   
 9.900255E-01   
 9.891045E-01   
 9.881574E-01   
 9.871843E-01   
 9.861851E-01   
 9.851599E-01   
 9.841089E-01   
 9.830320E-01   
 9.819293E-01   
 9.808009E-01   
 9.796468E-01   
 9.784670E-01   
 9.772617E-01   
 9.760309E-01   
 9.747746E-01   
 9.734929E-01   
 9.721859E-01   
 9.708536E-01   
 9.694961E-01   
 9.681134E-01   
 9.667056E-01   
 9.652728E-01   
 9.638149E-01   
 9.623322E-01   
 9.608246E-01   
 9.592922E-01   
 9.577351E-01   
 9.561534E-01   
 9.545470E-01   
 9.529161E-01   
 9.512607E-01   
 9.495809E-01   
 9.478767E-01   
 9.461483E-01   
 9.443957E-01   
 9.426189E-01   
 9.408181E-01   
 9.389933E-01   
 9.371445E-01   
 9.352718E-01   
 9.333754E-01   
 9.314552E-01   
 9.295113E-01   
 9.275439E-01   
 9.255529E-01   
 9.235385E-01   
 9.215007E-01   
 9.194396E-01   
 9.173553E-01   
 9.152478E-01   
 9.131172E-01   
 9.109636E-01   
 9.087870E-01   
 9.065876E-01   
 9.043654E-01   
 9.021204E-01   
 8.998529E-01   
 8.975627E-01   
 8.952501E-01   
 8.929150E-01   
 8.905576E-01   
 8.881779E-01   
 8.857760E-01   
 8.833520E-01   
 8.809060E-01   
 8.784381E-01   
 8.759482E-01   
 8.734365E-01   
 8.709032E-01   
 8.683481E-01   
 8.657716E-01   
 8.631735E-01   
 8.605540E-01   
 8.579132E-01   
 8.552512E-01   
 8.525680E-01   
 8.498637E-01   
 8.471385E-01   
 8.443923E-01   
 8.416252E-01   
 8.388375E-01   
 8.360290E-01   
 8.332000E-01   
 8.303504E-01   
 8.274805E-01   
 8.245902E-01   
 8.216796E-01   
 8.187489E-01   
 8.157981E-01   
 8.128273E-01   
 8.098366E-01   
 8.068260E-01   
 8.037958E-01   
 8.007458E-01   
 7.976763E-01   
 7.945873E-01   
 7.914789E-01   
 7.883512E-01   
 7.852043E-01   
 7.820382E-01   
 7.788531E-01   
 7.756490E-01   
 7.724261E-01   
 7.691843E-01   
 7.659239E-01   
 7.626449E-01   
 7.593473E-01   
 7.560313E-01   
 7.526970E-01   
 7.493444E-01   
 7.459737E-01   
 7.425849E-01   
 7.391781E-01   
 7.357535E-01   
 7.323110E-01   
 7.288508E-01   
 7.253730E-01   
 7.218777E-01   
 7.183650E-01   
 7.148349E-01   
 7.112876E-01   
 7.077231E-01   
 7.041416E-01   
 7.005431E-01   
 6.969277E-01   
 6.932955E-01   
 6.896467E-01   
 6.859812E-01   
 6.822993E-01   
 6.786009E-01   
 6.748862E-01   
 6.711553E-01   
 6.674083E-01   
 6.636453E-01   
 6.598663E-01   
 6.560715E-01   
 6.522610E-01   
 6.484348E-01   
 6.445930E-01   
 6.407358E-01   
 6.368632E-01   
 6.329754E-01   
 6.290724E-01   
 6.251544E-01   
 6.212214E-01   
 6.172735E-01   
 6.133108E-01   
 6.093335E-01   
 6.053415E-01   
 6.013351E-01   
 5.973144E-01   
 5.932793E-01   
 5.892300E-01   
 5.851667E-01   
 5.810894E-01   
 5.769982E-01   
 5.728932E-01   
 5.687745E-01   
 5.646422E-01   
 5.604965E-01   
 5.563373E-01   
 5.521649E-01   
 5.479793E-01   
 5.437806E-01   
 5.395689E-01   
 5.353443E-01   
 5.311070E-01   
 5.268569E-01   
 5.225943E-01   
 5.183193E-01   
 5.140318E-01   
 5.097321E-01   
 5.054202E-01   
 5.010963E-01   
 4.967604E-01   
 4.924126E-01   
 4.880531E-01   
 4.836819E-01   
 4.792992E-01   
 4.749050E-01   
 4.704995E-01   
 4.660828E-01   
 4.616550E-01   
 4.572161E-01   
 4.527663E-01   
 4.483057E-01   
 4.438343E-01   
 4.393524E-01   
 4.348600E-01   
 4.303572E-01   
 4.258441E-01   
 4.213208E-01   
 4.167875E-01   
 4.122442E-01   
 4.076910E-01   
 4.031281E-01   
 3.985555E-01   
 3.939734E-01   
 3.893819E-01   
 3.847810E-01   
 3.801710E-01   
 3.755518E-01   
 3.709237E-01   
 3.662866E-01   
 3.616408E-01   
 3.569863E-01   
 3.523233E-01   
 3.476518E-01   
 3.429719E-01   
 3.382839E-01   
 3.335877E-01   
 3.288835E-01   
 3.241714E-01   
 3.194516E-01   
 3.147240E-01   
 3.099889E-01   
 3.052463E-01   
 3.004964E-01   
 2.957393E-01   
 2.909750E-01   
 2.862037E-01   
 2.814256E-01   
 2.766406E-01   
 2.718490E-01   
 2.670508E-01   
 2.622462E-01   
 2.574353E-01   
 2.526181E-01   
 2.477948E-01   
 2.429656E-01   
 2.381305E-01   
 2.332896E-01   
 2.284430E-01   
 2.235910E-01   
 2.187335E-01   
 2.138707E-01   
 2.090028E-01   
 2.041297E-01   
 1.992517E-01   
 1.943689E-01   
 1.894813E-01   
 1.845892E-01   
 1.796925E-01   
 1.747915E-01   
 1.698863E-01   
 1.649768E-01   
 1.600634E-01   
 1.551461E-01   
 1.502250E-01   
 1.453002E-01   
 1.403718E-01   
 1.354401E-01   
 1.305050E-01   
 1.255667E-01   
 1.206254E-01   
 1.156811E-01   
 1.107339E-01   
 1.057841E-01   
 1.008316E-01   
 9.587667E-02   
 9.091938E-02   
 8.595986E-02   
 8.099822E-02   
 7.603458E-02   
 7.106907E-02   
 6.610180E-02   
 6.113291E-02   
 5.616250E-02   
 5.119071E-02   
 4.621765E-02   
 4.124345E-02   
 3.626822E-02   
 3.129210E-02   
 2.631520E-02   
 2.133764E-02   
 1.635956E-02   
 1.138107E-02   
 6.402293E-03   
 1.423358E-03   
-3.555614E-03   
-8.534497E-03   
-1.351317E-02   
-1.849151E-02   
-2.346938E-02   
-2.844667E-02   
-3.342325E-02   
-3.839899E-02   
-4.337378E-02   
-4.834747E-02   
-5.331996E-02   
-5.829110E-02   
-6.326078E-02   
-6.822887E-02   
-7.319524E-02   
-7.815977E-02   
-8.312233E-02   
-8.808279E-02   
-9.304102E-02   
-9.799690E-02   
-1.029503E-01   
-1.079011E-01   
-1.128492E-01   
-1.177944E-01   
-1.227366E-01   
-1.276757E-01   
-1.326115E-01   
-1.375440E-01   
-1.424729E-01   
-1.473983E-01   
-1.523198E-01   
-1.572375E-01   
-1.621511E-01   
-1.670606E-01   
-1.719659E-01   
-1.768667E-01   
-1.817629E-01   
-1.866545E-01   
-1.915413E-01   
-1.964232E-01   
-2.013000E-01   
-2.061716E-01   
-2.110379E-01   
-2.158987E-01   
-2.207540E-01   
-2.256035E-01   
-2.304472E-01   
-2.352849E-01   
-2.401165E-01   
-2.449419E-01   
-2.497608E-01   
-2.545733E-01   
-2.593791E-01   
-2.641782E-01   
-2.689704E-01   
-2.737555E-01   
-2.785335E-01   
-2.833042E-01   
-2.880674E-01   
-2.928231E-01   
-2.975710E-01   
-3.023112E-01   
-3.070434E-01   
-3.117675E-01   
-3.164833E-01   
-3.211908E-01   
-3.258898E-01   
-3.305802E-01   
-3.352618E-01   
-3.399345E-01   
-3.445982E-01   
-3.492528E-01   
-3.538980E-01   
-3.585338E-01   
-3.631601E-01   
-3.677766E-01   
-3.723833E-01   
-3.769801E-01   
-3.815667E-01   
-3.861432E-01   
-3.907092E-01   
-3.952648E-01   
-3.998097E-01   
-4.043439E-01   
-4.088672E-01   
-4.133794E-01   
-4.178805E-01   
-4.223702E-01   
-4.268486E-01   
-4.313153E-01   
-4.357704E-01   
-4.402136E-01   
-4.446448E-01   
-4.490640E-01   
-4.534709E-01   
-4.578654E-01   
-4.622474E-01   
-4.666168E-01   
-4.709734E-01   
-4.753171E-01   
-4.796478E-01   
-4.839653E-01   
-4.882695E-01   
-4.925602E-01   
-4.968374E-01   
-5.011009E-01   
-5.053505E-01   
-5.095862E-01   
-5.138077E-01   
-5.180151E-01   
-5.222080E-01   
-5.263865E-01   
-5.305503E-01   
-5.346993E-01   
-5.388335E-01   
-5.429526E-01   
-5.470565E-01   
-5.511452E-01   
-5.552184E-01   
-5.592761E-01   
-5.633181E-01   
-5.673443E-01   
-5.713545E-01   
-5.753486E-01   
-5.793265E-01   
-5.832881E-01   
-5.872332E-01   
-5.911617E-01   
-5.950735E-01   
-5.989684E-01   
-6.028464E-01   
-6.067072E-01   
-6.105507E-01   
-6.143769E-01   
-6.181856E-01   
-6.219766E-01   
-6.257499E-01   
-6.295053E-01   
-6.332426E-01   
-6.369619E-01   
-6.406628E-01   
-6.443454E-01   
-6.480094E-01   
-6.516548E-01   
-6.552814E-01   
-6.588891E-01   
-6.624778E-01   
-6.660473E-01   
-6.695975E-01   
-6.731284E-01   
-6.766397E-01   
-6.801314E-01   
-6.836033E-01   
-6.870553E-01   
-6.904873E-01   
-6.938992E-01   
-6.972907E-01   
-7.006620E-01   
-7.040127E-01   
-7.073428E-01   
-7.106521E-01   
-7.139406E-01   
-7.172081E-01   
-7.204545E-01   
-7.236797E-01   
-7.268835E-01   
-7.300659E-01   
-7.332267E-01   
-7.363659E-01   
-7.394832E-01   
-7.425786E-01   
-7.456520E-01   
-7.487032E-01   
-7.517321E-01   
-7.547387E-01   
-7.577228E-01   
-7.606842E-01   
-7.636230E-01   
-7.665389E-01   
-7.694319E-01   
-7.723018E-01   
-7.751485E-01   
-7.779720E-01   
-7.807721E-01   
-7.835487E-01   
-7.863017E-01   
-7.890310E-01   
-7.917365E-01   
-7.944181E-01   
-7.970756E-01   
-7.997091E-01   
-8.023182E-01   
-8.049031E-01   
-8.074635E-01   
-8.099993E-01   
-8.125105E-01   
-8.149970E-01   
-8.174586E-01   
-8.198952E-01   
-8.223068E-01   
-8.246933E-01   
-8.270545E-01   
-8.293904E-01   
-8.317008E-01   
-8.339857E-01   
-8.362449E-01   
-8.384785E-01   
-8.406862E-01   
-8.428680E-01   
-8.450238E-01   
-8.471534E-01   
-8.492569E-01   
-8.513342E-01   
-8.533850E-01   
-8.554094E-01   
-8.574073E-01   
-8.593785E-01   
-8.613230E-01   
-8.632407E-01   
-8.651315E-01   
-8.669953E-01   
-8.688321E-01   
-8.706417E-01   
-8.724241E-01   
-8.741792E-01   
-8.759069E-01   
-8.776072E-01   
-8.792799E-01   
-8.809250E-01   
-8.825424E-01   
-8.841321E-01   
-8.856939E-01   
-8.872277E-01   
-8.887336E-01   
-8.902115E-01   
-8.916612E-01   
-8.930826E-01   
-8.944759E-01   
-8.958407E-01   
-8.971772E-01   
-8.984852E-01   
-8.997646E-01   
-9.010154E-01   
-9.022376E-01   
-9.034310E-01   
-9.045956E-01   
-9.057314E-01   
-9.068383E-01   
-9.079161E-01   
-9.089650E-01   
-9.099847E-01   
-9.109753E-01   
-9.119367E-01   
-9.128689E-01   
-9.137717E-01   
-9.146452E-01   
-9.154892E-01   
-9.163038E-01   
-9.170889E-01   
-9.178444E-01   
-9.185703E-01   
-9.192665E-01   
-9.199331E-01   
-9.205699E-01   
-9.211769E-01   
-9.217541E-01   
-9.223014E-01   
-9.228188E-01   
-9.233063E-01   
-9.237638E-01   
-9.241912E-01   
-9.245887E-01   
-9.249560E-01   
-9.252932E-01   
-9.256002E-01   
-9.258770E-01   
-9.261237E-01   
-9.263401E-01   
-9.265262E-01   
-9.266820E-01   
-9.268075E-01   
-9.269026E-01   
-9.269674E-01   
-9.270018E-01   
-9.270057E-01   
-9.269793E-01   
-9.269223E-01   
-9.268349E-01   
-9.267170E-01   
-9.265686E-01   
-9.263897E-01   
-9.261803E-01   
-9.259403E-01   
-9.256698E-01   
-9.253687E-01   
-9.250371E-01   
-9.246748E-01   
-9.242820E-01   
-9.238586E-01   
-9.234046E-01   
-9.229200E-01   
-9.224048E-01   
-9.218591E-01   
-9.212827E-01   
-9.206757E-01   
-9.200382E-01   
-9.193701E-01   
-9.186714E-01   
-9.179421E-01   
-9.171823E-01   
-9.163919E-01   
-9.155710E-01   
-9.147196E-01   
-9.138376E-01   
-9.129252E-01   
-9.119822E-01   
-9.110088E-01   
-9.100049E-01   
-9.089707E-01   
-9.079060E-01   
-9.068109E-01   
-9.056854E-01   
-9.045296E-01   
-9.033435E-01   
-9.021271E-01   
-9.008805E-01   
-8.996036E-01   
-8.982965E-01   
-8.969592E-01   
-8.955918E-01   
-8.941943E-01   
-8.927668E-01   
-8.913091E-01   
-8.898215E-01   
-8.883040E-01   
-8.867565E-01   
-8.851791E-01   
-8.835719E-01   
-8.819349E-01   
-8.802682E-01   
-8.785718E-01   
-8.768457E-01   
-8.750900E-01   
-8.733048E-01   
-8.714900E-01   
-8.696458E-01   
-8.677722E-01   
-8.658692E-01   
-8.639370E-01   
-8.619755E-01   
-8.599849E-01   
-8.579651E-01   
-8.559163E-01   
-8.538384E-01   
-8.517317E-01   
-8.495961E-01   
-8.474316E-01   
-8.452385E-01   
-8.430166E-01   
-8.407662E-01   
-8.384872E-01   
-8.361798E-01   
-8.338439E-01   
-8.314798E-01   
-8.290874E-01   
-8.266668E-01   
-8.242182E-01   
-8.217415E-01   
-8.192369E-01   
-8.167045E-01   
-8.141442E-01   
-8.115563E-01   
-8.089408E-01   
-8.062977E-01   
-8.036273E-01   
-8.009294E-01   
-7.982043E-01   
-7.954520E-01   
-7.926727E-01   
-7.898663E-01   
-7.870331E-01   
-7.841730E-01   
-7.812862E-01   
-7.783728E-01   
-7.754329E-01   
-7.724666E-01   
-7.694739E-01   
-7.664550E-01   
-7.634100E-01   
-7.603390E-01   
-7.572421E-01   
-7.541193E-01   
-7.509708E-01   
-7.477967E-01   
-7.445971E-01   
-7.413722E-01   
-7.381219E-01   
-7.348465E-01   
-7.315460E-01   
-7.282206E-01   
-7.248704E-01   
-7.214954E-01   
-7.180958E-01   
-7.146718E-01   
-7.112233E-01   
-7.077506E-01   
-7.042538E-01   
-7.007330E-01   
-6.971883E-01   
-6.936198E-01   
-6.900276E-01   
-6.864120E-01   
-6.827729E-01   
-6.791106E-01   
-6.754251E-01   
-6.717166E-01   
-6.679852E-01   
-6.642310E-01   
-6.604542E-01   
-6.566549E-01   
-6.528333E-01   
-6.489894E-01   
-6.451234E-01   
-6.412354E-01   
-6.373256E-01   
-6.333941E-01   
-6.294410E-01   
-6.254665E-01   
-6.214707E-01   
-6.174538E-01   
-6.134159E-01   
-6.093571E-01   
-6.052776E-01   
-6.011775E-01   
-5.970570E-01   
-5.929161E-01   
-5.887552E-01   
-5.845742E-01   
-5.803733E-01   
-5.761528E-01   
-5.719127E-01   
-5.676532E-01   
-5.633744E-01   
-5.590765E-01   
-5.547596E-01   
-5.504239E-01   
-5.460696E-01   
-5.416967E-01   
-5.373055E-01   
-5.328961E-01   
-5.284687E-01   
-5.240233E-01   
-5.195602E-01   
-5.150795E-01   
-5.105814E-01   
-5.060661E-01   
-5.015336E-01   
-4.969842E-01   
-4.924180E-01   
-4.878351E-01   
-4.832358E-01   
-4.786202E-01   
-4.739884E-01   
-4.693406E-01   
-4.646770E-01   
-4.599978E-01   
-4.553030E-01   
-4.505929E-01   
-4.458676E-01   
-4.411274E-01   
-4.363723E-01   
-4.316025E-01   
-4.268182E-01   
-4.220196E-01   
-4.172068E-01   
-4.123799E-01   
-4.075393E-01   
-4.026850E-01   
-3.978171E-01   
-3.929360E-01   
-3.880417E-01   
-3.831343E-01   
-3.782142E-01   
-3.732814E-01   
-3.683361E-01   
-3.633785E-01   
-3.584088E-01   
-3.534271E-01   
-3.484336E-01   
-3.434285E-01   
-3.384119E-01   
-3.333841E-01   
-3.283451E-01   
-3.232953E-01   
-3.182346E-01   
-3.131634E-01   
-3.080818E-01   
-3.029899E-01   
-2.978880E-01   
-2.927762E-01   
-2.876547E-01   
-2.825236E-01   
-2.773832E-01   
-2.722336E-01   
-2.670750E-01   
-2.619076E-01   
-2.567315E-01   
-2.515469E-01   
-2.463540E-01   
-2.411530E-01   
-2.359441E-01   
-2.307273E-01   
-2.255030E-01   
-2.202713E-01   
-2.150323E-01   
-2.097862E-01   
-2.045333E-01   
-1.992736E-01   
-1.940074E-01   
-1.887348E-01   
-1.834561E-01   
-1.781714E-01   
-1.728808E-01   
-1.675846E-01   
-1.622829E-01   
-1.569759E-01   
-1.516637E-01   
-1.463467E-01   
-1.410248E-01   
-1.356984E-01   
-1.303676E-01   
-1.250325E-01   
-1.196934E-01   
-1.143504E-01   
-1.090036E-01   
-1.036534E-01   
-9.829976E-02   
-9.294297E-02   
-8.758317E-02   
-8.222054E-02   
-7.685526E-02   
-7.148751E-02   
-6.611745E-02   
-6.074526E-02   
-5.537112E-02   
-4.999520E-02   
-4.461768E-02   
-3.923872E-02   
-3.385852E-02   
-2.847723E-02   
-2.309503E-02   
-1.771209E-02   
-1.232859E-02   
-6.944707E-03   
-1.560602E-03   
 3.823547E-03   
 9.207571E-03   
 1.459130E-02   
 1.997455E-02   
 2.535717E-02   
 3.073897E-02   
 3.611979E-02   
 4.149946E-02   
 4.687781E-02   
 5.225467E-02   
 5.762986E-02   
 6.300323E-02   
 6.837460E-02   
 7.374381E-02   
 7.911068E-02   
 8.447506E-02   
 8.983677E-02   
 9.519564E-02   
 1.005515E-01   
 1.059042E-01   
 1.112536E-01   
 1.165995E-01   
 1.219417E-01   
 1.272801E-01   
 1.326145E-01   
 1.379448E-01   
 1.432708E-01   
 1.485923E-01   
 1.539091E-01   
 1.592211E-01   
 1.645282E-01   
 1.698302E-01   
 1.751269E-01   
 1.804182E-01   
 1.857038E-01   
 1.909837E-01   
 1.962577E-01   
 2.015256E-01   
 2.067873E-01   
 2.120427E-01   
 2.172914E-01   
 2.225335E-01   
 2.277687E-01   
 2.329970E-01   
 2.382181E-01   
 2.434318E-01   
 2.486381E-01   
 2.538368E-01   
 2.590277E-01   
 2.642108E-01   
 2.693857E-01   
 2.745524E-01   
 2.797108E-01   
 2.848606E-01   
 2.900018E-01   
 2.951342E-01   
 3.002576E-01   
 3.053720E-01   
 3.104771E-01   
 3.155728E-01   
 3.206589E-01   
 3.257354E-01   
 3.308020E-01   
 3.358587E-01   
 3.409053E-01   
 3.459417E-01   
 3.509676E-01   
 3.559830E-01   
 3.609878E-01   
 3.659818E-01   
 3.709648E-01   
 3.759367E-01   
 3.808974E-01   
 3.858468E-01   
 3.907847E-01   
 3.957109E-01   
 4.006254E-01   
 4.055280E-01   
 4.104186E-01   
 4.152971E-01   
 4.201632E-01   
 4.250170E-01   
 4.298582E-01   
 4.346867E-01   
 4.395024E-01   
 4.443052E-01   
 4.490949E-01   
 4.538715E-01   
 4.586347E-01   
 4.633845E-01   
 4.681207E-01   
 4.728433E-01   
 4.775521E-01   
 4.822469E-01   
 4.869277E-01   
 4.915943E-01   
 4.962466E-01   
 5.008846E-01   
 5.055080E-01   
 5.101167E-01   
 5.147107E-01   
 5.192898E-01   
 5.238539E-01   
 5.284029E-01   
 5.329367E-01   
 5.374552E-01   
 5.419582E-01   
 5.464456E-01   
 5.509174E-01   
 5.553733E-01   
 5.598134E-01   
 5.642375E-01   
 5.686455E-01   
 5.730372E-01   
 5.774127E-01   
 5.817717E-01   
 5.861141E-01   
 5.904400E-01   
 5.947490E-01   
 5.990413E-01   
 6.033165E-01   
 6.075747E-01   
 6.118158E-01   
 6.160396E-01   
 6.202461E-01   
 6.244351E-01   
 6.286065E-01   
 6.327603E-01   
 6.368963E-01   
 6.410146E-01   
 6.451148E-01   
 6.491971E-01   
 6.532612E-01   
 6.573071E-01   
 6.613346E-01   
 6.653438E-01   
 6.693345E-01   
 6.733066E-01   
 6.772600E-01   
 6.811947E-01   
 6.851105E-01   
 6.890073E-01   
 6.928852E-01   
 6.967439E-01   
 7.005835E-01   
 7.044037E-01   
 7.082046E-01   
 7.119861E-01   
 7.157480E-01   
 7.194903E-01   
 7.232129E-01   
 7.269158E-01   
 7.305988E-01   
 7.342618E-01   
 7.379049E-01   
 7.415279E-01   
 7.451307E-01   
 7.487133E-01   
 7.522755E-01   
 7.558174E-01   
 7.593389E-01   
 7.628397E-01   
 7.663200E-01   
 7.697796E-01   
 7.732185E-01   
 7.766365E-01   
 7.800337E-01   
 7.834099E-01   
 7.867651E-01   
 7.900992E-01   
 7.934121E-01   
 7.967038E-01   
 7.999742E-01   
 8.032233E-01   
 8.064509E-01   
 8.096571E-01   
 8.128417E-01   
 8.160047E-01   
 8.191460E-01   
 8.222656E-01   
 8.253635E-01   
 8.284394E-01   
 8.314935E-01   
 8.345256E-01   
 8.375357E-01   
 8.405237E-01   
 8.434896E-01   
 8.464332E-01   
 8.493547E-01   
 8.522538E-01   
 8.551306E-01   
 8.579850E-01   
 8.608169E-01   
 8.636263E-01   
 8.664132E-01   
 8.691774E-01   
 8.719190E-01   
 8.746379E-01   
 8.773340E-01   
 8.800073E-01   
 8.826578E-01   
 8.852854E-01   
 8.878900E-01   
 8.904717E-01   
 8.930303E-01   
 8.955658E-01   
 8.980782E-01   
 9.005675E-01   
 9.030335E-01   
 9.054763E-01   
 9.078959E-01   
 9.102920E-01   
 9.126649E-01   
 9.150143E-01   
 9.173403E-01   
 9.196427E-01   
 9.219217E-01   
 9.241771E-01   
 9.264090E-01   
 9.286171E-01   
 9.308017E-01   
 9.329625E-01   
 9.350996E-01   
 9.372129E-01   
 9.393025E-01   
 9.413682E-01   
 9.434100E-01   
 9.454280E-01   
 9.474220E-01   
 9.493921E-01   
 9.513382E-01   
 9.532603E-01   
 9.551584E-01   
 9.570323E-01   
 9.588822E-01   
 9.607080E-01   
 9.625096E-01   
 9.642871E-01   
 9.660403E-01   
 9.677694E-01   
 9.694742E-01   
 9.711547E-01   
 9.728109E-01   
 9.744428E-01   
 9.760504E-01   
 9.776336E-01   
 9.791925E-01   
 9.807269E-01   
 9.822370E-01   
 9.837226E-01   
 9.851837E-01   
 9.866204E-01   
 9.880326E-01   
 9.894203E-01   
 9.907834E-01   
 9.921220E-01   
 9.934361E-01   
 9.947255E-01   
 9.959904E-01   
 9.972307E-01   
 9.984464E-01   
 9.996375E-01   
 1.000804E+00   
 1.001946E+00   
 1.003063E+00   
 1.004155E+00   
 1.005223E+00   
 1.006266E+00   
 1.007284E+00   
 1.008278E+00   
 1.009247E+00   
 1.010191E+00   
 1.011110E+00   
 1.012005E+00   
 1.012875E+00   
 1.013720E+00   
 1.014540E+00   
 1.015336E+00   
 1.016107E+00   
 1.016853E+00   
 1.017574E+00   
 1.018271E+00   
 1.018942E+00   
 1.019589E+00   
 1.020211E+00   
 1.020809E+00   
 1.021381E+00   
 1.021929E+00   
 1.022452E+00   
 1.022950E+00   
 1.023423E+00   
 1.023871E+00   
 1.024295E+00   
 1.024694E+00   
 1.025068E+00   
 1.025417E+00   
 1.025741E+00   
 1.026041E+00   
 1.026316E+00   
 1.026566E+00   
 1.026791E+00   
 1.026992E+00   
 1.027167E+00   
 1.027318E+00   
 1.027444E+00   
 1.027546E+00   
 1.027622E+00   
 1.027674E+00   
 1.027702E+00   
 1.027704E+00   
 1.027682E+00   
 1.027635E+00   
 1.027563E+00   
 1.027467E+00   
 1.027346E+00   
 1.027200E+00   
 1.027030E+00   
 1.026835E+00   
 1.026615E+00   
 1.026371E+00   
 1.026102E+00   
 1.025809E+00   
 1.025491E+00   
 1.025148E+00   
 1.024781E+00   
 1.024389E+00   
 1.023973E+00   
 1.023532E+00   
 1.023067E+00   
 1.022577E+00   
 1.022063E+00   
 1.021525E+00   
 1.020962E+00   
 1.020374E+00   
 1.019762E+00   
 1.019126E+00   
 1.018465E+00   
 1.017780E+00   
 1.017071E+00   
 1.016338E+00   
 1.015580E+00   
 1.014798E+00   
 1.013992E+00   
 1.013161E+00   
 1.012306E+00   
 1.011427E+00   
 1.010524E+00   
 1.009597E+00   
 1.008646E+00   
 1.007671E+00   
 1.006671E+00   
 1.005648E+00   
 1.004600E+00   
 1.003529E+00   
 1.002434E+00   
 1.001314E+00   
 1.000171E+00   
 9.990041E-01   
 9.978132E-01   
 9.965985E-01   
 9.953600E-01   
 9.940977E-01   
 9.928117E-01   
 9.915020E-01   
 9.901686E-01   
 9.888116E-01   
 9.874309E-01   
 9.860267E-01   
 9.845989E-01   
 9.831476E-01   
 9.816728E-01   
 9.801745E-01   
 9.786528E-01   
 9.771078E-01   
 9.755393E-01   
 9.739476E-01   
 9.723325E-01   
 9.706942E-01   
 9.690327E-01   
 9.673480E-01   
 9.656401E-01   
 9.639091E-01   
 9.621551E-01   
 9.603780E-01   
 9.585779E-01   
 9.567548E-01   
 9.549088E-01   
 9.530399E-01   
 9.511482E-01   
 9.492336E-01   
 9.472963E-01   
 9.453362E-01   
 9.433535E-01   
 9.413481E-01   
 9.393200E-01   
 9.372695E-01   
 9.351963E-01   
 9.331008E-01   
 9.309827E-01   
 9.288423E-01   
 9.266795E-01   
 9.244944E-01   
 9.222870E-01   
 9.200575E-01   
 9.178057E-01   
 9.155318E-01   
 9.132358E-01   
 9.109178E-01   
 9.085778E-01   
 9.062159E-01   
 9.038320E-01   
 9.014263E-01   
 8.989988E-01   
 8.965496E-01   
 8.940787E-01   
 8.915861E-01   
 8.890719E-01   
 8.865361E-01   
 8.839789E-01   
 8.814002E-01   
 8.788001E-01   
 8.761787E-01   
 8.735360E-01   
 8.708720E-01   
 8.681869E-01   
 8.654806E-01   
 8.627532E-01   
 8.600049E-01   
 8.572356E-01   
 8.544453E-01   
 8.516342E-01   
 8.488023E-01   
 8.459497E-01   
 8.430764E-01   
 8.401825E-01   
 8.372680E-01   
 8.343330E-01   
 8.313775E-01   
 8.284017E-01   
 8.254055E-01   
 8.223891E-01   
 8.193525E-01   
 8.162957E-01   
 8.132188E-01   
 8.101220E-01   
 8.070051E-01   
 8.038684E-01   
 8.007119E-01   
 7.975356E-01   
 7.943395E-01   
 7.911239E-01   
 7.878887E-01   
 7.846340E-01   
 7.813598E-01   
 7.780663E-01   
 7.747535E-01   
 7.714215E-01   
 7.680702E-01   
 7.646999E-01   
 7.613106E-01   
 7.579023E-01   
 7.544752E-01   
 7.510292E-01   
 7.475645E-01   
 7.440811E-01   
 7.405791E-01   
 7.370586E-01   
 7.335196E-01   
 7.299623E-01   
 7.263867E-01   
 7.227928E-01   
 7.191808E-01   
 7.155507E-01   
 7.119026E-01   
 7.082366E-01   
 7.045527E-01   
 7.008511E-01   
 6.971318E-01   
 6.933949E-01   
 6.896404E-01   
 6.858685E-01   
 6.820792E-01   
 6.782727E-01   
 6.744489E-01   
 6.706080E-01   
 6.667501E-01   
 6.628752E-01   
 6.589834E-01   
 6.550748E-01   
 6.511495E-01   
 6.472076E-01   
 6.432492E-01   
 6.392743E-01   
 6.352831E-01   
 6.312755E-01   
 6.272518E-01   
 6.232120E-01   
 6.191561E-01   
 6.150844E-01   
 6.109968E-01   
 6.068935E-01   
 6.027745E-01   
 5.986399E-01   
 5.944899E-01   
 5.903245E-01   
 5.861438E-01   
 5.819479E-01   
 5.777370E-01   
 5.735110E-01   
 5.692701E-01   
 5.650144E-01   
 5.607440E-01   
 5.564590E-01   
 5.521595E-01   
 5.478455E-01   
 5.435172E-01   
 5.391747E-01   
 5.348180E-01   
 5.304474E-01   
 5.260628E-01   
 5.216643E-01   
 5.172522E-01   
 5.128264E-01   
 5.083871E-01   
 5.039344E-01   
 4.994684E-01   
 4.949892E-01   
 4.904968E-01   
 4.859915E-01   
 4.814733E-01   
 4.769423E-01   
 4.723986E-01   
 4.678423E-01   
 4.632736E-01   
 4.586926E-01   
 4.540992E-01   
 4.494938E-01   
 4.448763E-01   
 4.402469E-01   
 4.356057E-01   
 4.309528E-01   
 4.262884E-01   
 4.216124E-01   
 4.169252E-01   
 4.122266E-01   
 4.075170E-01   
 4.027963E-01   
 3.980648E-01   
 3.933225E-01   
 3.885695E-01   
 3.838060E-01   
 3.790320E-01   
 3.742478E-01   
 3.694533E-01   
 3.646488E-01   
 3.598343E-01   
 3.550101E-01   
 3.501761E-01   
 3.453325E-01   
 3.404794E-01   
 3.356171E-01   
 3.307455E-01   
 3.258648E-01   
 3.209751E-01   
 3.160766E-01   
 3.111694E-01   
 3.062536E-01   
 3.013293E-01   
 2.963967E-01   
 2.914558E-01   
 2.865069E-01   
 2.815500E-01   
 2.765853E-01   
 2.716129E-01   
 2.666329E-01   
 2.616455E-01   
 2.566508E-01   
 2.516489E-01   
 2.466400E-01   
 2.416241E-01   
 2.366015E-01   
 2.315722E-01   
 2.265365E-01   
 2.214943E-01   
 2.164459E-01   
 2.113914E-01   
 2.063309E-01   
 2.012646E-01   
 1.961926E-01   
 1.911150E-01   
 1.860320E-01   
 1.809437E-01   
 1.758503E-01   
 1.707519E-01   
 1.656486E-01   
 1.605406E-01   
 1.554280E-01   
 1.503109E-01   
 1.451895E-01   
 1.400640E-01   
 1.349345E-01   
 1.298011E-01   
 1.246639E-01   
 1.195232E-01   
 1.143790E-01   
 1.092315E-01   
 1.040808E-01   
 9.892718E-02   
 9.377065E-02   
 8.861141E-02   
 8.344959E-02   
 7.828535E-02   
 7.311883E-02   
 6.795018E-02   
 6.277955E-02   
 5.760708E-02   
 5.243293E-02   
 4.725724E-02   
 4.208017E-02   
 3.690186E-02   
 3.172246E-02   
 2.654213E-02   
 2.136102E-02   
 1.617927E-02   
 1.099705E-02   
 5.814491E-03   
 6.317620E-04   
-4.550990E-03   
-9.733611E-03   
-1.491595E-02   
-2.009785E-02   
-2.527915E-02   
-3.045971E-02   
-3.563937E-02   
-4.081797E-02   
-4.599536E-02   
-5.117138E-02   
-5.634588E-02   
-6.151870E-02   
-6.668968E-02   
-7.185867E-02   
-7.702551E-02   
-8.219004E-02   
-8.735210E-02   
-9.251154E-02   
-9.766820E-02   
-1.028219E-01   
-1.079725E-01   
-1.131199E-01   
-1.182639E-01   
-1.234042E-01   
-1.285409E-01   
-1.336736E-01   
-1.388023E-01   
-1.439268E-01   
-1.490469E-01   
-1.541625E-01   
-1.592734E-01   
-1.643794E-01   
-1.694804E-01   
-1.745762E-01   
-1.796667E-01   
-1.847517E-01   
-1.898310E-01   
-1.949045E-01   
-1.999721E-01   
-2.050334E-01   
-2.100885E-01   
-2.151371E-01   
-2.201791E-01   
-2.252143E-01   
-2.302425E-01   
-2.352636E-01   
-2.402774E-01   
-2.452838E-01   
-2.502826E-01   
-2.552736E-01   
-2.602566E-01   
-2.652316E-01   
-2.701984E-01   
-2.751567E-01   
-2.801064E-01   
-2.850474E-01   
-2.899795E-01   
-2.949025E-01   
-2.998163E-01   
-3.047207E-01   
-3.096155E-01   
-3.145007E-01   
-3.193759E-01   
-3.242411E-01   
-3.290961E-01   
-3.339407E-01   
-3.387748E-01   
-3.435983E-01   
-3.484108E-01   
-3.532124E-01   
-3.580028E-01   
-3.627818E-01   
-3.675493E-01   
-3.723052E-01   
-3.770493E-01   
-3.817814E-01   
-3.865013E-01   
-3.912090E-01   
-3.959042E-01   
-4.005867E-01   
-4.052565E-01   
-4.099133E-01   
-4.145571E-01   
-4.191875E-01   
-4.238046E-01   
-4.284081E-01   
-4.329978E-01   
-4.375737E-01   
-4.421355E-01   
-4.466831E-01   
-4.512163E-01   
-4.557350E-01   
-4.602390E-01   
-4.647282E-01   
-4.692023E-01   
-4.736614E-01   
-4.781051E-01   
-4.825333E-01   
-4.869460E-01   
-4.913429E-01   
-4.957238E-01   
-5.000887E-01   
-5.044373E-01   
-5.087696E-01   
-5.130853E-01   
-5.173843E-01   
-5.216665E-01   
-5.259317E-01   
-5.301798E-01   
-5.344105E-01   
-5.386238E-01   
-5.428195E-01   
-5.469975E-01   
-5.511576E-01   
-5.552996E-01   
-5.594235E-01   
-5.635290E-01   
-5.676160E-01   
-5.716845E-01   
-5.757341E-01   
-5.797648E-01   
-5.837765E-01   
-5.877689E-01   
-5.917420E-01   
-5.956956E-01   
-5.996296E-01   
-6.035438E-01   
-6.074381E-01   
-6.113123E-01   
-6.151663E-01   
-6.190000E-01   
-6.228132E-01   
-6.266058E-01   
-6.303777E-01   
-6.341286E-01   
-6.378586E-01   
-6.415673E-01   
-6.452548E-01   
-6.489209E-01   
-6.525654E-01   
-6.561882E-01   
-6.597891E-01   
-6.633681E-01   
-6.669251E-01   
-6.704598E-01   
-6.739721E-01   
-6.774620E-01   
-6.809293E-01   
-6.843738E-01   
-6.877955E-01   
-6.911942E-01   
-6.945698E-01   
-6.979222E-01   
-7.012512E-01   
-7.045568E-01   
-7.078387E-01   
-7.110970E-01   
-7.143314E-01   
-7.175418E-01   
-7.207282E-01   
-7.238903E-01   
-7.270282E-01   
-7.301417E-01   
-7.332306E-01   
-7.362949E-01   
-7.393344E-01   
-7.423490E-01   
-7.453386E-01   
-7.483032E-01   
-7.512425E-01   
-7.541565E-01   
-7.570451E-01   
-7.599082E-01   
-7.627456E-01   
-7.655573E-01   
-7.683432E-01   
-7.711031E-01   
-7.738370E-01   
-7.765447E-01   
-7.792262E-01   
-7.818813E-01   
-7.845100E-01   
-7.871121E-01   
-7.896876E-01   
-7.922364E-01   
-7.947583E-01   
-7.972534E-01   
-7.997214E-01   
-8.021623E-01   
-8.045760E-01   
-8.069625E-01   
-8.093215E-01   
-8.116532E-01   
-8.139572E-01   
-8.162337E-01   
-8.184824E-01   
-8.207034E-01   
-8.228965E-01   
-8.250616E-01   
-8.271987E-01   
-8.293077E-01   
-8.313885E-01   
-8.334410E-01   
-8.354652E-01   
-8.374610E-01   
-8.394282E-01   
-8.413670E-01   
-8.432771E-01   
-8.451585E-01   
-8.470111E-01   
-8.488349E-01   
-8.506298E-01   
-8.523958E-01   
-8.541327E-01   
-8.558405E-01   
-8.575192E-01   
-8.591686E-01   
-8.607888E-01   
-8.623797E-01   
-8.639412E-01   
-8.654732E-01   
-8.669757E-01   
-8.684487E-01   
-8.698921E-01   
-8.713058E-01   
-8.726898E-01   
-8.740441E-01   
-8.753685E-01   
-8.766632E-01   
-8.779279E-01   
-8.791627E-01   
-8.803675E-01   
-8.815423E-01   
-8.826870E-01   
-8.838016E-01   
-8.848861E-01   
-8.859404E-01   
-8.869645E-01   
-8.879584E-01   
-8.889220E-01   
-8.898552E-01   
-8.907582E-01   
-8.916307E-01   
-8.924729E-01   
-8.932846E-01   
-8.940659E-01   
-8.948167E-01   
-8.955370E-01   
-8.962267E-01   
-8.968860E-01   
-8.975146E-01   
-8.981127E-01   
-8.986802E-01   
-8.992171E-01   
-8.997233E-01   
-9.001989E-01   
-9.006438E-01   
-9.010581E-01   
-9.014416E-01   
-9.017945E-01   
-9.021167E-01   
-9.024082E-01   
-9.026690E-01   
-9.028991E-01   
-9.030984E-01   
-9.032671E-01   
-9.034050E-01   
-9.035122E-01   
-9.035887E-01   
-9.036345E-01   
-9.036496E-01   
-9.036339E-01   
-9.035876E-01   
-9.035106E-01   
-9.034029E-01   
-9.032646E-01   
-9.030956E-01   
-9.028960E-01   
-9.026657E-01   
-9.024048E-01   
-9.021134E-01   
-9.017913E-01   
-9.014387E-01   
-9.010556E-01   
-9.006419E-01   
-9.001978E-01   
-8.997232E-01   
-8.992181E-01   
-8.986826E-01   
-8.981168E-01   
-8.975205E-01   
-8.968940E-01   
-8.962371E-01   
-8.955500E-01   
-8.948326E-01   
-8.940850E-01   
-8.933073E-01   
-8.924994E-01   
-8.916615E-01   
-8.907935E-01   
-8.898954E-01   
-8.889674E-01   
-8.880095E-01   
-8.870217E-01   
-8.860041E-01   
-8.849566E-01   
-8.838795E-01   
-8.827726E-01   
-8.816361E-01   
-8.804699E-01   
-8.792742E-01   
-8.780491E-01   
-8.767945E-01   
-8.755105E-01   
-8.741972E-01   
-8.728546E-01   
-8.714828E-01   
-8.700818E-01   
-8.686517E-01   
-8.671926E-01   
-8.657046E-01   
-8.641876E-01   
-8.626418E-01   
-8.610672E-01   
-8.594639E-01   
-8.578320E-01   
-8.561715E-01   
-8.544825E-01   
-8.527651E-01   
-8.510193E-01   
-8.492452E-01   
-8.474429E-01   
-8.456125E-01   
-8.437540E-01   
-8.418675E-01   
-8.399531E-01   
-8.380109E-01   
-8.360410E-01   
-8.340434E-01   
-8.320182E-01   
-8.299655E-01   
-8.278853E-01   
-8.257779E-01   
-8.236432E-01   
-8.214814E-01   
-8.192924E-01   
-8.170765E-01   
-8.148337E-01   
-8.125641E-01   
-8.102678E-01   
-8.079449E-01   
-8.055955E-01   
-8.032196E-01   
-8.008174E-01   
-7.983889E-01   
-7.959343E-01   
-7.934537E-01   
-7.909471E-01   
-7.884146E-01   
-7.858565E-01   
-7.832726E-01   
-7.806633E-01   
-7.780285E-01   
-7.753683E-01   
-7.726829E-01   
-7.699724E-01   
-7.672369E-01   
-7.644765E-01   
-7.616912E-01   
-7.588813E-01   
-7.560467E-01   
-7.531877E-01   
-7.503043E-01   
-7.473967E-01   
-7.444649E-01   
-7.415091E-01   
-7.385293E-01   
-7.355258E-01   
-7.324985E-01   
-7.294477E-01   
-7.263735E-01   
-7.232759E-01   
-7.201550E-01   
-7.170111E-01   
-7.138442E-01   
-7.106544E-01   
-7.074419E-01   
-7.042068E-01   
-7.009491E-01   
-6.976691E-01   
-6.943668E-01   
-6.910424E-01   
-6.876960E-01   
-6.843277E-01   
-6.809377E-01   
-6.775260E-01   
-6.740928E-01   
-6.706382E-01   
-6.671624E-01   
-6.636655E-01   
-6.601476E-01   
-6.566088E-01   
-6.530493E-01   
-6.494692E-01   
-6.458686E-01   
-6.422477E-01   
-6.386065E-01   
-6.349453E-01   
-6.312642E-01   
-6.275632E-01   
-6.238426E-01   
-6.201024E-01   
-6.163429E-01   
-6.125640E-01   
-6.087661E-01   
-6.049491E-01   
-6.011133E-01   
-5.972587E-01   
-5.933856E-01   
-5.894940E-01   
-5.855841E-01   
-5.816560E-01   
-5.777099E-01   
-5.737459E-01   
-5.697642E-01   
-5.657649E-01   
-5.617480E-01   
-5.577139E-01   
-5.536625E-01   
-5.495941E-01   
-5.455088E-01   
-5.414068E-01   
-5.372881E-01   
-5.331529E-01   
-5.290014E-01   
-5.248337E-01   
-5.206500E-01   
-5.164504E-01   
-5.122349E-01   
-5.080039E-01   
-5.037574E-01   
-4.994956E-01   
-4.952186E-01   
-4.909266E-01   
-4.866196E-01   
-4.822980E-01   
-4.779617E-01   
-4.736109E-01   
-4.692459E-01   
-4.648667E-01   
-4.604735E-01   
-4.560664E-01   
-4.516456E-01   
-4.472113E-01   
-4.427635E-01   
-4.383024E-01   
-4.338282E-01   
-4.293410E-01   
-4.248410E-01   
-4.203283E-01   
-4.158030E-01   
-4.112654E-01   
-4.067155E-01   
-4.021535E-01   
-3.975796E-01   
-3.929939E-01   
-3.883966E-01   
-3.837877E-01   
-3.791675E-01   
-3.745361E-01   
-3.698936E-01   
-3.652402E-01   
-3.605761E-01   
-3.559014E-01   
-3.512162E-01   
-3.465207E-01   
-3.418150E-01   
-3.370994E-01   
-3.323738E-01   
-3.276386E-01   
-3.228938E-01   
-3.181395E-01   
-3.133761E-01   
-3.086034E-01   
-3.038219E-01   
-2.990315E-01   
-2.942324E-01   
-2.894248E-01   
-2.846088E-01   
-2.797847E-01   
-2.749524E-01   
-2.701122E-01   
-2.652642E-01   
-2.604086E-01   
-2.555455E-01   
-2.506751E-01   
-2.457974E-01   
-2.409128E-01   
-2.360212E-01   
-2.311229E-01   
-2.262180E-01   
-2.213067E-01   
-2.163890E-01   
-2.114652E-01   
-2.065354E-01   
-2.015997E-01   
-1.966583E-01   
-1.917113E-01   
-1.867590E-01   
-1.818013E-01   
-1.768385E-01   
-1.718707E-01   
-1.668981E-01   
-1.619207E-01   
-1.569389E-01   
-1.519526E-01   
-1.469620E-01   
-1.419674E-01   
-1.369687E-01   
-1.319663E-01   
-1.269602E-01   
-1.219505E-01   
-1.169374E-01   
-1.119211E-01   
-1.069016E-01   
-1.018792E-01   
-9.685401E-02   
-9.182610E-02   
-8.679565E-02   
-8.176280E-02   
-7.672770E-02   
-7.169049E-02   
-6.665130E-02   
-6.161028E-02   
-5.656756E-02   
-5.152330E-02   
-4.647762E-02   
-4.143068E-02   
-3.638260E-02   
-3.133353E-02   
-2.628360E-02   
-2.123296E-02   
-1.618175E-02   
-1.113009E-02   
-6.078137E-03   
-1.026020E-03   
 4.026123E-03   
 9.078155E-03   
 1.412994E-02   
 1.918134E-02   
 2.423222E-02   
 2.928244E-02   
 3.433187E-02   
 3.938037E-02   
 4.442781E-02   
 4.947406E-02   
 5.451897E-02   
 5.956243E-02   
 6.460428E-02   
 6.964440E-02   
 7.468266E-02   
 7.971892E-02   
 8.475305E-02   
 8.978493E-02   
 9.481441E-02   
 9.984137E-02   
 1.048657E-01   
 1.098872E-01   
 1.149058E-01   
 1.199214E-01   
 1.249337E-01   
 1.299428E-01   
 1.349485E-01   
 1.399506E-01   
 1.449490E-01   
 1.499435E-01   
 1.549342E-01   
 1.599208E-01   
 1.649031E-01   
 1.698812E-01   
 1.748548E-01   
 1.798238E-01   
 1.847881E-01   
 1.897476E-01   
 1.947022E-01   
 1.996516E-01   
 2.045959E-01   
 2.095349E-01   
 2.144684E-01   
 2.193963E-01   
 2.243186E-01   
 2.292350E-01   
 2.341455E-01   
 2.390500E-01   
 2.439482E-01   
 2.488402E-01   
 2.537258E-01   
 2.586048E-01   
 2.634772E-01   
 2.683428E-01   
 2.732015E-01   
 2.780532E-01   
 2.828978E-01   
 2.877351E-01   
 2.925651E-01   
 2.973876E-01   
 3.022025E-01   
 3.070096E-01   
 3.118090E-01   
 3.166004E-01   
 3.213837E-01   
 3.261589E-01   
 3.309258E-01   
 3.356843E-01   
 3.404343E-01   
 3.451757E-01   
 3.499083E-01   
 3.546320E-01   
 3.593468E-01   
 3.640526E-01   
 3.687491E-01   
 3.734364E-01   
 3.781142E-01   
 3.827825E-01   
 3.874412E-01   
 3.920902E-01   
 3.967293E-01   
 4.013585E-01   
 4.059776E-01   
 4.105866E-01   
 4.151853E-01   
 4.197736E-01   
 4.243514E-01   
 4.289186E-01   
 4.334751E-01   
 4.380208E-01   
 4.425556E-01   
 4.470794E-01   
 4.515921E-01   
 4.560935E-01   
 4.605837E-01   
 4.650623E-01   
 4.695295E-01   
 4.739850E-01   
 4.784288E-01   
 4.828608E-01   
 4.872808E-01   
 4.916888E-01   
 4.960846E-01   
 5.004682E-01   
 5.048395E-01   
 5.091983E-01   
 5.135446E-01   
 5.178782E-01   
 5.221991E-01   
 5.265072E-01   
 5.308023E-01   
 5.350844E-01   
 5.393534E-01   
 5.436092E-01   
 5.478516E-01   
 5.520807E-01   
 5.562962E-01   
 5.604981E-01   
 5.646863E-01   
 5.688607E-01   
 5.730213E-01   
 5.771679E-01   
 5.813003E-01   
 5.854187E-01   
 5.895227E-01   
 5.936124E-01   
 5.976877E-01   
 6.017484E-01   
 6.057945E-01   
 6.098259E-01   
 6.138425E-01   
 6.178442E-01   
 6.218309E-01   
 6.258025E-01   
 6.297590E-01   
 6.337002E-01   
 6.376261E-01   
 6.415365E-01   
 6.454314E-01   
 6.493107E-01   
 6.531744E-01   
 6.570222E-01   
 6.608542E-01   
 6.646702E-01   
 6.684702E-01   
 6.722541E-01   
 6.760217E-01   
 6.797731E-01   
 6.835081E-01   
 6.872266E-01   
 6.909286E-01   
 6.946140E-01   
 6.982827E-01   
 7.019345E-01   
 7.055695E-01   
 7.091876E-01   
 7.127886E-01   
 7.163725E-01   
 7.199392E-01   
 7.234886E-01   
 7.270206E-01   
 7.305352E-01   
 7.340323E-01   
 7.375118E-01   
 7.409737E-01   
 7.444177E-01   
 7.478440E-01   
 7.512523E-01   
 7.546426E-01   
 7.580149E-01   
 7.613690E-01   
 7.647049E-01   
 7.680225E-01   
 7.713217E-01   
 7.746025E-01   
 7.778648E-01   
 7.811085E-01   
 7.843335E-01   
 7.875397E-01   
 7.907272E-01   
 7.938957E-01   
 7.970453E-01   
 8.001758E-01   
 8.032872E-01   
 8.063794E-01   
 8.094524E-01   
 8.125061E-01   
 8.155403E-01   
 8.185551E-01   
 8.215503E-01   
 8.245259E-01   
 8.274819E-01   
 8.304181E-01   
 8.333344E-01   
 8.362309E-01   
 8.391074E-01   
 8.419639E-01   
 8.448003E-01   
 8.476165E-01   
 8.504125E-01   
 8.531882E-01   
 8.559435E-01   
 8.586784E-01   
 8.613928E-01   
 8.640866E-01   
 8.667598E-01   
 8.694123E-01   
 8.720440E-01   
 8.746550E-01   
 8.772450E-01   
 8.798141E-01   
 8.823621E-01   
 8.848891E-01   
 8.873949E-01   
 8.898795E-01   
 8.923429E-01   
 8.947849E-01   
 8.972055E-01   
 8.996047E-01   
 9.019824E-01   
 9.043384E-01   
 9.066729E-01   
 9.089856E-01   
 9.112766E-01   
 9.135458E-01   
 9.157931E-01   
 9.180185E-01   
 9.202218E-01   
 9.224032E-01   
 9.245624E-01   
 9.266994E-01   
 9.288142E-01   
 9.309068E-01   
 9.329770E-01   
 9.350248E-01   
 9.370502E-01   
 9.390531E-01   
 9.410334E-01   
 9.429911E-01   
 9.449261E-01   
 9.468384E-01   
 9.487279E-01   
 9.505946E-01   
 9.524384E-01   
 9.542593E-01   
 9.560572E-01   
 9.578320E-01   
 9.595838E-01   
 9.613124E-01   
 9.630178E-01   
 9.647000E-01   
 9.663589E-01   
 9.679945E-01   
 9.696066E-01   
 9.711953E-01   
 9.727605E-01   
 9.743022E-01   
 9.758203E-01   
 9.773147E-01   
 9.787855E-01   
 9.802325E-01   
 9.816558E-01   
 9.830552E-01   
 9.844308E-01   
 9.857824E-01   
 9.871101E-01   
 9.884138E-01   
 9.896934E-01   
 9.909489E-01   
 9.921803E-01   
 9.933876E-01   
 9.945705E-01   
 9.957293E-01   
 9.968637E-01   
 9.979738E-01   
 9.990594E-01   
 1.000121E+00   
 1.001157E+00   
 1.002170E+00   
 1.003157E+00   
 1.004121E+00   
 1.005059E+00   
 1.005973E+00   
 1.006862E+00   
 1.007726E+00   
 1.008566E+00   
 1.009381E+00   
 1.010171E+00   
 1.010936E+00   
 1.011676E+00   
 1.012391E+00   
 1.013081E+00   
 1.013746E+00   
 1.014386E+00   
 1.015001E+00   
 1.015591E+00   
 1.016155E+00   
 1.016695E+00   
 1.017209E+00   
 1.017698E+00   
 1.018162E+00   
 1.018600E+00   
 1.019013E+00   
 1.019401E+00   
 1.019763E+00   
 1.020100E+00   
 1.020411E+00   
 1.020697E+00   
 1.020957E+00   
 1.021192E+00   
 1.021401E+00   
 1.021584E+00   
 1.021742E+00   
 1.021875E+00   
 1.021981E+00   
 1.022062E+00   
 1.022117E+00   
 1.022147E+00   
 1.022151E+00   
 1.022128E+00   
 1.022081E+00   
 1.022007E+00   
 1.021907E+00   
 1.021782E+00   
 1.021630E+00   
 1.021453E+00   
 1.021250E+00   
 1.021021E+00   
 1.020766E+00   
 1.020485E+00   
 1.020178E+00   
 1.019845E+00   
 1.019486E+00   
 1.019100E+00   
 1.018689E+00   
 1.018252E+00   
 1.017789E+00   
 1.017299E+00   
 1.016784E+00   
 1.016242E+00   
 1.015674E+00   
 1.015080E+00   
 1.014460E+00   
 1.013814E+00   
 1.013142E+00   
 1.012443E+00   
 1.011719E+00   
 1.010968E+00   
 1.010191E+00   
 1.009388E+00   
 1.008558E+00   
 1.007703E+00   
 1.006821E+00   
 1.005913E+00   
 1.004978E+00   
 1.004018E+00   
 1.003031E+00   
 1.002018E+00   
 1.000979E+00   
 9.999138E-01   
 9.988223E-01   
 9.977045E-01   
 9.965606E-01   
 9.953904E-01   
 9.941940E-01   
 9.929715E-01   
 9.917227E-01   
 9.904478E-01   
 9.891467E-01   
 9.878194E-01   
 9.864660E-01   
 9.850864E-01   
 9.836806E-01   
 9.822488E-01   
 9.807908E-01   
 9.793067E-01   
 9.777964E-01   
 9.762602E-01   
 9.746978E-01   
 9.731093E-01   
 9.714949E-01   
 9.698544E-01   
 9.681878E-01   
 9.664953E-01   
 9.647768E-01   
 9.630324E-01   
 9.612620E-01   
 9.594656E-01   
 9.576434E-01   
 9.557953E-01   
 9.539213E-01   
 9.520215E-01   
 9.500959E-01   
 9.481445E-01   
 9.461673E-01   
 9.441644E-01   
 9.421358E-01   
 9.400815E-01   
 9.380015E-01   
 9.358959E-01   
 9.337648E-01   
 9.316080E-01   
 9.294257E-01   
 9.272179E-01   
 9.249846E-01   
 9.227259E-01   
 9.204418E-01   
 9.181323E-01   
 9.157974E-01   
 9.134373E-01   
 9.110519E-01   
 9.086413E-01   
 9.062054E-01   
 9.037445E-01   
 9.012584E-01   
 8.987473E-01   
 8.962111E-01   
 8.936500E-01   
 8.910639E-01   
 8.884529E-01   
 8.858171E-01   
 8.831565E-01   
 8.804711E-01   
 8.777611E-01   
 8.750263E-01   
 8.722670E-01   
 8.694831E-01   
 8.666747E-01   
 8.638418E-01   
 8.609845E-01   
 8.581029E-01   
 8.551970E-01   
 8.522668E-01   
 8.493124E-01   
 8.463340E-01   
 8.433314E-01   
 8.403049E-01   
 8.372543E-01   
 8.341799E-01   
 8.310817E-01   
 8.279597E-01   
 8.248140E-01   
 8.216446E-01   
 8.184517E-01   
 8.152353E-01   
 8.119954E-01   
 8.087321E-01   
 8.054455E-01   
 8.021357E-01   
 7.988027E-01   
 7.954466E-01   
 7.920675E-01   
 7.886654E-01   
 7.852405E-01   
 7.817927E-01   
 7.783222E-01   
 7.748290E-01   
 7.713133E-01   
 7.677750E-01   
 7.642143E-01   
 7.606313E-01   
 7.570260E-01   
 7.533985E-01   
 7.497490E-01   
 7.460774E-01   
 7.423838E-01   
 7.386685E-01   
 7.349313E-01   
 7.311725E-01   
 7.273921E-01   
 7.235902E-01   
 7.197668E-01   
 7.159222E-01   
 7.120563E-01   
 7.081693E-01   
 7.042612E-01   
 7.003322E-01   
 6.963823E-01   
 6.924117E-01   
 6.884204E-01   
 6.844085E-01   
 6.803761E-01   
 6.763234E-01   
 6.722504E-01   
 6.681573E-01   
 6.640440E-01   
 6.599108E-01   
 6.557578E-01   
 6.515850E-01   
 6.473925E-01   
 6.431805E-01   
 6.389490E-01   
 6.346982E-01   
 6.304282E-01   
 6.261391E-01   
 6.218310E-01   
 6.175040E-01   
 6.131582E-01   
 6.087937E-01   
 6.044107E-01   
 6.000092E-01   
 5.955895E-01   
 5.911515E-01   
 5.866954E-01   
 5.822214E-01   
 5.777295E-01   
 5.732199E-01   
 5.686927E-01   
 5.641480E-01   
 5.595859E-01   
 5.550066E-01   
 5.504102E-01   
 5.457968E-01   
 5.411665E-01   
 5.365195E-01   
 5.318559E-01   
 5.271758E-01   
 5.224793E-01   
 5.177667E-01   
 5.130379E-01   
 5.082932E-01   
 5.035326E-01   
 4.987564E-01   
 4.939646E-01   
 4.891574E-01   
 4.843348E-01   
 4.794972E-01   
 4.746445E-01   
 4.697770E-01   
 4.648947E-01   
 4.599978E-01   
 4.550865E-01   
 4.501608E-01   
 4.452210E-01   
 4.402672E-01   
 4.352995E-01   
 4.303180E-01   
 4.253229E-01   
 4.203144E-01   
 4.152926E-01   
 4.102576E-01   
 4.052097E-01   
 4.001488E-01   
 3.950753E-01   
 3.899892E-01   
 3.848907E-01   
 3.797799E-01   
 3.746571E-01   
 3.695223E-01   
 3.643757E-01   
 3.592174E-01   
 3.540477E-01   
 3.488667E-01   
 3.436744E-01   
 3.384712E-01   
 3.332571E-01   
 3.280323E-01   
 3.227970E-01   
 3.175513E-01   
 3.122954E-01   
 3.070294E-01   
 3.017535E-01   
 2.964679E-01   
 2.911727E-01   
 2.858681E-01   
 2.805543E-01   
 2.752314E-01   
 2.698996E-01   
 2.645590E-01   
 2.592099E-01   
 2.538523E-01   
 2.484865E-01   
 2.431127E-01   
 2.377309E-01   
 2.323414E-01   
 2.269443E-01   
 2.215398E-01   
 2.161281E-01   
 2.107094E-01   
 2.052837E-01   
 1.998514E-01   
 1.944125E-01   
 1.889673E-01   
 1.835158E-01   
 1.780584E-01   
 1.725951E-01   
 1.671261E-01   
 1.616517E-01   
 1.561720E-01   
 1.506871E-01   
 1.451972E-01   
 1.397026E-01   
 1.342034E-01   
 1.286997E-01   
 1.231918E-01   
 1.176799E-01   
 1.121640E-01   
 1.066445E-01   
 1.011214E-01   
 9.559494E-02   
 9.006534E-02   
 8.453276E-02   
 7.899737E-02   
 7.345937E-02   
 6.791892E-02   
 6.237621E-02   
 5.683144E-02   
 5.128477E-02   
 4.573639E-02   
 4.018649E-02   
 3.463525E-02   
 2.908285E-02   
 2.352948E-02   
 1.797532E-02   
 1.242056E-02   
 6.865387E-03   
 1.309977E-03   
-4.245481E-03   
-9.800801E-03   
-1.535580E-02   
-2.091028E-02   
-2.646407E-02   
-3.201698E-02   
-3.756882E-02   
-4.311941E-02   
-4.866855E-02   
-5.421607E-02   