 0.000000E+00   
-5.660617E-03   
-1.132104E-02   
-1.698107E-02   
-2.264053E-02   
-2.829921E-02   
-3.395694E-02   
-3.961350E-02   
-4.526871E-02   
-5.092238E-02   
-5.657432E-02   
-6.222432E-02   
-6.787220E-02   
-7.351777E-02   
-7.916083E-02   
-8.480120E-02   
-9.043867E-02   
-9.607306E-02   
-1.017042E-01   
-1.073318E-01   
-1.129558E-01   
-1.185760E-01   
-1.241921E-01   
-1.298039E-01   
-1.354114E-01   
-1.410142E-01   
-1.466123E-01   
-1.522053E-01   
-1.577932E-01   
-1.633757E-01   
-1.689526E-01   
-1.745238E-01   
-1.800891E-01   
-1.856482E-01   
-1.912010E-01   
-1.967473E-01   
-2.022870E-01   
-2.078197E-01   
-2.133454E-01   
-2.188639E-01   
-2.243749E-01   
-2.298783E-01   
-2.353739E-01   
-2.408615E-01   
-2.463409E-01   
-2.518120E-01   
-2.572745E-01   
-2.627283E-01   
-2.681732E-01   
-2.736090E-01   
-2.790356E-01   
-2.844527E-01   
-2.898601E-01   
-2.952578E-01   
-3.006455E-01   
-3.060230E-01   
-3.113901E-01   
-3.167467E-01   
-3.220926E-01   
-3.274277E-01   
-3.327517E-01   
-3.380644E-01   
-3.433657E-01   
-3.486555E-01   
-3.539335E-01   
-3.591995E-01   
-3.644535E-01   
-3.696951E-01   
-3.749243E-01   
-3.801409E-01   
-3.853447E-01   
-3.905356E-01   
-3.957133E-01   
-4.008777E-01   
-4.060286E-01   
-4.111660E-01   
-4.162895E-01   
-4.213990E-01   
-4.264944E-01   
-4.315755E-01   
-4.366421E-01   
-4.416941E-01   
-4.467314E-01   
-4.517536E-01   
-4.567608E-01   
-4.617527E-01   
-4.667292E-01   
-4.716900E-01   
-4.766351E-01   
-4.815644E-01   
-4.864775E-01   
-4.913745E-01   
-4.962550E-01   
-5.011191E-01   
-5.059664E-01   
-5.107969E-01   
-5.156105E-01   
-5.204069E-01   
-5.251860E-01   
-5.299477E-01   
-5.346918E-01   
-5.394182E-01   
-5.441267E-01   
-5.488171E-01   
-5.534894E-01   
-5.581434E-01   
-5.627790E-01   
-5.673959E-01   
-5.719941E-01   
-5.765734E-01   
-5.811337E-01   
-5.856749E-01   
-5.901967E-01   
-5.946991E-01   
-5.991820E-01   
-6.036451E-01   
-6.080884E-01   
-6.125118E-01   
-6.169150E-01   
-6.212980E-01   
-6.256606E-01   
-6.300027E-01   
-6.343242E-01   
-6.386250E-01   
-6.429049E-01   
-6.471637E-01   
-6.514015E-01   
-6.556180E-01   
-6.598131E-01   
-6.639867E-01   
-6.681387E-01   
-6.722690E-01   
-6.763774E-01   
-6.804638E-01   
-6.845282E-01   
-6.885703E-01   
-6.925901E-01   
-6.965875E-01   
-7.005624E-01   
-7.045145E-01   
-7.084439E-01   
-7.123505E-01   
-7.162340E-01   
-7.200945E-01   
-7.239317E-01   
-7.277456E-01   
-7.315361E-01   
-7.353031E-01   
-7.390465E-01   
-7.427662E-01   
-7.464620E-01   
-7.501340E-01   
-7.537819E-01   
-7.574057E-01   
-7.610052E-01   
-7.645805E-01   
-7.681314E-01   
-7.716577E-01   
-7.751595E-01   
-7.786366E-01   
-7.820890E-01   
-7.855165E-01   
-7.889190E-01   
-7.922965E-01   
-7.956489E-01   
-7.989761E-01   
-8.022781E-01   
-8.055546E-01   
-8.088057E-01   
-8.120313E-01   
-8.152313E-01   
-8.184055E-01   
-8.215541E-01   
-8.246767E-01   
-8.277735E-01   
-8.308443E-01   
-8.338890E-01   
-8.369076E-01   
-8.399000E-01   
-8.428661E-01   
-8.458059E-01   
-8.487193E-01   
-8.516062E-01   
-8.544666E-01   
-8.573003E-01   
-8.601074E-01   
-8.628878E-01   
-8.656413E-01   
-8.683681E-01   
-8.710679E-01   
-8.737407E-01   
-8.763866E-01   
-8.790053E-01   
-8.815969E-01   
-8.841613E-01   
-8.866985E-01   
-8.892084E-01   
-8.916910E-01   
-8.941461E-01   
-8.965739E-01   
-8.989741E-01   
-9.013468E-01   
-9.036919E-01   
-9.060095E-01   
-9.082993E-01   
-9.105614E-01   
-9.127958E-01   
-9.150024E-01   
-9.171812E-01   
-9.193321E-01   
-9.214551E-01   
-9.235502E-01   
-9.256173E-01   
-9.276563E-01   
-9.296674E-01   
-9.316504E-01   
-9.336052E-01   
-9.355320E-01   
-9.374306E-01   
-9.393010E-01   
-9.411431E-01   
-9.429571E-01   
-9.447428E-01   
-9.465002E-01   
-9.482292E-01   
-9.499300E-01   
-9.516024E-01   
-9.532464E-01   
-9.548620E-01   
-9.564492E-01   
-9.580080E-01   
-9.595383E-01   
-9.610402E-01   
-9.625136E-01   
-9.639585E-01   
-9.653750E-01   
-9.667629E-01   
-9.681223E-01   
-9.694532E-01   
-9.707555E-01   
-9.720293E-01   
-9.732746E-01   
-9.744912E-01   
-9.756794E-01   
-9.768389E-01   
-9.779699E-01   
-9.790724E-01   
-9.801463E-01   
-9.811916E-01   
-9.822083E-01   
-9.831964E-01   
-9.841561E-01   
-9.850871E-01   
-9.859896E-01   
-9.868635E-01   
-9.877089E-01   
-9.885258E-01   
-9.893141E-01   
-9.900739E-01   
-9.908053E-01   
-9.915081E-01   
-9.921824E-01   
-9.928282E-01   
-9.934456E-01   
-9.940346E-01   
-9.945951E-01   
-9.951272E-01   
-9.956308E-01   
-9.961062E-01   
-9.965531E-01   
-9.969717E-01   
-9.973620E-01   
-9.977239E-01   
-9.980576E-01   
-9.983630E-01   
-9.986402E-01   
-9.988892E-01   
-9.991100E-01   
-9.993026E-01   
-9.994670E-01   
-9.996034E-01   
-9.997117E-01   
-9.997919E-01   
-9.998441E-01   
-9.998682E-01   
-9.998645E-01   
-9.998328E-01   
-9.997731E-01   
-9.996857E-01   
-9.995703E-01   
-9.994272E-01   
-9.992563E-01   
-9.990577E-01   
-9.988313E-01   
-9.985774E-01   
-9.982958E-01   
-9.979866E-01   
-9.976498E-01   
-9.972856E-01   
-9.968939E-01   
-9.964748E-01   
-9.960283E-01   
-9.955544E-01   
-9.950533E-01   
-9.945249E-01   
-9.939693E-01   
-9.933866E-01   
-9.927767E-01   
-9.921397E-01   
-9.914758E-01   
-9.907848E-01   
-9.900670E-01   
-9.893222E-01   
-9.885507E-01   
-9.877523E-01   
-9.869273E-01   
-9.860755E-01   
-9.851971E-01   
-9.842922E-01   
-9.833607E-01   
-9.824028E-01   
-9.814185E-01   
-9.804078E-01   
-9.793708E-01   
-9.783075E-01   
-9.772181E-01   
-9.761026E-01   
-9.749609E-01   
-9.737933E-01   
-9.725997E-01   
-9.713802E-01   
-9.701348E-01   
-9.688637E-01   
-9.675669E-01   
-9.662444E-01   
-9.648963E-01   
-9.635227E-01   
-9.621236E-01   
-9.606991E-01   
-9.592493E-01   
-9.577742E-01   
-9.562739E-01   
-9.547484E-01   
-9.531979E-01   
-9.516223E-01   
-9.500218E-01   
-9.483964E-01   
-9.467462E-01   
-9.450712E-01   
-9.433716E-01   
-9.416473E-01   
-9.398986E-01   
-9.381253E-01   
-9.363277E-01   
-9.345057E-01   
-9.326595E-01   
-9.307890E-01   
-9.288945E-01   
-9.269759E-01   
-9.250334E-01   
-9.230669E-01   
-9.210767E-01   
-9.190627E-01   
-9.170250E-01   
-9.149637E-01   
-9.128789E-01   
-9.107707E-01   
-9.086390E-01   
-9.064841E-01   
-9.043060E-01   
-9.021047E-01   
-8.998804E-01   
-8.976331E-01   
-8.953628E-01   
-8.930698E-01   
-8.907539E-01   
-8.884155E-01   
-8.860544E-01   
-8.836708E-01   
-8.812648E-01   
-8.788364E-01   
-8.763858E-01   
-8.739129E-01   
-8.714180E-01   
-8.689011E-01   
-8.663622E-01   
-8.638014E-01   
-8.612189E-01   
-8.586146E-01   
-8.559888E-01   
-8.533414E-01   
-8.506726E-01   
-8.479825E-01   
-8.452710E-01   
-8.425384E-01   
-8.397847E-01   
-8.370100E-01   
-8.342143E-01   
-8.313978E-01   
-8.285605E-01   
-8.257026E-01   
-8.228240E-01   
-8.199250E-01   
-8.170056E-01   
-8.140659E-01   
-8.111059E-01   
-8.081258E-01   
-8.051256E-01   
-8.021054E-01   
-7.990654E-01   
-7.960056E-01   
-7.929261E-01   
-7.898270E-01   
-7.867084E-01   
-7.835703E-01   
-7.804129E-01   
-7.772363E-01   
-7.740405E-01   
-7.708256E-01   
-7.675918E-01   
-7.643391E-01   
-7.610676E-01   
-7.577774E-01   
-7.544686E-01   
-7.511413E-01   
-7.477956E-01   
-7.444316E-01   
-7.410493E-01   
-7.376490E-01   
-7.342305E-01   
-7.307941E-01   
-7.273399E-01   
-7.238679E-01   
-7.203783E-01   
-7.168710E-01   
-7.133464E-01   
-7.098043E-01   
-7.062449E-01   
-7.026684E-01   
-6.990748E-01   
-6.954642E-01   
-6.918366E-01   
-6.881923E-01   
-6.845313E-01   
-6.808537E-01   
-6.771596E-01   
-6.734490E-01   
-6.697222E-01   
-6.659791E-01   
-6.622199E-01   
-6.584447E-01   
-6.546536E-01   
-6.508466E-01   
-6.470239E-01   
-6.431857E-01   
-6.393318E-01   
-6.354626E-01   
-6.315780E-01   
-6.276782E-01   
-6.237633E-01   
-6.198333E-01   
-6.158884E-01   
-6.119287E-01   
-6.079543E-01   
-6.039652E-01   
-5.999616E-01   
-5.959436E-01   
-5.919113E-01   
-5.878648E-01   
-5.838041E-01   
-5.797294E-01   
-5.756408E-01   
-5.715384E-01   
-5.674223E-01   
-5.632926E-01   
-5.591493E-01   
-5.549927E-01   
-5.508228E-01   
-5.466396E-01   
-5.424434E-01   
-5.382342E-01   
-5.340121E-01   
-5.297772E-01   
-5.255297E-01   
-5.212695E-01   
-5.169969E-01   
-5.127120E-01   
-5.084147E-01   
-5.041053E-01   
-4.997839E-01   
-4.954505E-01   
-4.911053E-01   
-4.867484E-01   
-4.823798E-01   
-4.779997E-01   
-4.736081E-01   
-4.692053E-01   
-4.647913E-01   
-4.603661E-01   
-4.559300E-01   
-4.514830E-01   
-4.470252E-01   
-4.425567E-01   
-4.380777E-01   
-4.335882E-01   
-4.290883E-01   
-4.245782E-01   
-4.200580E-01   
-4.155278E-01   
-4.109876E-01   
-4.064377E-01   
-4.018780E-01   
-3.973087E-01   
-3.927300E-01   
-3.881418E-01   
-3.835444E-01   
-3.789379E-01   
-3.743223E-01   
-3.696978E-01   
-3.650644E-01   
-3.604223E-01   
-3.557716E-01   
-3.511125E-01   
-3.464449E-01   
-3.417690E-01   
-3.370850E-01   
-3.323929E-01   
-3.276929E-01   
-3.229851E-01   
-3.182695E-01   
-3.135463E-01   
-3.088157E-01   
-3.040776E-01   
-2.993322E-01   
-2.945797E-01   
-2.898202E-01   
-2.850537E-01   
-2.802804E-01   
-2.755003E-01   
-2.707137E-01   
-2.659206E-01   
-2.611211E-01   
-2.563154E-01   
-2.515035E-01   
-2.466855E-01   
-2.418617E-01   
-2.370320E-01   
-2.321967E-01   
-2.273558E-01   
-2.225094E-01   
-2.176576E-01   
-2.128007E-01   
-2.079386E-01   
-2.030715E-01   
-1.981996E-01   
-1.933228E-01   
-1.884414E-01   
-1.835555E-01   
-1.786652E-01   
-1.737705E-01   
-1.688716E-01   
-1.639687E-01   
-1.590618E-01   
-1.541511E-01   
-1.492367E-01   
-1.443186E-01   
-1.393971E-01   
-1.344721E-01   
-1.295440E-01   
-1.246127E-01   
-1.196783E-01   
-1.147411E-01   
-1.098011E-01   
-1.048584E-01   
-9.991322E-02   
-9.496558E-02   
-9.001563E-02   
-8.506349E-02   
-8.010928E-02   
-7.515313E-02   
-7.019514E-02   
-6.523545E-02   
-6.027416E-02   
-5.531141E-02   
-5.034730E-02   
-4.538197E-02   
-4.041552E-02   
-3.544809E-02   
-3.047979E-02   
-2.551075E-02   
-2.054108E-02   
-1.557090E-02   
-1.060035E-02   
-5.629530E-03   
-6.585738E-04   
 4.312399E-03   
 9.283266E-03   
 1.425391E-02   
 1.922420E-02   
 2.419401E-02   
 2.916323E-02   
 3.413174E-02   
 3.909940E-02   
 4.406610E-02   
 4.903171E-02   
 5.399610E-02   
 5.895917E-02   
 6.392077E-02   
 6.888079E-02   
 7.383911E-02   
 7.879559E-02   
 8.375012E-02   
 8.870257E-02   
 9.365281E-02   
 9.860072E-02   
 1.035462E-01   
 1.084891E-01   
 1.134292E-01   
 1.183666E-01   
 1.233010E-01   
 1.282323E-01   
 1.331604E-01   
 1.380851E-01   
 1.430065E-01   
 1.479242E-01   
 1.528382E-01   
 1.577484E-01   
 1.626546E-01   
 1.675567E-01   
 1.724546E-01   
 1.773481E-01   
 1.822372E-01   
 1.871217E-01   
 1.920015E-01   
 1.968764E-01   
 2.017463E-01   
 2.066111E-01   
 2.114707E-01   
 2.163249E-01   
 2.211736E-01   
 2.260167E-01   
 2.308540E-01   
 2.356855E-01   
 2.405110E-01   
 2.453303E-01   
 2.501434E-01   
 2.549500E-01   
 2.597502E-01   
 2.645437E-01   
 2.693304E-01   
 2.741102E-01   
 2.788830E-01   
 2.836486E-01   
 2.884069E-01   
 2.931578E-01   
 2.979012E-01   
 3.026368E-01   
 3.073647E-01   
 3.120846E-01   
 3.167964E-01   
 3.215000E-01   
 3.261953E-01   
 3.308821E-01   
 3.355604E-01   
 3.402299E-01   
 3.448906E-01   
 3.495422E-01   
 3.541848E-01   
 3.588181E-01   
 3.634421E-01   
 3.680565E-01   
 3.726614E-01   
 3.772564E-01   
 3.818416E-01   
 3.864167E-01   
 3.909817E-01   
 3.955363E-01   
 4.000806E-01   
 4.046143E-01   
 4.091374E-01   
 4.136496E-01   
 4.181509E-01   
 4.226411E-01   
 4.271202E-01   
 4.315879E-01   
 4.360441E-01   
 4.404887E-01   
 4.449217E-01   
 4.493427E-01   
 4.537518E-01   
 4.581488E-01   
 4.625335E-01   
 4.669059E-01   
 4.712657E-01   
 4.756129E-01   
 4.799474E-01   
 4.842690E-01   
 4.885775E-01   
 4.928729E-01   
 4.971549E-01   
 5.014236E-01   
 5.056787E-01   
 5.099202E-01   
 5.141479E-01   
 5.183616E-01   
 5.225612E-01   
 5.267467E-01   
 5.309178E-01   
 5.350745E-01   
 5.392166E-01   
 5.433440E-01   
 5.474566E-01   
 5.515542E-01   
 5.556366E-01   
 5.597039E-01   
 5.637558E-01   
 5.677923E-01   
 5.718131E-01   
 5.758182E-01   
 5.798074E-01   
 5.837806E-01   
 5.877377E-01   
 5.916786E-01   
 5.956031E-01   
 5.995111E-01   
 6.034024E-01   
 6.072770E-01   
 6.111348E-01   
 6.149755E-01   
 6.187990E-01   
 6.226054E-01   
 6.263943E-01   
 6.301657E-01   
 6.339195E-01   
 6.376556E-01   
 6.413737E-01   
 6.450738E-01   
 6.487558E-01   
 6.524196E-01   
 6.560650E-01   
 6.596918E-01   
 6.633000E-01   
 6.668895E-01   
 6.704601E-01   
 6.740118E-01   
 6.775442E-01   
 6.810575E-01   
 6.845514E-01   
 6.880258E-01   
 6.914806E-01   
 6.949157E-01   
 6.983310E-01   
 7.017263E-01   
 7.051015E-01   
 7.084565E-01   
 7.117912E-01   
 7.151054E-01   
 7.183991E-01   
 7.216721E-01   
 7.249243E-01   
 7.281557E-01   
 7.313660E-01   
 7.345551E-01   
 7.377230E-01   
 7.408695E-01   
 7.439946E-01   
 7.470980E-01   
 7.501797E-01   
 7.532396E-01   
 7.562776E-01   
 7.592935E-01   
 7.622872E-01   
 7.652587E-01   
 7.682078E-01   
 7.711343E-01   
 7.740383E-01   
 7.769195E-01   
 7.797779E-01   
 7.826134E-01   
 7.854258E-01   
 7.882151E-01   
 7.909811E-01   
 7.937237E-01   
 7.964429E-01   
 7.991384E-01   
 8.018103E-01   
 8.044584E-01   
 8.070826E-01   
 8.096828E-01   
 8.122589E-01   
 8.148108E-01   
 8.173384E-01   
 8.198416E-01   
 8.223202E-01   
 8.247743E-01   
 8.272036E-01   
 8.296082E-01   
 8.319878E-01   
 8.343424E-01   
 8.366720E-01   
 8.389763E-01   
 8.412554E-01   
 8.435090E-01   
 8.457372E-01   
 8.479398E-01   
 8.501168E-01   
 8.522679E-01   
 8.543933E-01   
 8.564926E-01   
 8.585660E-01   
 8.606132E-01   
 8.626342E-01   
 8.646290E-01   
 8.665973E-01   
 8.685392E-01   
 8.704544E-01   
 8.723431E-01   
 8.742050E-01   
 8.760401E-01   
 8.778484E-01   
 8.796296E-01   
 8.813838E-01   
 8.831108E-01   
 8.848107E-01   
 8.864832E-01   
 8.881283E-01   
 8.897460E-01   
 8.913362E-01   
 8.928988E-01   
 8.944337E-01   
 8.959408E-01   
 8.974201E-01   
 8.988715E-01   
 9.002949E-01   
 9.016903E-01   
 9.030576E-01   
 9.043967E-01   
 9.057076E-01   
 9.069901E-01   
 9.082443E-01   
 9.094700E-01   
 9.106672E-01   
 9.118358E-01   
 9.129758E-01   
 9.140871E-01   
 9.151697E-01   
 9.162234E-01   
 9.172482E-01   
 9.182441E-01   
 9.192110E-01   
 9.201489E-01   
 9.210577E-01   
 9.219373E-01   
 9.227877E-01   
 9.236088E-01   
 9.244006E-01   
 9.251631E-01   
 9.258961E-01   
 9.265997E-01   
 9.272738E-01   
 9.279183E-01   
 9.285332E-01   
 9.291185E-01   
 9.296741E-01   
 9.302000E-01   
 9.306960E-01   
 9.311623E-01   
 9.315988E-01   
 9.320053E-01   
 9.323820E-01   
 9.327286E-01   
 9.330453E-01   
 9.333320E-01   
 9.335886E-01   
 9.338151E-01   
 9.340114E-01   
 9.341777E-01   
 9.343137E-01   
 9.344196E-01   
 9.344952E-01   
 9.345406E-01   
 9.345556E-01   
 9.345404E-01   
 9.344949E-01   
 9.344190E-01   
 9.343127E-01   
 9.341761E-01   
 9.340090E-01   
 9.338116E-01   
 9.335837E-01   
 9.333254E-01   
 9.330366E-01   
 9.327173E-01   
 9.323676E-01   
 9.319873E-01   
 9.315766E-01   
 9.311354E-01   
 9.306637E-01   
 9.301614E-01   
 9.296286E-01   
 9.290654E-01   
 9.284716E-01   
 9.278472E-01   
 9.271924E-01   
 9.265070E-01   
 9.257912E-01   
 9.250448E-01   
 9.242679E-01   
 9.234606E-01   
 9.226227E-01   
 9.217544E-01   
 9.208556E-01   
 9.199263E-01   
 9.189666E-01   
 9.179765E-01   
 9.169560E-01   
 9.159050E-01   
 9.148237E-01   
 9.137121E-01   
 9.125701E-01   
 9.113978E-01   
 9.101952E-01   
 9.089623E-01   
 9.076992E-01   
 9.064059E-01   
 9.050824E-01   
 9.037287E-01   
 9.023449E-01   
 9.009310E-01   
 8.994870E-01   
 8.980130E-01   
 8.965090E-01   
 8.949750E-01   
 8.934111E-01   
 8.918173E-01   
 8.901937E-01   
 8.885402E-01   
 8.868570E-01   
 8.851441E-01   
 8.834015E-01   
 8.816292E-01   
 8.798274E-01   
 8.779961E-01   
 8.761352E-01   
 8.742449E-01   
 8.723252E-01   
 8.703762E-01   
 8.683980E-01   
 8.663904E-01   
 8.643538E-01   
 8.622880E-01   
 8.601931E-01   
 8.580693E-01   
 8.559166E-01   
 8.537349E-01   
 8.515245E-01   
 8.492853E-01   
 8.470175E-01   
 8.447210E-01   
 8.423960E-01   
 8.400426E-01   
 8.376607E-01   
 8.352505E-01   
 8.328121E-01   
 8.303455E-01   
 8.278507E-01   
 8.253280E-01   
 8.227773E-01   
 8.201987E-01   
 8.175923E-01   
 8.149583E-01   
 8.122966E-01   
 8.096073E-01   
 8.068906E-01   
 8.041465E-01   
 8.013751E-01   
 7.985765E-01   
 7.957508E-01   
 7.928981E-01   
 7.900184E-01   
 7.871119E-01   
 7.841787E-01   
 7.812188E-01   
 7.782324E-01   
 7.752195E-01   
 7.721802E-01   
 7.691146E-01   
 7.660229E-01   
 7.629052E-01   
 7.597615E-01   
 7.565919E-01   
 7.533966E-01   
 7.501756E-01   
 7.469290E-01   
 7.436571E-01   
 7.403598E-01   
 7.370373E-01   
 7.336897E-01   
 7.303171E-01   
 7.269196E-01   
 7.234973E-01   
 7.200504E-01   
 7.165789E-01   
 7.130831E-01   
 7.095629E-01   
 7.060185E-01   
 7.024501E-01   
 6.988577E-01   
 6.952414E-01   
 6.916015E-01   
 6.879380E-01   
 6.842510E-01   
 6.805407E-01   
 6.768072E-01   
 6.730507E-01   
 6.692711E-01   
 6.654688E-01   
 6.616437E-01   
 6.577961E-01   
 6.539261E-01   
 6.500337E-01   
 6.461192E-01   
 6.421827E-01   
 6.382242E-01   
 6.342441E-01   
 6.302422E-01   
 6.262189E-01   
 6.221743E-01   
 6.181084E-01   
 6.140215E-01   
 6.099136E-01   
 6.057850E-01   
 6.016357E-01   
 5.974659E-01   
 5.932758E-01   
 5.890654E-01   
 5.848350E-01   
 5.805847E-01   
 5.763146E-01   
 5.720249E-01   
 5.677157E-01   
 5.633871E-01   
 5.590394E-01   
 5.546727E-01   
 5.502871E-01   
 5.458828E-01   
 5.414599E-01   
 5.370186E-01   
 5.325590E-01   
 5.280813E-01   
 5.235857E-01   
 5.190723E-01   
 5.145413E-01   
 5.099927E-01   
 5.054269E-01   
 5.008439E-01   
 4.962439E-01   
 4.916270E-01   
 4.869935E-01   
 4.823434E-01   
 4.776770E-01   
 4.729944E-01   
 4.682958E-01   
 4.635813E-01   
 4.588511E-01   
 4.541053E-01   
 4.493442E-01   
 4.445678E-01   
 4.397764E-01   
 4.349702E-01   
 4.301492E-01   
 4.253137E-01   
 4.204638E-01   
 4.155997E-01   
 4.107216E-01   
 4.058296E-01   
 4.009239E-01   
 3.960046E-01   
 3.910720E-01   
 3.861263E-01   
 3.811675E-01   
 3.761959E-01   
 3.712115E-01   
 3.662147E-01   
 3.612056E-01   
 3.561843E-01   
 3.511511E-01   
 3.461060E-01   
 3.410493E-01   
 3.359812E-01   
 3.309018E-01   
 3.258112E-01   
 3.207098E-01   
 3.155976E-01   
 3.104748E-01   
 3.053416E-01   
 3.001982E-01   
 2.950447E-01   
 2.898814E-01   
 2.847084E-01   
 2.795258E-01   
 2.743339E-01   
 2.691329E-01   
 2.639229E-01   
 2.587040E-01   
 2.534766E-01   
 2.482407E-01   
 2.429965E-01   
 2.377443E-01   
 2.324841E-01   
 2.272162E-01   
 2.219408E-01   
 2.166579E-01   
 2.113679E-01   
 2.060709E-01   
 2.007670E-01   
 1.954565E-01   
 1.901395E-01   
 1.848162E-01   
 1.794868E-01   
 1.741515E-01   
 1.688104E-01   
 1.634638E-01   
 1.581117E-01   
 1.527544E-01   
 1.473921E-01   
 1.420250E-01   
 1.366531E-01   
 1.312768E-01   
 1.258961E-01   
 1.205114E-01   
 1.151226E-01   
 1.097301E-01   
 1.043340E-01   
 9.893443E-02   
 9.353165E-02   
 8.812582E-02   
 8.271710E-02   
 7.730568E-02   
 7.189174E-02   
 6.647545E-02   
 6.105700E-02   
 5.563656E-02   
 5.021431E-02   
 4.479043E-02   
 3.936509E-02   
 3.393848E-02   
 2.851076E-02   
 2.308213E-02   
 1.765275E-02   
 1.222280E-02   
 6.792466E-03   
 1.361912E-03   
-4.068682E-03   
-9.499140E-03   
-1.492929E-02   
-2.035894E-02   
-2.578794E-02   
-3.121610E-02   
-3.664325E-02   
-4.206922E-02   
-4.749383E-02   
-5.291690E-02   
-5.833827E-02   
-6.375777E-02   
-6.917521E-02   
-7.459043E-02   
-8.000326E-02   
-8.541352E-02   
-9.082105E-02   
-9.622567E-02   
-1.016272E-01   
-1.070255E-01   
-1.124204E-01   
-1.178117E-01   
-1.231992E-01   
-1.285829E-01   
-1.339624E-01   
-1.393377E-01   
-1.447086E-01   
-1.500748E-01   
-1.554363E-01   
-1.607929E-01   
-1.661444E-01   
-1.714907E-01   
-1.768315E-01   
-1.821668E-01   
-1.874963E-01   
-1.928200E-01   
-1.981375E-01   
-2.034488E-01   
-2.087538E-01   
-2.140522E-01   
-2.193439E-01   
-2.246287E-01   
-2.299065E-01   
-2.351771E-01   
-2.404404E-01   
-2.456961E-01   
-2.509442E-01   
-2.561845E-01   
-2.614169E-01   
-2.666411E-01   
-2.718570E-01   
-2.770645E-01   
-2.822634E-01   
-2.874536E-01   
-2.926349E-01   
-2.978071E-01   
-3.029702E-01   
-3.081239E-01   
-3.132681E-01   
-3.184027E-01   
-3.235275E-01   
-3.286423E-01   
-3.337471E-01   
-3.388417E-01   
-3.439258E-01   
-3.489995E-01   
-3.540625E-01   
-3.591146E-01   
-3.641559E-01   
-3.691860E-01   
-3.742049E-01   
-3.792124E-01   
-3.842084E-01   
-3.891927E-01   
-3.941653E-01   
-3.991259E-01   
-4.040744E-01   
-4.090108E-01   
-4.139347E-01   
-4.188462E-01   
-4.237451E-01   
-4.286313E-01   
-4.335045E-01   
-4.383647E-01   
-4.432118E-01   
-4.480456E-01   
-4.528660E-01   
-4.576729E-01   
-4.624661E-01   
-4.672454E-01   
-4.720109E-01   
-4.767623E-01   
-4.814995E-01   
-4.862224E-01   
-4.909309E-01   
-4.956248E-01   
-5.003041E-01   
-5.049686E-01   
-5.096181E-01   
-5.142526E-01   
-5.188719E-01   
-5.234759E-01   
-5.280646E-01   
-5.326377E-01   
-5.371952E-01   
-5.417369E-01   
-5.462628E-01   
-5.507727E-01   
-5.552664E-01   
-5.597440E-01   
-5.642052E-01   
-5.686500E-01   
-5.730783E-01   
-5.774899E-01   
-5.818847E-01   
-5.862627E-01   
-5.906236E-01   
-5.949675E-01   
-5.992942E-01   
-6.036035E-01   
-6.078955E-01   
-6.121699E-01   
-6.164268E-01   
-6.206658E-01   
-6.248871E-01   
-6.290905E-01   
-6.332758E-01   
-6.374430E-01   
-6.415920E-01   
-6.457226E-01   
-6.498349E-01   
-6.539286E-01   
-6.580037E-01   
-6.620601E-01   
-6.660977E-01   
-6.701164E-01   
-6.741161E-01   
-6.780968E-01   
-6.820582E-01   
-6.860004E-01   
-6.899233E-01   
-6.938267E-01   
-6.977106E-01   
-7.015749E-01   
-7.054195E-01   
-7.092442E-01   
-7.130492E-01   
-7.168341E-01   
-7.205990E-01   
-7.243438E-01   
-7.280684E-01   
-7.317727E-01   
-7.354567E-01   
-7.391202E-01   
-7.427632E-01   
-7.463855E-01   
-7.499872E-01   
-7.535681E-01   
-7.571282E-01   
-7.606674E-01   
-7.641856E-01   
-7.676828E-01   
-7.711588E-01   
-7.746136E-01   
-7.780472E-01   
-7.814594E-01   
-7.848502E-01   
-7.882195E-01   
-7.915672E-01   
-7.948934E-01   
-7.981978E-01   
-8.014805E-01   
-8.047414E-01   
-8.079804E-01   
-8.111974E-01   
-8.143925E-01   
-8.175655E-01   
-8.207163E-01   
-8.238449E-01   
-8.269513E-01   
-8.300354E-01   
-8.330971E-01   
-8.361363E-01   
-8.391531E-01   
-8.421473E-01   
-8.451190E-01   
-8.480679E-01   
-8.509942E-01   
-8.538977E-01   
-8.567783E-01   
-8.596361E-01   
-8.624710E-01   
-8.652828E-01   
-8.680717E-01   
-8.708375E-01   
-8.735801E-01   
-8.762996E-01   
-8.789959E-01   
-8.816688E-01   
-8.843185E-01   
-8.869448E-01   
-8.895477E-01   
-8.921271E-01   
-8.946831E-01   
-8.972155E-01   
-8.997243E-01   
-9.022095E-01   
-9.046710E-01   
-9.071089E-01   
-9.095230E-01   
-9.119133E-01   
-9.142797E-01   
-9.166223E-01   
-9.189411E-01   
-9.212358E-01   
-9.235066E-01   
-9.257534E-01   
-9.279762E-01   
-9.301749E-01   
-9.323495E-01   
-9.344999E-01   
-9.366262E-01   
-9.387282E-01   
-9.408060E-01   
-9.428596E-01   
-9.448888E-01   
-9.468938E-01   
-9.488743E-01   
-9.508305E-01   
-9.527623E-01   
-9.546696E-01   
-9.565525E-01   
-9.584109E-01   
-9.602448E-01   
-9.620541E-01   
-9.638389E-01   
-9.655991E-01   
-9.673347E-01   
-9.690456E-01   
-9.707319E-01   
-9.723935E-01   
-9.740304E-01   
-9.756427E-01   
-9.772301E-01   
-9.787929E-01   
-9.803308E-01   
-9.818440E-01   
-9.833324E-01   
-9.847959E-01   
-9.862347E-01   
-9.876485E-01   
-9.890375E-01   
-9.904016E-01   
-9.917408E-01   
-9.930551E-01   
-9.943445E-01   
-9.956090E-01   
-9.968485E-01   
-9.980631E-01   
-9.992526E-01   
-1.000417E+00   
-1.001557E+00   
-1.002672E+00   
-1.003761E+00   
-1.004826E+00   
-1.005865E+00   
-1.006880E+00   
-1.007869E+00   
-1.008834E+00   
-1.009773E+00   
-1.010688E+00   
-1.011577E+00   
-1.012441E+00   
-1.013281E+00   
-1.014095E+00   
-1.014884E+00   
-1.015648E+00   
-1.016387E+00   
-1.017101E+00   
-1.017790E+00   
-1.018453E+00   
-1.019092E+00   
-1.019706E+00   
-1.020294E+00   
-1.020858E+00   
-1.021396E+00   
-1.021909E+00   
-1.022398E+00   
-1.022861E+00   
-1.023299E+00   
-1.023712E+00   
-1.024100E+00   
-1.024463E+00   
-1.024801E+00   
-1.025114E+00   
-1.025402E+00   
-1.025665E+00   
-1.025903E+00   
-1.026116E+00   
-1.026304E+00   
-1.026467E+00   
-1.026605E+00   
-1.026718E+00   
-1.026806E+00   
-1.026869E+00   
-1.026907E+00   
-1.026920E+00   
-1.026909E+00   
-1.026872E+00   
-1.026811E+00   
-1.026725E+00   
-1.026614E+00   
-1.026478E+00   
-1.026317E+00   
-1.026131E+00   
-1.025921E+00   
-1.025686E+00   
-1.025426E+00   
-1.025141E+00   
-1.024832E+00   
-1.024498E+00   
-1.024139E+00   
-1.023755E+00   
-1.023347E+00   
-1.022915E+00   
-1.022457E+00   
-1.021975E+00   
-1.021469E+00   
-1.020937E+00   
-1.020382E+00   
-1.019802E+00   
-1.019197E+00   
-1.018568E+00   
-1.017914E+00   
-1.017236E+00   
-1.016534E+00   
-1.015807E+00   
-1.015056E+00   
-1.014280E+00   
-1.013480E+00   
-1.012656E+00   
-1.011808E+00   
-1.010935E+00   
-1.010038E+00   
-1.009117E+00   
-1.008172E+00   
-1.007203E+00   
-1.006210E+00   
-1.005192E+00   
-1.004151E+00   
-1.003085E+00   
-1.001996E+00   
-1.000883E+00   
-9.997453E-01   
-9.985841E-01   
-9.973990E-01   
-9.961901E-01   
-9.949574E-01   
-9.937010E-01   
-9.924208E-01   
-9.911169E-01   
-9.897893E-01   
-9.884382E-01   
-9.870634E-01   
-9.856650E-01   
-9.842431E-01   
-9.827978E-01   
-9.813289E-01   
-9.798367E-01   
-9.783210E-01   
-9.767820E-01   
-9.752197E-01   
-9.736341E-01   
-9.720253E-01   
-9.703933E-01   
-9.687381E-01   
-9.670597E-01   
-9.653583E-01   
-9.636339E-01   
-9.618864E-01   
-9.601160E-01   
-9.583227E-01   
-9.565064E-01   
-9.546673E-01   
-9.528055E-01   
-9.509208E-01   
-9.490135E-01   
-9.470834E-01   
-9.451308E-01   
-9.431555E-01   
-9.411577E-01   
-9.391374E-01   
-9.370947E-01   
-9.350295E-01   
-9.329420E-01   
-9.308322E-01   
-9.287001E-01   
-9.265457E-01   
-9.243692E-01   
-9.221706E-01   
-9.199499E-01   
-9.177071E-01   
-9.154423E-01   
-9.131557E-01   
-9.108471E-01   
-9.085167E-01   
-9.061645E-01   
-9.037905E-01   
-9.013949E-01   
-8.989776E-01   
-8.965388E-01   
-8.940784E-01   
-8.915965E-01   
-8.890932E-01   
-8.865686E-01   
-8.840226E-01   
-8.814553E-01   
-8.788668E-01   
-8.762572E-01   
-8.736265E-01   
-8.709747E-01   
-8.683019E-01   
-8.656082E-01   
-8.628936E-01   
-8.601582E-01   
-8.574021E-01   
-8.546252E-01   
-8.518276E-01   
-8.490095E-01   
-8.461709E-01   
-8.433118E-01   
-8.404322E-01   
-8.375324E-01   
-8.346122E-01   
-8.316718E-01   
-8.287112E-01   
-8.257306E-01   
-8.227298E-01   
-8.197092E-01   
-8.166685E-01   
-8.136081E-01   
-8.105278E-01   
-8.074278E-01   
-8.043082E-01   
-8.011690E-01   
-7.980102E-01   
-7.948320E-01   
-7.916344E-01   
-7.884174E-01   
-7.851812E-01   
-7.819258E-01   
-7.786513E-01   
-7.753577E-01   
-7.720451E-01   
-7.687136E-01   
-7.653633E-01   
-7.619941E-01   
-7.586063E-01   
-7.551998E-01   
-7.517748E-01   
-7.483313E-01   
-7.448693E-01   
-7.413890E-01   
-7.378905E-01   
-7.343737E-01   
-7.308388E-01   
-7.272859E-01   
-7.237150E-01   
-7.201262E-01   
-7.165196E-01   
-7.128952E-01   
-7.092531E-01   
-7.055935E-01   
-7.019164E-01   
-6.982218E-01   
-6.945098E-01   
-6.907806E-01   
-6.870342E-01   
-6.832707E-01   
-6.794901E-01   
-6.756926E-01   
-6.718782E-01   
-6.680470E-01   
-6.641991E-01   
-6.603346E-01   
-6.564536E-01   
-6.525560E-01   
-6.486422E-01   
-6.447120E-01   
-6.407656E-01   
-6.368031E-01   
-6.328246E-01   
-6.288301E-01   
-6.248198E-01   
-6.207937E-01   
-6.167519E-01   
-6.126946E-01   
-6.086217E-01   
-6.045334E-01   
-6.004299E-01   
-5.963110E-01   
-5.921771E-01   
-5.880280E-01   
-5.838641E-01   
-5.796852E-01   
-5.754916E-01   
-5.712834E-01   
-5.670605E-01   
-5.628231E-01   
-5.585714E-01   
-5.543054E-01   
-5.500251E-01   
-5.457308E-01   
-5.414224E-01   
-5.371001E-01   
-5.327641E-01   
-5.284143E-01   
-5.240509E-01   
-5.196740E-01   
-5.152836E-01   
-5.108800E-01   
-5.064631E-01   
-5.020332E-01   
-4.975902E-01   
-4.931343E-01   
-4.886656E-01   
-4.841842E-01   
-4.796902E-01   
-4.751837E-01   
-4.706649E-01   
-4.661337E-01   
-4.615904E-01   
-4.570350E-01   
-4.524677E-01   
-4.478885E-01   
-4.432975E-01   
-4.386949E-01   
-4.340808E-01   
-4.294553E-01   
-4.248184E-01   
-4.201704E-01   
-4.155113E-01   
-4.108412E-01   
-4.061602E-01   
-4.014685E-01   
-3.967661E-01   
-3.920532E-01   
-3.873299E-01   
-3.825964E-01   
-3.778526E-01   
-3.730988E-01   
-3.683350E-01   
-3.635614E-01   
-3.587781E-01   
-3.539851E-01   
-3.491827E-01   
-3.443710E-01   
-3.395500E-01   
-3.347199E-01   
-3.298807E-01   
-3.250327E-01   
-3.201759E-01   
-3.153105E-01   
-3.104366E-01   
-3.055543E-01   
-3.006637E-01   
-2.957650E-01   
-2.908582E-01   
-2.859435E-01   
-2.810211E-01   
-2.760910E-01   
-2.711534E-01   
-2.662084E-01   
-2.612561E-01   
-2.562967E-01   
-2.513303E-01   
-2.463570E-01   
-2.413769E-01   
-2.363902E-01   
-2.313970E-01   
-2.263974E-01   
-2.213916E-01   
-2.163797E-01   
-2.113618E-01   
-2.063380E-01   
-2.013086E-01   
-1.962736E-01   
-1.912331E-01   
-1.861873E-01   
-1.811364E-01   
-1.760804E-01   
-1.710194E-01   
-1.659538E-01   
-1.608835E-01   
-1.558086E-01   
-1.507295E-01   
-1.456461E-01   
-1.405586E-01   
-1.354672E-01   
-1.303719E-01   
-1.252730E-01   
-1.201706E-01   
-1.150647E-01   
-1.099556E-01   
-1.048434E-01   
-9.972828E-02   
-9.461028E-02   
-8.948960E-02   
-8.436638E-02   
-7.924076E-02   
-7.411288E-02   
-6.898289E-02   
-6.385092E-02   
-5.871714E-02   
-5.358166E-02   
-4.844466E-02   
-4.330626E-02   
-3.816662E-02   
-3.302588E-02   
-2.788418E-02   
-2.274168E-02   
-1.759853E-02   
-1.245486E-02   
-7.310828E-03   
-2.166582E-03   
 2.977730E-03   
 8.121960E-03   
 1.326596E-02   
 1.840957E-02   
 2.355266E-02   
 2.869506E-02   
 3.383663E-02   
 3.897722E-02   
 4.411668E-02   
 4.925484E-02   
 5.439158E-02   
 5.952672E-02   
 6.466012E-02   
 6.979163E-02   
 7.492110E-02   
 8.004836E-02   
 8.517327E-02   
 9.029567E-02   
 9.541542E-02   
 1.005323E-01   
 1.056463E-01   
 1.107571E-01   
 1.158647E-01   
 1.209688E-01   
 1.260694E-01   
 1.311662E-01   
 1.362591E-01   
 1.413479E-01   
 1.464325E-01   
 1.515128E-01   
 1.565885E-01   
 1.616596E-01   
 1.667258E-01   
 1.717871E-01   
 1.768431E-01   
 1.818939E-01   
 1.869392E-01   
 1.919789E-01   
 1.970128E-01   
 2.020407E-01   
 2.070626E-01   
 2.120782E-01   
 2.170874E-01   
 2.220900E-01   
 2.270859E-01   
 2.320749E-01   
 2.370569E-01   
 2.420316E-01   
 2.469990E-01   
 2.519589E-01   
 2.569111E-01   
 2.618554E-01   
 2.667917E-01   
 2.717199E-01   
 2.766398E-01   
 2.815512E-01   
 2.864539E-01   
 2.913479E-01   
 2.962329E-01   
 3.011088E-01   
 3.059754E-01   
 3.108325E-01   
 3.156801E-01   
 3.205180E-01   
 3.253459E-01   
 3.301638E-01   
 3.349714E-01   
 3.397686E-01   
 3.445553E-01   
 3.493313E-01   
 3.540965E-01   
 3.588506E-01   
 3.635935E-01   
 3.683251E-01   
 3.730452E-01   
 3.777537E-01   
 3.824503E-01   
 3.871350E-01   
 3.918075E-01   
 3.964678E-01   
 4.011156E-01   
 4.057508E-01   
 4.103732E-01   
 4.149828E-01   
 4.195792E-01   
 4.241625E-01   
 4.287323E-01   
 4.332886E-01   
 4.378313E-01   
 4.423600E-01   
 4.468748E-01   
 4.513754E-01   
 4.558617E-01   
 4.603335E-01   
 4.647907E-01   
 4.692331E-01   
 4.736606E-01   
 4.780730E-01   
 4.824701E-01   
 4.868519E-01   
 4.912181E-01   
 4.955686E-01   
 4.999032E-01   
 5.042219E-01   
 5.085244E-01   
 5.128106E-01   
 5.170803E-01   
 5.213334E-01   
 5.255698E-01   
 5.297893E-01   
 5.339917E-01   
 5.381770E-01   
 5.423448E-01   
 5.464952E-01   
 5.506279E-01   
 5.547429E-01   
 5.588399E-01   
 5.629188E-01   
 5.669795E-01   
 5.710218E-01   
 5.750455E-01   
 5.790507E-01   
 5.830370E-01   
 5.870044E-01   
 5.909526E-01   
 5.948817E-01   
 5.987913E-01   
 6.026815E-01   
 6.065520E-01   
 6.104026E-01   
 6.142334E-01   
 6.180441E-01   
 6.218345E-01   
 6.256046E-01   
 6.293542E-01   
 6.330832E-01   
 6.367915E-01   
 6.404788E-01   
 6.441451E-01   
 6.477902E-01   
 6.514141E-01   
 6.550165E-01   
 6.585973E-01   
 6.621565E-01   
 6.656938E-01   
 6.692092E-01   
 6.727025E-01   
 6.761736E-01   
 6.796223E-01   
 6.830486E-01   
 6.864523E-01   
 6.898332E-01   
 6.931914E-01   
 6.965265E-01   
 6.998386E-01   
 7.031274E-01   
 7.063929E-01   
 7.096350E-01   
 7.128534E-01   
 7.160482E-01   
 7.192192E-01   
 7.223662E-01   
 7.254891E-01   
 7.285879E-01   
 7.316625E-01   
 7.347126E-01   
 7.377382E-01   
 7.407392E-01   
 7.437154E-01   
 7.466668E-01   
 7.495933E-01   
 7.524946E-01   
 7.553708E-01   
 7.582217E-01   
 7.610472E-01   
 7.638473E-01   
 7.666217E-01   
 7.693704E-01   
 7.720933E-01   
 7.747903E-01   
 7.774612E-01   
 7.801061E-01   
 7.827247E-01   
 7.853170E-01   
 7.878830E-01   
 7.904224E-01   
 7.929352E-01   
 7.954213E-01   
 7.978806E-01   
 8.003130E-01   
 8.027185E-01   
 8.050968E-01   
 8.074481E-01   
 8.097720E-01   
 8.120687E-01   
 8.143379E-01   
 8.165796E-01   
 8.187938E-01   
 8.209802E-01   
 8.231389E-01   
 8.252698E-01   
 8.273727E-01   
 8.294477E-01   
 8.314945E-01   
 8.335132E-01   
 8.355037E-01   
 8.374659E-01   
 8.393997E-01   
 8.413050E-01   
 8.431818E-01   
 8.450300E-01   
 8.468496E-01   
 8.486404E-01   
 8.504024E-01   
 8.521356E-01   
 8.538398E-01   
 8.555150E-01   
 8.571612E-01   
 8.587782E-01   
 8.603660E-01   
 8.619247E-01   
 8.634540E-01   
 8.649539E-01   
 8.664244E-01   
 8.678655E-01   
 8.692770E-01   
 8.706590E-01   
 8.720113E-01   
 8.733340E-01   
 8.746269E-01   
 8.758900E-01   
 8.771233E-01   
 8.783268E-01   
 8.795003E-01   
 8.806439E-01   
 8.817575E-01   
 8.828410E-01   
 8.838944E-01   
 8.849178E-01   
 8.859110E-01   
 8.868739E-01   
 8.878067E-01   
 8.887092E-01   
 8.895814E-01   
 8.904232E-01   
 8.912347E-01   
 8.920159E-01   
 8.927666E-01   
 8.934868E-01   
 8.941766E-01   
 8.948360E-01   
 8.954648E-01   
 8.960630E-01   
 8.966307E-01   
 8.971678E-01   
 8.976744E-01   
 8.981503E-01   
 8.985956E-01   
 8.990103E-01   
 8.993943E-01   
 8.997476E-01   
 9.000702E-01   
 9.003622E-01   
 9.006235E-01   
 9.008540E-01   
 9.010539E-01   
 9.012231E-01   
 9.013615E-01   
 9.014692E-01   
 9.015462E-01   
 9.015924E-01   
 9.016080E-01   
 9.015928E-01   
 9.015469E-01   
 9.014703E-01   
 9.013631E-01   
 9.012251E-01   
 9.010564E-01   
 9.008570E-01   
 9.006270E-01   
 9.003664E-01   
 9.000751E-01   
 8.997531E-01   
 8.994006E-01   
 8.990175E-01   
 8.986038E-01   
 8.981595E-01   
 8.976847E-01   
 8.971794E-01   
 8.966436E-01   
 8.960774E-01   
 8.954807E-01   
 8.948536E-01   
 8.941961E-01   
 8.935083E-01   
 8.927901E-01   
 8.920417E-01   
 8.912630E-01   
 8.904540E-01   
 8.896149E-01   
 8.887456E-01   
 8.878462E-01   
 8.869168E-01   
 8.859573E-01   
 8.849678E-01   
 8.839483E-01   
 8.828989E-01   
 8.818197E-01   
 8.807106E-01   
 8.795718E-01   
 8.784033E-01   
 8.772050E-01   
 8.759772E-01   
 8.747197E-01   
 8.734327E-01   
 8.721163E-01   
 8.707705E-01   
 8.693953E-01   
 8.679907E-01   
 8.665570E-01   
 8.650940E-01   
 8.636020E-01   
 8.620808E-01   
 8.605307E-01   
 8.589516E-01   
 8.573437E-01   
 8.557069E-01   
 8.540414E-01   
 8.523473E-01   
 8.506245E-01   
 8.488732E-01   
 8.470934E-01   
 8.452853E-01   
 8.434488E-01   
 8.415841E-01   
 8.396912E-01   
 8.377702E-01   
 8.358212E-01   
 8.338443E-01   
 8.318395E-01   
 8.298069E-01   
 8.277466E-01   
 8.256588E-01   
 8.235434E-01   
 8.214005E-01   
 8.192303E-01   
 8.170328E-01   
 8.148081E-01   
 8.125564E-01   
 8.102776E-01   
 8.079719E-01   
 8.056394E-01   
 8.032801E-01   
 8.008942E-01   
 7.984817E-01   
 7.960428E-01   
 7.935776E-01   
 7.910861E-01   
 7.885684E-01   
 7.860246E-01   
 7.834549E-01   
 7.808593E-01   
 7.782379E-01   
 7.755909E-01   
 7.729183E-01   
 7.702203E-01   
 7.674969E-01   
 7.647483E-01   
 7.619745E-01   
 7.591757E-01   
 7.563520E-01   
 7.535034E-01   
 7.506302E-01   
 7.477323E-01   
 7.448100E-01   
 7.418633E-01   
 7.388923E-01   
 7.358972E-01   
 7.328781E-01   
 7.298350E-01   
 7.267681E-01   
 7.236776E-01   
 7.205634E-01   
 7.174259E-01   
 7.142650E-01   
 7.110808E-01   
 7.078736E-01   
 7.046434E-01   
 7.013904E-01   
 6.981146E-01   
 6.948163E-01   
 6.914954E-01   
 6.881522E-01   
 6.847868E-01   
 6.813992E-01   
 6.779897E-01   
 6.745583E-01   
 6.711052E-01   
 6.676305E-01   
 6.641343E-01   
 6.606168E-01   
 6.570780E-01   
 6.535182E-01   
 6.499374E-01   
 6.463359E-01   
 6.427136E-01   
 6.390708E-01   
 6.354075E-01   
 6.317240E-01   
 6.280203E-01   
 6.242966E-01   
 6.205530E-01   
 6.167897E-01   
 6.130067E-01   
 6.092043E-01   
 6.053825E-01   
 6.015416E-01   
 5.976816E-01   
 5.938026E-01   
 5.899049E-01   
 5.859885E-01   
 5.820537E-01   
 5.781004E-01   
 5.741290E-01   
 5.701394E-01   
 5.661320E-01   
 5.621067E-01   
 5.580638E-01   
 5.540033E-01   
 5.499255E-01   
 5.458305E-01   
 5.417184E-01   
 5.375893E-01   
 5.334435E-01   
 5.292810E-01   
 5.251020E-01   
 5.209066E-01   
 5.166950E-01   
 5.124674E-01   
 5.082239E-01   
 5.039646E-01   
 4.996896E-01   
 4.953992E-01   
 4.910934E-01   
 4.867725E-01   
 4.824365E-01   
 4.780857E-01   
 4.737201E-01   
 4.693399E-01   
 4.649453E-01   
 4.605364E-01   
 4.561134E-01   
 4.516764E-01   
 4.472255E-01   
 4.427609E-01   
 4.382828E-01   
 4.337913E-01   
 4.292866E-01   
 4.247688E-01   
 4.202380E-01   
 4.156945E-01   
 4.111383E-01   
 4.065696E-01   
 4.019886E-01   
 3.973954E-01   
 3.927902E-01   
 3.881731E-01   
 3.835443E-01   
 3.789039E-01   
 3.742521E-01   
 3.695890E-01   
 3.649148E-01   
 3.602296E-01   
 3.555337E-01   
 3.508270E-01   
 3.461099E-01   
 3.413823E-01   
 3.366446E-01   
 3.318968E-01   
 3.271392E-01   
 3.223717E-01   
 3.175947E-01   
 3.128082E-01   
 3.080125E-01   
 3.032076E-01   
 2.983937E-01   
 2.935710E-01   
 2.887396E-01   
 2.838997E-01   
 2.790513E-01   
 2.741948E-01   
 2.693302E-01   
 2.644577E-01   
 2.595773E-01   
 2.546894E-01   
 2.497940E-01   
 2.448913E-01   
 2.399814E-01   
 2.350646E-01   
 2.301408E-01   
 2.252103E-01   
 2.202733E-01   
 2.153299E-01   
 2.103802E-01   
 2.054244E-01   
 2.004627E-01   
 1.954951E-01   
 1.905219E-01   
 1.855432E-01   
 1.805591E-01   
 1.755698E-01   
 1.705755E-01   
 1.655763E-01   
 1.605723E-01   
 1.555636E-01   
 1.505506E-01   
 1.455332E-01   
 1.405116E-01   
 1.354861E-01   
 1.304566E-01   
 1.254235E-01   
 1.203868E-01   
 1.153466E-01   
 1.103032E-01   
 1.052566E-01   
 1.002071E-01   
 9.515474E-02   
 9.009967E-02   
 8.504206E-02   
 7.998205E-02   
 7.491979E-02   
 6.985542E-02   
 6.478908E-02   
 5.972093E-02   
 5.465110E-02   
 4.957974E-02   
 4.450699E-02   
 3.943300E-02   
 3.435791E-02   
 2.928186E-02   
 2.420500E-02   
 1.912747E-02   
 1.404940E-02   
 8.970952E-03   
 3.892254E-03   
-1.186549E-03   
-6.265316E-03   
-1.134391E-02   
-1.642218E-02   
-2.150000E-02   
-2.657722E-02   
-3.165371E-02   
-3.672932E-02   
-4.180392E-02   
-4.687737E-02   
-5.194953E-02   
-5.702027E-02   
-6.208944E-02   
-6.715691E-02   
-7.222254E-02   
-7.728620E-02   
-8.234775E-02   
-8.740705E-02   
-9.246397E-02   
-9.751838E-02   
-1.025701E-01   
-1.076191E-01   
-1.126652E-01   
-1.177082E-01   
-1.227480E-01   
-1.277845E-01   
-1.328176E-01   
-1.378471E-01   
-1.428728E-01   
-1.478948E-01   
-1.529127E-01   
-1.579266E-01   
-1.629362E-01   
-1.679414E-01   
-1.729422E-01   
-1.779383E-01   
-1.829297E-01   
-1.879162E-01   
-1.928978E-01   
-1.978741E-01   
-2.028453E-01   
-2.078110E-01   
-2.127712E-01   
-2.177258E-01   
-2.226746E-01   
-2.276175E-01   
-2.325545E-01   
-2.374853E-01   
-2.424098E-01   
-2.473279E-01   
-2.522396E-01   
-2.571446E-01   
-2.620429E-01   
-2.669342E-01   
-2.718187E-01   
-2.766959E-01   
-2.815660E-01   
-2.864287E-01   
-2.912839E-01   
-2.961316E-01   
-3.009715E-01   
-3.058036E-01   
-3.106278E-01   
-3.154438E-01   
-3.202518E-01   
-3.250514E-01   
-3.298426E-01   
-3.346252E-01   
-3.393993E-01   
-3.441645E-01   
-3.489209E-01   
-3.536683E-01   
-3.584066E-01   
-3.631357E-01   
-3.678555E-01   
-3.725658E-01   
-3.772666E-01   
-3.819577E-01   
-3.866390E-01   
-3.913105E-01   
-3.959719E-01   
-4.006233E-01   
-4.052644E-01   
-4.098952E-01   
-4.145156E-01   
-4.191254E-01   
-4.237246E-01   
-4.283130E-01   
-4.328906E-01   
-4.374572E-01   
-4.420127E-01   
-4.465571E-01   
-4.510901E-01   
-4.556118E-01   
-4.601219E-01   
-4.646205E-01   
-4.691074E-01   
-4.735824E-01   
-4.780456E-01   
-4.824967E-01   
-4.869358E-01   
-4.913626E-01   
-4.957771E-01   
-5.001791E-01   
-5.045687E-01   
-5.089456E-01   
-5.133099E-01   
-5.176613E-01   
-5.219998E-01   
-5.263253E-01   
-5.306376E-01   
-5.349368E-01   
-5.392227E-01   
-5.434951E-01   
-5.477541E-01   
-5.519995E-01   
-5.562312E-01   
-5.604491E-01   
-5.646531E-01   
-5.688431E-01   
-5.730191E-01   
-5.771809E-01   
-5.813285E-01   
-5.854617E-01   
-5.895805E-01   
-5.936848E-01   
-5.977744E-01   
-6.018494E-01   
-6.059095E-01   
-6.099547E-01   
-6.139850E-01   
-6.180002E-01   
-6.220002E-01   
-6.259850E-01   
-6.299544E-01   
-6.339084E-01   
-6.378469E-01   
-6.417698E-01   
-6.456771E-01   
-6.495685E-01   
-6.534441E-01   
-6.573037E-01   
-6.611473E-01   
-6.649748E-01   
-6.687861E-01   
-6.725812E-01   
-6.763598E-01   
-6.801220E-01   
-6.838677E-01   
-6.875968E-01   
-6.913091E-01   
-6.950047E-01   
-6.986834E-01   
-7.023452E-01   
-7.059900E-01   
-7.096176E-01   
-7.132281E-01   
-7.168213E-01   
-7.203972E-01   
-7.239557E-01   
-7.274967E-01   
-7.310201E-01   
-7.345258E-01   
-7.380138E-01   
-7.414840E-01   
-7.449363E-01   
-7.483707E-01   
-7.517870E-01   
-7.551852E-01   
-7.585653E-01   
-7.619270E-01   
-7.652705E-01   
-7.685955E-01   
-7.719020E-01   
-7.751900E-01   
-7.784594E-01   
-7.817101E-01   
-7.849419E-01   
-7.881550E-01   
-7.913491E-01   
-7.945242E-01   
-7.976803E-01   
-8.008173E-01   
-8.039350E-01   
-8.070335E-01   
-8.101126E-01   
-8.131723E-01   
-8.162126E-01   
-8.192333E-01   
-8.222344E-01   
-8.252158E-01   
-8.281775E-01   
-8.311194E-01   
-8.340413E-01   
-8.369433E-01   
-8.398254E-01   
-8.426873E-01   
-8.455291E-01   
-8.483507E-01   
-8.511520E-01   
-8.539329E-01   
-8.566935E-01   
-8.594336E-01   
-8.621532E-01   
-8.648521E-01   
-8.675305E-01   
-8.701881E-01   
-8.728249E-01   
-8.754409E-01   
-8.780360E-01   
-8.806101E-01   
-8.831632E-01   
-8.856953E-01   
-8.882062E-01   
-8.906958E-01   
-8.931643E-01   
-8.956114E-01   
-8.980371E-01   
-9.004414E-01   
-9.028242E-01   
-9.051854E-01   
-9.075251E-01   
-9.098431E-01   
-9.121393E-01   
-9.144138E-01   
-9.166665E-01   
-9.188972E-01   
-9.211060E-01   
-9.232929E-01   
-9.254576E-01   
-9.276003E-01   
-9.297208E-01   
-9.318191E-01   
-9.338951E-01   
-9.359488E-01   
-9.379802E-01   
-9.399891E-01   
-9.419756E-01   
-9.439395E-01   
-9.458808E-01   
-9.477996E-01   
-9.496956E-01   
-9.515689E-01   
-9.534195E-01   
-9.552472E-01   
-9.570520E-01   
-9.588340E-01   
-9.605929E-01   
-9.623289E-01   
-9.640418E-01   
-9.657315E-01   
-9.673981E-01   
-9.690415E-01   
-9.706617E-01   
-9.722585E-01   
-9.738320E-01   
-9.753822E-01   
-9.769089E-01   
-9.784121E-01   
-9.798918E-01   
-9.813479E-01   
-9.827805E-01   
-9.841894E-01   
-9.855746E-01   
-9.869360E-01   
-9.882737E-01   
-9.895876E-01   
-9.908776E-01   
-9.921438E-01   
-9.933860E-01   
-9.946042E-01   
-9.957984E-01   
-9.969685E-01   
-9.981146E-01   
-9.992365E-01   
-1.000334E+00   
-1.001408E+00   
-1.002457E+00   
-1.003482E+00   
-1.004483E+00   
-1.005459E+00   
-1.006411E+00   
-1.007339E+00   
-1.008242E+00   
-1.009120E+00   
-1.009974E+00   
-1.010804E+00   
-1.011609E+00   
-1.012389E+00   
-1.013145E+00   
-1.013876E+00   
-1.014582E+00   
-1.015263E+00   
-1.015920E+00   
-1.016552E+00   
-1.017159E+00   
-1.017741E+00   
-1.018298E+00   
-1.018831E+00   
-1.019338E+00   
-1.019820E+00   
-1.020278E+00   
-1.020710E+00   
-1.021117E+00   
-1.021500E+00   
-1.021857E+00   
-1.022189E+00   
-1.022495E+00   
-1.022777E+00   
-1.023033E+00   
-1.023264E+00   
-1.023470E+00   
-1.023651E+00   
-1.023806E+00   
-1.023936E+00   
-1.024040E+00   
-1.024119E+00   
-1.024173E+00   
-1.024202E+00   
-1.024204E+00   
-1.024182E+00   
-1.024134E+00   
-1.024061E+00   
-1.023962E+00   
-1.023837E+00   
-1.023687E+00   
-1.023511E+00   
-1.023310E+00   
-1.023084E+00   
-1.022831E+00   
-1.022553E+00   
-1.022250E+00   
-1.021921E+00   
-1.021566E+00   
-1.021185E+00   
-1.020779E+00   
-1.020347E+00   
-1.019889E+00   
-1.019406E+00   
-1.018897E+00   
-1.018362E+00   
-1.017802E+00   
-1.017216E+00   
-1.016604E+00   
-1.015966E+00   
-1.015303E+00   
-1.014614E+00   
-1.013899E+00   
-1.013158E+00   
-1.012391E+00   
-1.011599E+00   
-1.010781E+00   
-1.009937E+00   
-1.009067E+00   
-1.008172E+00   
-1.007250E+00   
-1.006303E+00   
-1.005330E+00   
-1.004332E+00   
-1.003307E+00   
-1.002257E+00   
-1.001181E+00   
-1.000079E+00   
-9.989516E-01   
-9.977983E-01   
-9.966191E-01   
-9.954142E-01   
-9.941836E-01   
-9.929272E-01   
-9.916450E-01   
-9.903372E-01   
-9.890036E-01   
-9.876442E-01   
-9.862592E-01   
-9.848485E-01   
-9.834121E-01   
-9.819500E-01   
-9.804623E-01   
-9.789489E-01   
-9.774099E-01   
-9.758453E-01   
-9.742550E-01   
-9.726392E-01   
-9.709978E-01   
-9.693309E-01   
-9.676384E-01   
-9.659204E-01   
-9.641769E-01   
-9.624079E-01   
-9.606134E-01   
-9.587936E-01   
-9.569483E-01   
-9.550776E-01   
-9.531815E-01   
-9.512601E-01   
-9.493134E-01   
-9.473414E-01   
-9.453441E-01   
-9.433215E-01   
-9.412738E-01   
-9.392008E-01   
-9.371027E-01   
-9.349794E-01   
-9.328311E-01   
-9.306577E-01   
-9.284592E-01   
-9.262358E-01   
-9.239873E-01   
-9.217139E-01   
-9.194157E-01   
-9.170925E-01   
-9.147445E-01   
-9.123717E-01   
-9.099741E-01   
-9.075519E-01   
-9.051049E-01   
-9.026333E-01   
-9.001371E-01   
-8.976163E-01   
-8.950710E-01   
-8.925012E-01   
-8.899070E-01   
-8.872884E-01   
-8.846455E-01   
-8.819782E-01   
-8.792867E-01   
-8.765710E-01   
-8.738311E-01   
-8.710671E-01   
-8.682791E-01   
-8.654670E-01   
-8.626310E-01   
-8.597711E-01   
-8.568873E-01   
-8.539797E-01   
-8.510484E-01   
-8.480933E-01   
-8.451147E-01   
-8.421124E-01   
-8.390867E-01   
-8.360374E-01   
-8.329648E-01   
-8.298688E-01   
-8.267496E-01   
-8.236071E-01   
-8.204415E-01   
-8.172527E-01   
-8.140409E-01   
-8.108062E-01   
-8.075486E-01   
-8.042681E-01   
-8.009648E-01   
-7.976389E-01   
-7.942903E-01   
-7.909192E-01   
-7.875255E-01   
-7.841095E-01   
-7.806711E-01   
-7.772104E-01   
-7.737275E-01   
-7.702225E-01   
-7.666955E-01   
-7.631464E-01   
-7.595755E-01   
-7.559828E-01   
-7.523683E-01   
-7.487322E-01   
-7.450744E-01   
-7.413952E-01   
-7.376946E-01   
-7.339726E-01   
-7.302294E-01   
-7.264651E-01   
-7.226796E-01   
-7.188732E-01   
-7.150459E-01   
-7.111977E-01   
-7.073288E-01   
-7.034393E-01   
-6.995293E-01   
-6.955988E-01   
-6.916479E-01   
-6.876768E-01   
-6.836855E-01   
-6.796741E-01   
-6.756427E-01   
-6.715915E-01   
-6.675205E-01   
-6.634297E-01   
-6.593194E-01   
-6.551896E-01   
-6.510405E-01   
-6.468720E-01   
-6.426844E-01   
-6.384777E-01   
-6.342520E-01   
-6.300074E-01   
-6.257441E-01   
-6.214621E-01   
-6.171616E-01   
-6.128426E-01   
-6.085053E-01   
-6.041498E-01   
-5.997762E-01   
-5.953846E-01   
-5.909751E-01   
-5.865479E-01   
-5.821030E-01   
-5.776405E-01   
-5.731607E-01   
-5.686635E-01   
-5.641491E-01   
-5.596177E-01   
-5.550693E-01   
-5.505041E-01   
-5.459222E-01   
-5.413238E-01   
-5.367088E-01   
-5.320775E-01   
-5.274300E-01   
-5.227665E-01   
-5.180869E-01   
-5.133915E-01   
-5.086805E-01   
-5.039538E-01   
-4.992117E-01   
-4.944543E-01   
-4.896817E-01   
-4.848940E-01   
-4.800914E-01   
-4.752740E-01   
-4.704420E-01   
-4.655954E-01   
-4.607345E-01   
-4.558593E-01   
-4.509700E-01   
-4.460667E-01   
-4.411496E-01   
-4.362188E-01   
-4.312745E-01   
-4.263167E-01   
-4.213456E-01   
-4.163615E-01   
-4.113643E-01   
-4.063543E-01   
-4.013316E-01   
-3.962963E-01   
-3.912487E-01   
-3.861888E-01   
-3.811167E-01   
-3.760327E-01   
-3.709369E-01   
-3.658294E-01   
-3.607104E-01   
-3.555801E-01   
-3.504385E-01   
-3.452858E-01   
-3.401223E-01   
-3.349480E-01   
-3.297631E-01   
-3.245678E-01   
-3.193621E-01   
-3.141464E-01   
-3.089206E-01   
-3.036850E-01   
-2.984398E-01   
-2.931851E-01   
-2.879210E-01   
-2.826478E-01   
-2.773655E-01   
-2.720744E-01   
-2.667745E-01   
-2.614662E-01   
-2.561494E-01   
-2.508245E-01   
-2.454915E-01   
-2.401506E-01   
-2.348020E-01   
-2.294459E-01   
-2.240824E-01   
-2.187116E-01   
-2.133338E-01   
-2.079492E-01   
-2.025578E-01   
-1.971598E-01   
-1.917555E-01   
-1.863450E-01   
-1.809285E-01   
-1.755061E-01   
-1.700780E-01   
-1.646444E-01   
-1.592054E-01   
-1.537613E-01   
-1.483121E-01   
-1.428582E-01   
-1.373995E-01   
-1.319364E-01   
-1.264690E-01   
-1.209975E-01   
-1.155220E-01   
-1.100427E-01   
-1.045599E-01   
-9.907357E-02   
-9.358403E-02   
-8.809143E-02   
-8.259593E-02   
-7.709772E-02   
-7.159698E-02   
-6.609388E-02   
-6.058861E-02   
-5.508134E-02   
-4.957225E-02   
-4.406153E-02   
-3.854935E-02   
-3.303590E-02   
-2.752135E-02   
-2.200590E-02   
-1.648971E-02   
-1.097297E-02   
-5.455866E-03   
 6.142199E-05   
 5.578712E-03   
 1.109582E-02   
 1.661257E-02   
 2.212877E-02   
 2.764424E-02   
 3.315879E-02   
 3.867225E-02   
 4.418443E-02   
 4.969514E-02   
 5.520421E-02   
 6.071144E-02   
 6.621665E-02   
 7.171966E-02   
 7.722029E-02   
 8.271834E-02   
 8.821364E-02   
 9.370600E-02   
 9.919523E-02   
 1.046812E-01   
 1.101636E-01   
 1.156423E-01   
 1.211172E-01   
 1.265880E-01   
 1.320546E-01   
 1.375168E-01   
 1.429744E-01   
 1.484272E-01   
 1.538750E-01   
 1.593176E-01   
 1.647549E-01   
 1.701867E-01   
 1.756127E-01   
 1.810329E-01   
 1.864469E-01   
 1.918547E-01   
 1.972561E-01   
 2.026508E-01   
 2.080387E-01   
 2.134196E-01   
 2.187932E-01   
 2.241596E-01   
 2.295183E-01   
 2.348693E-01   
 2.402124E-01   
 2.455474E-01   
 2.508741E-01   
 2.561923E-01   
 2.615019E-01   
 2.668026E-01   
 2.720943E-01   
 2.773768E-01   
 2.826499E-01   
 2.879135E-01   
 2.931673E-01   
 2.984112E-01   
 3.036449E-01   
 3.088684E-01   
 3.140815E-01   
 3.192838E-01   
 3.244754E-01   
 3.296559E-01   
 3.348253E-01   
 3.399833E-01   
 3.451298E-01   
 3.502645E-01   
 3.553874E-01   
 3.604981E-01   
 3.655967E-01   
 3.706828E-01   
 3.757563E-01   
 3.808171E-01   
 3.858649E-01   
 3.908996E-01   
 3.959209E-01   
 4.009289E-01   
 4.059231E-01   
 4.109036E-01   
 4.158701E-01   
 4.208224E-01   
 4.257604E-01   
 4.306839E-01   
 4.355928E-01   
 4.404868E-01   
 4.453658E-01   
 4.502296E-01   
 4.550781E-01   
 4.599111E-01   
 4.647285E-01   
 4.695299E-01   
 4.743154E-01   
 4.790847E-01   
 4.838377E-01   
 4.885742E-01   
 4.932941E-01   
 4.979971E-01   
 5.026831E-01   
 5.073521E-01   
 5.120037E-01   
 5.166378E-01   
 5.212543E-01   
 5.258531E-01   
 5.304339E-01   
 5.349967E-01   
 5.395412E-01   
 5.440673E-01   
 5.485748E-01   
 5.530636E-01   
 5.575336E-01   
 5.619846E-01   
 5.664164E-01   
 5.708289E-01   
 5.752219E-01   
 5.795953E-01   
 5.839490E-01   
 5.882827E-01   
 5.925964E-01   
 5.968899E-01   
 6.011631E-01   
 6.054157E-01   
 6.096478E-01   
 6.138590E-01   
 6.180494E-01   
 6.222186E-01   
 6.263667E-01   
 6.304935E-01   
 6.345988E-01   
 6.386825E-01   
 6.427444E-01   
 6.467844E-01   
 6.508025E-01   
 6.547984E-01   
 6.587720E-01   
 6.627232E-01   
 6.666518E-01   
 6.705578E-01   
 6.744409E-01   
 6.783012E-01   
 6.821384E-01   
 6.859524E-01   
 6.897431E-01   
 6.935103E-01   
 6.972540E-01   
 7.009740E-01   
 7.046703E-01   
 7.083426E-01   
 7.119909E-01   
 7.156150E-01   
 7.192148E-01   
 7.227903E-01   
 7.263412E-01   
 7.298676E-01   
 7.333692E-01   
 7.368459E-01   
 7.402977E-01   
 7.437245E-01   
 7.471261E-01   
 7.505024E-01   
 7.538533E-01   
 7.571787E-01   
 7.604785E-01   
 7.637526E-01   
 7.670010E-01   
 7.702234E-01   
 7.734198E-01   
 7.765901E-01   
 7.797342E-01   
 7.828521E-01   
 7.859435E-01   
 7.890084E-01   
 7.920468E-01   
 7.950585E-01   
 7.980434E-01   
 8.010015E-01   
 8.039326E-01   
 8.068367E-01   
 8.097137E-01   
 8.125635E-01   
 8.153860E-01   
 8.181811E-01   
 8.209487E-01   
 8.236889E-01   
 8.264014E-01   
 8.290862E-01   
 8.317432E-01   
 8.343724E-01   
 8.369737E-01   
 8.395470E-01   
 8.420922E-01   
 8.446093E-01   
 8.470981E-01   
 8.495587E-01   
 8.519910E-01   
 8.543948E-01   
 8.567701E-01   
 8.591169E-01   
 8.614350E-01   
 8.637245E-01   
 8.659853E-01   
 8.682173E-01   
 8.704204E-01   
 8.725946E-01   
 8.747398E-01   
 8.768560E-01   
 8.789432E-01   
 8.810012E-01   
 8.830300E-01   
 8.850296E-01   
 8.869999E-01   
 8.889409E-01   
 8.908525E-01   
 8.927346E-01   
 8.945873E-01   
 8.964105E-01   
 8.982042E-01   
 8.999682E-01   
 9.017027E-01   
 9.034074E-01   
 9.050824E-01   
 9.067277E-01   
 9.083432E-01   
 9.099289E-01   
 9.114848E-01   
 9.130107E-01   
 9.145068E-01   
 9.159729E-01   
 9.174090E-01   
 9.188152E-01   
 9.201913E-01   
 9.215374E-01   
 9.228534E-01   
 9.241393E-01   
 9.253951E-01   
 9.266208E-01   
 9.278164E-01   
 9.289817E-01   
 9.301169E-01   
 9.312219E-01   
 9.322967E-01   
 9.333412E-01   
 9.343556E-01   
 9.353396E-01   
 9.362934E-01   
 9.372170E-01   
 9.381103E-01   
 9.389733E-01   
 9.398060E-01   
 9.406084E-01   
 9.413806E-01   
 9.421224E-01   
 9.428340E-01   
 9.435153E-01   
 9.441663E-01   
 9.447870E-01   
 9.453774E-01   
 9.459376E-01   
 9.464674E-01   
 9.469671E-01   
 9.474364E-01   
 9.478756E-01   
 9.482845E-01   
 9.486632E-01   
 9.490117E-01   
 9.493300E-01   
 9.496181E-01   
 9.498761E-01   
 9.501039E-01   
 9.503016E-01   
 9.504692E-01   
 9.506067E-01   
 9.507141E-01   
 9.507916E-01   
 9.508390E-01   
 9.508564E-01   
 9.508438E-01   
 9.508014E-01   
 9.507290E-01   
 9.506267E-01   
 9.504946E-01   
 9.503326E-01   
 9.501409E-01   
 9.499195E-01   
 9.496683E-01   
 9.493874E-01   
 9.490769E-01   
 9.487368E-01   
 9.483671E-01   
 9.479678E-01   
 9.475391E-01   
 9.470809E-01   
 9.465934E-01   
 9.460764E-01   
 9.455301E-01   
 9.449546E-01   
 9.443498E-01   
 9.437159E-01   
 9.430528E-01   
 9.423606E-01   
 9.416394E-01   
 9.408892E-01   
 9.401100E-01   
 9.393020E-01   
 9.384651E-01   
 9.375995E-01   
 9.367051E-01   
 9.357821E-01   
 9.348305E-01   
 9.338503E-01   
 9.328416E-01   
 9.318045E-01   
 9.307391E-01   
 9.296453E-01   
 9.285232E-01   
 9.273730E-01   
 9.261947E-01   
 9.249883E-01   
 9.237539E-01   
 9.224915E-01   
 9.212013E-01   
 9.198834E-01   
 9.185377E-01   
 9.171643E-01   
 9.157634E-01   
 9.143349E-01   
 9.128790E-01   
 9.113957E-01   
 9.098852E-01   
 9.083474E-01   
 9.067825E-01   
 9.051904E-01   
 9.035714E-01   
 9.019255E-01   
 9.002528E-01   
 8.985532E-01   
 8.968270E-01   
 8.950742E-01   
 8.932949E-01   
 8.914891E-01   
 8.896570E-01   
 8.877985E-01   
 8.859139E-01   
 8.840032E-01   
 8.820665E-01   
 8.801038E-01   
 8.781152E-01   
 8.761009E-01   
 8.740609E-01   
 8.719953E-01   
 8.699042E-01   
 8.677877E-01   
 8.656458E-01   
 8.634788E-01   
 8.612865E-01   
 8.590693E-01   
 8.568270E-01   
 8.545599E-01   
 8.522680E-01   
 8.499514E-01   
 8.476103E-01   
 8.452446E-01   
 8.428546E-01   
 8.404402E-01   
 8.380016E-01   
 8.355390E-01   
 8.330523E-01   
 8.305417E-01   
 8.280073E-01   
 8.254492E-01   
 8.228674E-01   
 8.202621E-01   
 8.176335E-01   
 8.149815E-01   
 8.123063E-01   
 8.096080E-01   
 8.068866E-01   
 8.041424E-01   
 8.013754E-01   
 7.985857E-01   
 7.957733E-01   
 7.929385E-01   
 7.900813E-01   
 7.872019E-01   
 7.843002E-01   
 7.813765E-01   
 7.784308E-01   
 7.754633E-01   
 7.724740E-01   
 7.694631E-01   
 7.664307E-01   
 7.633769E-01   
 7.603017E-01   
 7.572053E-01   
 7.540879E-01   
 7.509494E-01   
 7.477901E-01   
 7.446101E-01   
 7.414094E-01   
 7.381881E-01   
 7.349465E-01   
 7.316845E-01   
 7.284023E-01   
 7.251000E-01   
 7.217778E-01   
 7.184357E-01   
 7.150739E-01   
 7.116924E-01   
 7.082914E-01   
 7.048710E-01   
 7.014313E-01   
 6.979725E-01   
 6.944946E-01   
 6.909977E-01   
 6.874820E-01   
 6.839477E-01   
 6.803947E-01   
 6.768232E-01   
 6.732334E-01   
 6.696254E-01   
 6.659992E-01   
 6.623550E-01   
 6.586930E-01   
 6.550131E-01   
 6.513156E-01   
 6.476006E-01   
 6.438682E-01   
 6.401184E-01   
 6.363515E-01   
 6.325676E-01   
 6.287667E-01   
 6.249490E-01   
 6.211145E-01   
 6.172635E-01   
 6.133961E-01   
 6.095123E-01   
 6.056123E-01   
 6.016962E-01   
 5.977641E-01   
 5.938162E-01   
 5.898525E-01   
 5.858733E-01   
 5.818785E-01   
 5.778684E-01   
 5.738430E-01   
 5.698025E-01   
 5.657470E-01   
 5.616766E-01   
 5.575915E-01   
 5.534917E-01   
 5.493774E-01   
 5.452487E-01   
 5.411058E-01   
 5.369486E-01   
 5.327775E-01   
 5.285925E-01   
 5.243937E-01   
 5.201812E-01   
 5.159552E-01   
 5.117158E-01   
 5.074632E-01   
 5.031973E-01   
 4.989184E-01   
 4.946266E-01   
 4.903220E-01   
 4.860048E-01   
 4.816749E-01   
 4.773327E-01   
 4.729782E-01   
 4.686115E-01   
 4.642327E-01   
 4.598421E-01   
 4.554396E-01   
 4.510254E-01   
 4.465997E-01   
 4.421626E-01   
 4.377141E-01   
 4.332545E-01   
 4.287838E-01   
 4.243021E-01   
 4.198097E-01   
 4.153066E-01   
 4.107929E-01   
 4.062688E-01   
 4.017343E-01   
 3.971897E-01   
 3.926350E-01   
 3.880703E-01   
 3.834959E-01   
 3.789117E-01   
 3.743180E-01   
 3.697148E-01   
 3.651024E-01   
 3.604807E-01   
 3.558499E-01   
 3.512102E-01   
 3.465616E-01   
 3.419044E-01   
 3.372386E-01   
 3.325643E-01   
 3.278817E-01   
 3.231909E-01   
 3.184920E-01   
 3.137851E-01   
 3.090704E-01   
 3.043480E-01   
 2.996181E-01   
 2.948806E-01   
 2.901358E-01   
 2.853838E-01   
 2.806247E-01   
 2.758586E-01   
 2.710857E-01   
 2.663061E-01   
 2.615198E-01   
 2.567271E-01   
 2.519280E-01   
 2.471227E-01   
 2.423113E-01   
 2.374939E-01   
 2.326706E-01   
 2.278416E-01   
 2.230070E-01   
 2.181669E-01   
 2.133214E-01   
 2.084707E-01   
 2.036149E-01   
 1.987540E-01   
 1.938883E-01   
 1.890178E-01   
 1.841427E-01   
 1.792631E-01   
 1.743791E-01   
 1.694908E-01   
 1.645983E-01   
 1.597019E-01   
 1.548015E-01   
 1.498974E-01   
 1.449896E-01   
 1.400783E-01   
 1.351635E-01   
 1.302455E-01   
 1.253243E-01   
 1.204000E-01   
 1.154728E-01   
 1.105428E-01   
 1.056101E-01   
 1.006749E-01   
 9.573721E-02   
 9.079720E-02   
 8.585498E-02   
 8.091069E-02   
 7.596444E-02   
 7.101635E-02   
 6.606654E-02   
 6.111513E-02   
 5.616225E-02   
 5.120800E-02   
 4.625252E-02   
 4.129593E-02   
 3.633834E-02   
 3.137987E-02   
 2.642064E-02   
 2.146078E-02   
 1.650040E-02   
 1.153962E-02   
 6.578567E-03   
 1.617354E-03   
-3.343897E-03   
-8.305067E-03   
-1.326604E-02   
-1.822669E-02   
-2.318690E-02   
-2.814656E-02   
-3.310554E-02   
-3.806372E-02   
-4.302099E-02   
-4.797723E-02   
-5.293232E-02   
-5.788613E-02   
-6.283856E-02   
-6.778948E-02   
-7.273878E-02   
-7.768633E-02   
-8.263203E-02   
-8.757574E-02   
-9.251736E-02   
-9.745676E-02   
-1.023938E-01   
-1.073285E-01   
-1.122605E-01   
-1.171899E-01   
-1.221164E-01   
-1.270401E-01   
-1.319607E-01   
-1.368781E-01   
-1.417923E-01   
-1.467031E-01   
-1.516104E-01   
-1.565141E-01   
-1.614140E-01   
-1.663101E-01   
-1.712022E-01   
-1.760902E-01   
-1.809740E-01   
-1.858535E-01   
-1.907285E-01   
-1.955990E-01   
-2.004648E-01   
-2.053259E-01   
-2.101820E-01   
-2.150331E-01   
-2.198791E-01   
-2.247199E-01   
-2.295552E-01   
-2.343851E-01   
-2.392094E-01   
-2.440280E-01   
-2.488408E-01   
-2.536476E-01   
-2.584484E-01   
-2.632430E-01   
-2.680313E-01   
-2.728132E-01   
-2.775886E-01   
-2.823574E-01   
-2.871195E-01   
-2.918746E-01   
-2.966228E-01   
-3.013639E-01   
-3.060979E-01   
-3.108245E-01   
-3.155436E-01   
-3.202553E-01   
-3.249592E-01   
-3.296554E-01   
-3.343438E-01   
-3.390241E-01   
-3.436963E-01   
-3.483603E-01   
-3.530160E-01   
-3.576632E-01   
-3.623018E-01   
-3.669318E-01   
-3.715529E-01   
-3.761652E-01   
-3.807685E-01   
-3.853626E-01   
-3.899475E-01   
-3.945230E-01   
-3.990891E-01   
-4.036456E-01   
-4.081924E-01   
-4.127294E-01   
-4.172565E-01   
-4.217736E-01   
-4.262805E-01   
-4.307772E-01   
-4.352635E-01   
-4.397394E-01   
-4.442047E-01   
-4.486592E-01   
-4.531030E-01   
-4.575359E-01   
-4.619577E-01   
-4.663684E-01   
-4.707678E-01   
-4.751559E-01   
-4.795325E-01   
-4.838975E-01   
-4.882509E-01   
-4.925924E-01   
-4.969220E-01   
-5.012396E-01   
-5.055451E-01   
-5.098383E-01   
-5.141192E-01   
-5.183876E-01   
-5.226435E-01   
-5.268866E-01   
-5.311170E-01   
-5.353345E-01   
-5.395389E-01   
-5.437303E-01   
-5.479084E-01   
-5.520732E-01   
-5.562246E-01   
-5.603624E-01   
-5.644865E-01   
-5.685969E-01   
-5.726934E-01   
-5.767759E-01   
-5.808443E-01   
-5.848985E-01   
-5.889384E-01   
-5.929639E-01   
-5.969749E-01   
-6.009712E-01   
-6.049528E-01   
-6.089196E-01   
-6.128714E-01   
-6.168082E-01   
-6.207298E-01   
-6.246361E-01   
-6.285271E-01   
-6.324025E-01   
-6.362624E-01   
-6.401066E-01   
-6.439350E-01   
-6.477475E-01   
-6.515440E-01   
-6.553244E-01   
-6.590885E-01   
-6.628363E-01   
-6.665677E-01   
-6.702826E-01   
-6.739808E-01   
-6.776623E-01   
-6.813269E-01   
-6.849746E-01   
-6.886053E-01   
-6.922187E-01   
-6.958150E-01   
-6.993938E-01   
-7.029552E-01   
-7.064990E-01   
-7.100252E-01   
-7.135336E-01   
-7.170241E-01   
-7.204966E-01   
-7.239511E-01   
-7.273874E-01   
-7.308053E-01   
-7.342050E-01   
-7.375861E-01   
-7.409486E-01   
-7.442925E-01   
-7.476176E-01   
-7.509238E-01   
-7.542110E-01   
-7.574791E-01   
-7.607281E-01   
-7.639578E-01   
-7.671680E-01   
-7.703589E-01   
-7.735301E-01   
-7.766817E-01   
-7.798134E-01   
-7.829254E-01   
-7.860173E-01   
-7.890892E-01   
-7.921409E-01   
-7.951724E-01   
-7.981835E-01   
-8.011742E-01   
-8.041443E-01   
-8.070938E-01   
-8.100225E-01   
-8.129305E-01   
-8.158174E-01   
-8.186834E-01   
-8.215283E-01   
-8.243519E-01   
-8.271543E-01   
-8.299352E-01   
-8.326947E-01   
-8.354326E-01   
-8.381488E-01   
-8.408433E-01   
-8.435159E-01   
-8.461666E-01   
-8.487952E-01   
-8.514017E-01   
-8.539860E-01   
-8.565480E-01   
-8.590876E-01   
-8.616047E-01   
-8.640993E-01   
-8.665712E-01   
-8.690203E-01   
-8.714466E-01   
-8.738500E-01   
-8.762303E-01   
-8.785876E-01   
-8.809217E-01   
-8.832325E-01   
-8.855200E-01   
-8.877840E-01   
-8.900245E-01   
-8.922414E-01   
-8.944346E-01   
-8.966041E-01   
-8.987496E-01   
-9.008713E-01   
-9.029689E-01   
-9.050424E-01   
-9.070918E-01   
-9.091169E-01   
-9.111176E-01   
-9.130939E-01   
-9.150457E-01   
-9.169730E-01   
-9.188756E-01   
-9.207534E-01   
-9.226064E-01   
-9.244346E-01   
-9.262377E-01   
-9.280159E-01   
-9.297689E-01   
-9.314967E-01   
-9.331992E-01   
-9.348765E-01   
-9.365282E-01   
-9.381546E-01   
-9.397553E-01   
-9.413304E-01   
-9.428798E-01   
-9.444035E-01   
-9.459013E-01   
-9.473732E-01   
-9.488191E-01   
-9.502390E-01   
-9.516327E-01   
-9.530003E-01   
-9.543416E-01   
-9.556565E-01   
-9.569452E-01   
-9.582073E-01   
-9.594430E-01   
-9.606520E-01   
-9.618345E-01   
-9.629902E-01   
-9.641192E-01   
-9.652213E-01   
-9.662966E-01   
-9.673449E-01   
-9.683662E-01   
-9.693604E-01   
-9.703275E-01   
-9.712675E-01   
-9.721802E-01   
-9.730656E-01   
-9.739237E-01   
-9.747543E-01   
-9.755575E-01   
-9.763332E-01   
-9.770814E-01   
-9.778019E-01   
-9.784948E-01   
-9.791599E-01   
-9.797973E-01   
-9.804068E-01   
-9.809885E-01   
-9.815423E-01   
-9.820682E-01   
-9.825660E-01   
-9.830358E-01   
-9.834774E-01   
-9.838910E-01   
-9.842763E-01   
-9.846335E-01   
-9.849623E-01   
-9.852629E-01   
-9.855351E-01   
-9.857790E-01   
-9.859944E-01   
-9.861813E-01   
-9.863398E-01   
-9.864697E-01   
-9.865710E-01   
-9.866437E-01   
-9.866878E-01   
-9.867033E-01   
-9.866900E-01   
-9.866480E-01   
-9.865772E-01   
-9.864776E-01   
-9.863492E-01   
-9.861919E-01   
-9.860058E-01   
-9.857908E-01   
-9.855468E-01   
-9.852739E-01   
-9.849720E-01   
-9.846411E-01   
-9.842812E-01   
-9.838922E-01   
-9.834742E-01   
-9.830271E-01   
-9.825509E-01   
-9.820455E-01   
-9.815111E-01   
-9.809475E-01   
-9.803547E-01   
-9.797328E-01   
-9.790816E-01   
-9.784013E-01   
-9.776917E-01   
-9.769530E-01   
-9.761850E-01   
-9.753877E-01   
-9.745612E-01   
-9.737055E-01   
-9.728205E-01   
-9.719063E-01   
-9.709628E-01   
-9.699900E-01   
-9.689879E-01   
-9.679566E-01   
-9.668961E-01   
-9.658062E-01   
-9.646871E-01   
-9.635388E-01   
-9.623612E-01   
-9.611543E-01   
-9.599182E-01   
-9.586529E-01   
-9.573584E-01   
-9.560347E-01   
-9.546817E-01   
-9.532996E-01   
-9.518883E-01   
-9.504478E-01   
-9.489782E-01   
-9.474795E-01   
-9.459516E-01   
-9.443947E-01   
-9.428086E-01   
-9.411936E-01   
-9.395495E-01   
-9.378763E-01   
-9.361743E-01   
-9.344432E-01   
-9.326832E-01   
-9.308943E-01   
-9.290765E-01   
-9.272299E-01   
-9.253544E-01   
-9.234502E-01   
-9.215172E-01   
-9.195555E-01   
-9.175651E-01   
-9.155460E-01   
-9.134983E-01   
-9.114220E-01   
-9.093172E-01   
-9.071839E-01   
-9.050222E-01   
-9.028320E-01   
-9.006134E-01   
-8.983665E-01   
-8.960914E-01   
-8.937879E-01   
-8.914563E-01   
-8.890966E-01   
-8.867088E-01   
-8.842929E-01   
-8.818490E-01   
-8.793772E-01   
-8.768775E-01   
-8.743500E-01   
-8.717947E-01   
-8.692118E-01   
-8.666011E-01   
-8.639629E-01   
-8.612971E-01   
-8.586039E-01   
-8.558832E-01   
-8.531352E-01   
-8.503600E-01   
-8.475575E-01   
-8.447279E-01   
-8.418712E-01   
-8.389875E-01   
-8.360769E-01   
-8.331394E-01   
-8.301751E-01   
-8.271841E-01   
-8.241665E-01   
-8.211223E-01   
-8.180516E-01   
-8.149546E-01   
-8.118312E-01   
-8.086815E-01   
-8.055057E-01   
-8.023039E-01   
-7.990760E-01   
-7.958222E-01   
-7.925426E-01   
-7.892373E-01   
-7.859063E-01   
-7.825498E-01   
-7.791678E-01   
-7.757604E-01   
-7.723278E-01   
-7.688700E-01   
-7.653870E-01   
-7.618791E-01   
-7.583463E-01   
-7.547887E-01   
-7.512065E-01   
-7.475996E-01   
-7.439682E-01   
-7.403124E-01   
-7.366324E-01   
-7.329281E-01   
-7.291998E-01   
-7.254476E-01   
-7.216714E-01   
-7.178715E-01   
-7.140480E-01   
-7.102010E-01   
-7.063305E-01   
-7.024367E-01   
-6.985198E-01   
-6.945797E-01   
-6.906167E-01   
-6.866309E-01   
-6.826224E-01   
-6.785912E-01   
-6.745376E-01   
-6.704616E-01   
-6.663634E-01   
-6.622431E-01   
-6.581008E-01   
-6.539366E-01   
-6.497507E-01   
-6.455432E-01   
-6.413142E-01   
-6.370639E-01   
-6.327923E-01   
-6.284997E-01   
-6.241861E-01   
-6.198517E-01   
-6.154966E-01   
-6.111209E-01   
-6.067248E-01   
-6.023085E-01   
-5.978720E-01   
-5.934155E-01   
-5.889392E-01   
-5.844431E-01   
-5.799275E-01   
-5.753924E-01   
-5.708381E-01   
-5.662645E-01   
-5.616720E-01   
-5.570607E-01   
-5.524306E-01   
-5.477819E-01   
-5.431149E-01   
-5.384296E-01   
-5.337261E-01   
-5.290047E-01   
-5.242655E-01   
-5.195087E-01   
-5.147343E-01   
-5.099426E-01   
-5.051337E-01   
-5.003078E-01   
-4.954650E-01   
-4.906054E-01   
-4.857293E-01   
-4.808368E-01   
-4.759281E-01   
-4.710032E-01   
-4.660625E-01   
-4.611059E-01   
-4.561338E-01   
-4.511463E-01   
-4.461434E-01   
-4.411255E-01   
-4.360926E-01   
-4.310450E-01   
-4.259828E-01   
-4.209061E-01   
-4.158151E-01   
-4.107100E-01   
-4.055911E-01   
-4.004583E-01   
-3.953120E-01   
-3.901522E-01   
-3.849792E-01   
-3.797931E-01   
-3.745941E-01   
-3.693824E-01   
-3.641582E-01   
-3.589215E-01   
-3.536727E-01   
-3.484118E-01   
-3.431391E-01   
-3.378547E-01   
-3.325588E-01   
-3.272516E-01   
-3.219333E-01   
-3.166040E-01   
-3.112640E-01   
-3.059133E-01   
-3.005522E-01   
-2.951809E-01   
-2.897995E-01   
-2.844083E-01   
-2.790074E-01   
-2.735969E-01   
-2.681772E-01   
-2.627483E-01   
-2.573104E-01   
-2.518638E-01   
-2.464086E-01   
-2.409450E-01   
-2.354732E-01   
-2.299934E-01   
-2.245057E-01   
-2.190103E-01   
-2.135075E-01   
-2.079974E-01   
-2.024803E-01   
-1.969562E-01   
-1.914254E-01   
-1.858881E-01   
-1.803444E-01   
-1.747946E-01   
-1.692388E-01   
-1.636772E-01   
-1.581101E-01   
-1.525376E-01   
-1.469599E-01   
-1.413771E-01   
-1.357896E-01   
-1.301974E-01   
-1.246008E-01   
-1.189999E-01   
-1.133950E-01   
-1.077862E-01   
-1.021737E-01   
-9.655777E-02   
-9.093854E-02   
-8.531620E-02   
-7.969096E-02   
-7.406300E-02   
-6.843253E-02   
-6.279972E-02   
-5.716477E-02   
-5.152788E-02   
-4.588924E-02   
-4.024903E-02   
-3.460745E-02   
-2.896470E-02   
-2.332096E-02   
-1.767643E-02   
-1.203130E-02   
-6.385765E-03   
-7.400119E-04   
 4.905765E-03   
 1.055137E-02   
 1.619662E-02   
 2.184132E-02   
 2.748527E-02   
 3.312829E-02   
 3.877018E-02   
 4.441075E-02   
 5.004981E-02   
 5.568717E-02   
 6.132264E-02   
 6.695603E-02   
 7.258714E-02   
 7.821579E-02   
 8.384179E-02   
 8.946494E-02   
 9.508506E-02   
 1.007020E-01   
 1.063154E-01   
 1.119253E-01   
 1.175314E-01   
 1.231335E-01   
 1.287315E-01   
 1.343250E-01   
 1.399141E-01   
 1.454984E-01   
 1.510778E-01   
 1.566521E-01   
 1.622211E-01   
 1.677846E-01   
 1.733425E-01   
 1.788945E-01   
 1.844404E-01   
 1.899802E-01   
 1.955135E-01   
 2.010403E-01   
 2.065603E-01   
 2.120733E-01   
 2.175792E-01   
 2.230778E-01   
 2.285689E-01   
 2.340523E-01   
 2.395278E-01   
 2.449953E-01   
 2.504546E-01   
 2.559054E-01   
 2.613477E-01   
 2.667812E-01   
 2.722058E-01   
 2.776212E-01   
 2.830274E-01   
 2.884241E-01   
 2.938111E-01   
 2.991883E-01   
 3.045555E-01   
 3.099126E-01   
 3.152593E-01   
 3.205954E-01   
 3.259209E-01   
 3.312355E-01   
 3.365391E-01   
 3.418315E-01   
 3.471125E-01   
 3.523819E-01   
 3.576396E-01   
 3.628855E-01   
 3.681193E-01   
 3.733409E-01   
 3.785500E-01   
 3.837467E-01   
 3.889306E-01   
 3.941016E-01   
 3.992596E-01   
 4.044044E-01   
 4.095358E-01   
 4.146537E-01   
 4.197579E-01   
 4.248482E-01   
 4.299245E-01   
 4.349867E-01   
 4.400345E-01   
 4.450678E-01   
 4.500865E-01   
 4.550904E-01   
 4.600793E-01   
 4.650531E-01   
 4.700117E-01   
 4.749548E-01   
 4.798824E-01   
 4.847942E-01   
 4.896902E-01   
 4.945702E-01   
 4.994340E-01   
 5.042815E-01   
 5.091125E-01   
 5.139269E-01   
 5.187246E-01   
 5.235053E-01   
 5.282691E-01   
 5.330156E-01   
 5.377448E-01   
 5.424566E-01   
 5.471507E-01   
 5.518271E-01   
 5.564856E-01   
 5.611261E-01   
 5.657484E-01   
 5.703524E-01   
 5.749380E-01   
 5.795050E-01   
 5.840533E-01   
 5.885828E-01   
 5.930934E-01   
 5.975848E-01   
 6.020570E-01   
 6.065099E-01   
 6.109433E-01   
 6.153571E-01   
 6.197511E-01   
 6.241253E-01   
 6.284795E-01   
 6.328136E-01   
 6.371275E-01   
 6.414211E-01   
 6.456941E-01   
 6.499466E-01   
 6.541784E-01   
 6.583894E-01   
 6.625794E-01   
 6.667484E-01   
 6.708961E-01   
 6.750227E-01   
 6.791278E-01   
 6.832114E-01   
 6.872734E-01   
 6.913137E-01   
 6.953321E-01   
 6.993286E-01   
 7.033031E-01   
 7.072554E-01   
 7.111854E-01   
 7.150931E-01   
 7.189783E-01   
 7.228409E-01   
 7.266809E-01   
 7.304981E-01   
 7.342925E-01   
 7.380639E-01   
 7.418122E-01   
 7.455373E-01   
 7.492393E-01   
 7.529178E-01   
 7.565730E-01   
 7.602046E-01   
 7.638125E-01   
 7.673968E-01   
 7.709573E-01   
 7.744939E-01   
 7.780065E-01   
 7.814951E-01   
 7.849595E-01   
 7.883997E-01   
 7.918156E-01   
 7.952071E-01   
 7.985742E-01   
 8.019167E-01   
 8.052345E-01   
 8.085277E-01   
 8.117960E-01   
 8.150396E-01   
 8.182581E-01   
 8.214517E-01   
 8.246202E-01   
 8.277636E-01   
 8.308817E-01   
 8.339746E-01   
 8.370421E-01   
 8.400841E-01   
 8.431007E-01   
 8.460917E-01   
 8.490571E-01   
 8.519968E-01   
 8.549108E-01   
 8.577990E-01   
 8.606613E-01   
 8.634976E-01   
 8.663080E-01   
 8.690924E-01   
 8.718506E-01   
 8.745827E-01   
 8.772886E-01   
 8.799682E-01   
 8.826215E-01   
 8.852484E-01   
 8.878490E-01   
 8.904230E-01   
 8.929706E-01   
 8.954915E-01   
 8.979859E-01   
 9.004536E-01   
 9.028946E-01   
 9.053089E-01   
 9.076964E-01   
 9.100570E-01   
 9.123908E-01   
 9.146977E-01   
 9.169777E-01   
 9.192306E-01   
 9.214566E-01   
 9.236554E-01   
 9.258272E-01   
 9.279719E-01   
 9.300894E-01   
 9.321797E-01   
 9.342428E-01   
 9.362786E-01   
 9.382872E-01   
 9.402684E-01   
 9.422223E-01   
 9.441489E-01   
 9.460480E-01   
 9.479198E-01   
 9.497640E-01   
 9.515809E-01   
 9.533702E-01   
 9.551321E-01   
 9.568664E-01   
 9.585732E-01   
 9.602524E-01   
 9.619040E-01   
 9.635280E-01   
 9.651245E-01   
 9.666932E-01   
 9.682344E-01   
 9.697479E-01   
 9.712337E-01   
 9.726918E-01   
 9.741223E-01   
 9.755250E-01   
 9.769001E-01   
 9.782474E-01   
 9.795670E-01   
 9.808589E-01   
 9.821230E-01   
 9.833594E-01   
 9.845681E-01   
 9.857490E-01   
 9.869021E-01   
 9.880275E-01   
 9.891252E-01   
 9.901951E-01   
 9.912372E-01   
 9.922516E-01   
 9.932383E-01   
 9.941972E-01   
 9.951284E-01   
 9.960318E-01   
 9.969075E-01   
 9.977555E-01   
 9.985758E-01   
 9.993683E-01   
 1.000133E+00   
 1.000870E+00   
 1.001580E+00   
 1.002262E+00   
 1.002916E+00   
 1.003542E+00   
 1.004141E+00   
 1.004713E+00   
 1.005256E+00   
 1.005773E+00   
 1.006261E+00   
 1.006722E+00   
 1.007156E+00   
 1.007562E+00   
 1.007940E+00   
 1.008291E+00   
 1.008615E+00   
 1.008911E+00   
 1.009179E+00   
 1.009421E+00   
 1.009635E+00   
 1.009821E+00   
 1.009980E+00   
 1.010112E+00   
 1.010217E+00   
 1.010295E+00   
 1.010345E+00   
 1.010368E+00   
 1.010364E+00   
 1.010333E+00   
 1.010274E+00   
 1.010189E+00   
 1.010077E+00   
 1.009937E+00   
 1.009771E+00   
 1.009578E+00   
 1.009357E+00   
 1.009110E+00   
 1.008836E+00   
 1.008536E+00   
 1.008208E+00   
 1.007854E+00   
 1.007473E+00   
 1.007066E+00   
 1.006632E+00   
 1.006171E+00   
 1.005684E+00   
 1.005170E+00   
 1.004630E+00   
 1.004063E+00   
 1.003470E+00   
 1.002851E+00   
 1.002205E+00   
 1.001533E+00   
 1.000835E+00   
 1.000111E+00   
 9.993609E-01   
 9.985845E-01   
 9.977821E-01   
 9.969538E-01   
 9.960995E-01   
 9.952194E-01   
 9.943134E-01   
 9.933817E-01   
 9.924242E-01   
 9.914411E-01   
 9.904323E-01   
 9.893979E-01   
 9.883381E-01   
 9.872527E-01   
 9.861419E-01   
 9.850058E-01   
 9.838443E-01   
 9.826576E-01   
 9.814456E-01   
 9.802085E-01   
 9.789463E-01   
 9.776591E-01   
 9.763468E-01   
 9.750097E-01   
 9.736476E-01   
 9.722608E-01   
 9.708491E-01   
 9.694128E-01   
 9.679518E-01   
 9.664663E-01   
 9.649562E-01   
 9.634216E-01   
 9.618627E-01   
 9.602794E-01   
 9.586718E-01   
 9.570399E-01   
 9.553840E-01   
 9.537039E-01   
 9.519998E-01   
 9.502717E-01   
 9.485197E-01   
 9.467438E-01   
 9.449442E-01   
 9.431208E-01   
 9.412738E-01   
 9.394032E-01   
 9.375091E-01   
 9.355915E-01   
 9.336505E-01   
 9.316863E-01   
 9.296987E-01   
 9.276880E-01   
 9.256541E-01   
 9.235972E-01   
 9.215173E-01   
 9.194145E-01   
 9.172888E-01   
 9.151404E-01   
 9.129693E-01   
 9.107755E-01   
 9.085592E-01   
 9.063203E-01   
 9.040591E-01   
 9.017755E-01   
 8.994696E-01   
 8.971415E-01   
 8.947912E-01   
 8.924190E-01   
 8.900247E-01   
 8.876085E-01   
 8.851704E-01   
 8.827106E-01   
 8.802291E-01   
 8.777260E-01   
 8.752014E-01   
 8.726553E-01   
 8.700878E-01   
 8.674989E-01   
 8.648889E-01   
 8.622576E-01   
 8.596053E-01   
 8.569320E-01   
 8.542378E-01   
 8.515227E-01   
 8.487868E-01   
 8.460302E-01   
 8.432530E-01   
 8.404553E-01   
 8.376371E-01   
 8.347985E-01   
 8.319397E-01   
 8.290606E-01   
 8.261614E-01   
 8.232421E-01   
 8.203028E-01   
 8.173437E-01   
 8.143647E-01   
 8.113660E-01   
 8.083476E-01   
 8.053097E-01   
 8.022523E-01   
 7.991754E-01   
 7.960793E-01   
 7.929639E-01   
 7.898294E-01   
 7.866758E-01   
 7.835032E-01   
 7.803117E-01   
 7.771014E-01   
 7.738723E-01   
 7.706246E-01   
 7.673584E-01   
 7.640736E-01   
 7.607705E-01   
 7.574491E-01   
 7.541094E-01   
 7.507516E-01   
 7.473758E-01   
 7.439820E-01   
 7.405704E-01   
 7.371409E-01   
 7.336938E-01   
 7.302290E-01   
 7.267467E-01   
 7.232470E-01   
 7.197300E-01   
 7.161957E-01   
 7.126442E-01   
 7.090757E-01   
 7.054901E-01   
 7.018877E-01   
 6.982685E-01   
 6.946325E-01   
 6.909799E-01   
 6.873108E-01   
 6.836253E-01   
 6.799234E-01   
 6.762052E-01   
 6.724709E-01   
 6.687205E-01   
 6.649541E-01   
 6.611718E-01   
 6.573737E-01   
 6.535599E-01   
 6.497304E-01   
 6.458855E-01   
 6.420251E-01   
 6.381495E-01   
 6.342585E-01   
 6.303524E-01   
 6.264313E-01   
 6.224952E-01   
 6.185443E-01   
 6.145785E-01   
 6.105982E-01   
 6.066032E-01   
 6.025937E-01   
 5.985699E-01   
 5.945318E-01   
 5.904795E-01   
 5.864131E-01   
 5.823327E-01   
 5.782384E-01   
 5.741303E-01   
 5.700085E-01   
 5.658731E-01   
 5.617242E-01   
 5.575619E-01   
 5.533862E-01   
 5.491974E-01   
 5.449954E-01   
 5.407804E-01   
 5.365525E-01   
 5.323118E-01   
 5.280583E-01   
 5.237923E-01   
 5.195137E-01   
 5.152227E-01   
 5.109195E-01   
 5.066039E-01   
 5.022763E-01   
 4.979367E-01   
 4.935851E-01   
 4.892218E-01   
 4.848467E-01   
 4.804601E-01   
 4.760619E-01   
 4.716524E-01   
 4.672315E-01   
 4.627995E-01   
 4.583564E-01   
 4.539023E-01   
 4.494373E-01   
 4.449615E-01   
 4.404751E-01   
 4.359781E-01   
 4.314706E-01   
 4.269528E-01   
 4.224247E-01   
 4.178865E-01   
 4.133383E-01   
 4.087801E-01   
 4.042121E-01   
 3.996343E-01   
 3.950470E-01   
 3.904501E-01   
 3.858439E-01   
 3.812283E-01   
 3.766036E-01   
 3.719698E-01   
 3.673270E-01   
 3.626754E-01   
 3.580150E-01   
 3.533460E-01   
 3.486684E-01   
 3.439825E-01   
 3.392882E-01   
 3.345857E-01   
 3.298751E-01   
 3.251565E-01   
 3.204301E-01   
 3.156959E-01   
 3.109540E-01   
 3.062046E-01   
 3.014478E-01   
 2.966836E-01   
 2.919123E-01   
 2.871339E-01   
 2.823484E-01   
 2.775562E-01   
 2.727571E-01   
 2.679514E-01   
 2.631392E-01   
 2.583206E-01   
 2.534957E-01   
 2.486646E-01   
 2.438274E-01   
 2.389843E-01   
 2.341353E-01   
 2.292806E-01   
 2.244203E-01   
 2.195545E-01   
 2.146833E-01   
 2.098069E-01   
 2.049253E-01   
 2.000386E-01   
 1.951471E-01   
 1.902508E-01   
 1.853497E-01   
 1.804442E-01   
 1.755341E-01   
 1.706198E-01   
 1.657012E-01   
 1.607786E-01   
 1.558520E-01   
 1.509215E-01   
 1.459873E-01   
 1.410495E-01   
 1.361082E-01   
 1.311635E-01   
 1.262156E-01   
 1.212645E-01   
 1.163104E-01   
 1.113535E-01   
 1.063937E-01   
 1.014313E-01   
 9.646641E-02   
 9.149909E-02   
 8.652949E-02   
 8.155772E-02   
 7.658392E-02   
 7.160820E-02   
 6.663069E-02   
 6.165151E-02   
 5.667078E-02   
 5.168863E-02   
 4.670518E-02   
 4.172056E-02   
 3.673489E-02   
 3.174829E-02   
 2.676089E-02   
 2.177281E-02   
 1.678419E-02   
 1.179514E-02   
 6.805789E-03   
 1.816267E-03   
-3.173302E-03   
-8.162792E-03   
-1.315208E-02   
-1.814103E-02   
-2.312952E-02   
-2.811742E-02   
-3.310462E-02   
-3.809096E-02   
-4.307634E-02   
-4.806062E-02   
-5.304368E-02   
-5.802538E-02   
-6.300559E-02   
-6.798420E-02   
-7.296106E-02   
-7.793605E-02   
-8.290904E-02   
-8.787990E-02   
-9.284851E-02   
-9.781472E-02   
-1.027784E-01   
-1.077395E-01   
-1.126977E-01   
-1.176531E-01   
-1.226054E-01   
-1.275545E-01   
-1.325003E-01   
-1.374427E-01   
-1.423815E-01   
-1.473166E-01   
-1.522479E-01   
-1.571752E-01   
-1.620985E-01   
-1.670174E-01   
-1.719321E-01   
-1.768422E-01   
-1.817477E-01   
-1.866484E-01   
-1.915443E-01   
-1.964351E-01   
-2.013207E-01   
-2.062011E-01   
-2.110760E-01   
-2.159454E-01   
-2.208090E-01   
-2.256669E-01   
-2.305187E-01   
-2.353645E-01   
-2.402040E-01   
-2.450371E-01   
-2.498637E-01   
-2.546837E-01   
-2.594969E-01   
-2.643032E-01   
-2.691025E-01   
-2.738945E-01   
-2.786793E-01   
-2.834566E-01   
-2.882262E-01   
-2.929882E-01   
-2.977423E-01   
-3.024884E-01   
-3.072264E-01   
-3.119560E-01   
-3.166773E-01   
-3.213900E-01   
-3.260941E-01   
-3.307893E-01   
-3.354756E-01   
-3.401527E-01   
-3.448207E-01   
-3.494793E-01   
-3.541283E-01   
-3.587678E-01   
-3.633974E-01   
-3.680171E-01   
-3.726268E-01   
-3.772263E-01   
-3.818155E-01   
-3.863942E-01   
-3.909623E-01   
-3.955196E-01   
-4.000661E-01   
-4.046016E-01   
-4.091259E-01   
-4.136390E-01   
-4.181406E-01   
-4.226306E-01   
-4.271090E-01   
-4.315755E-01   
-4.360300E-01   
-4.404725E-01   
-4.449026E-01   
-4.493204E-01   
-4.537257E-01   
-4.581183E-01   
-4.624982E-01   
-4.668651E-01   
-4.712189E-01   
-4.755595E-01   
-4.798868E-01   
-4.842006E-01   
-4.885008E-01   
-4.927872E-01   
-4.970597E-01   
-5.013183E-01   
-5.055626E-01   
-5.097927E-01   
-5.140083E-01   
-5.182094E-01   
-5.223958E-01   
-5.265673E-01   
-5.307239E-01   
-5.348653E-01   
-5.389916E-01   
-5.431024E-01   
-5.471977E-01   
-5.512774E-01   
-5.553413E-01   
-5.593893E-01   
-5.634212E-01   
-5.674370E-01   
-5.714364E-01   
-5.754194E-01   
-5.793858E-01   
-5.833355E-01   
-5.872684E-01   
-5.911842E-01   
-5.950830E-01   
-5.989645E-01   
-6.028286E-01   
-6.066753E-01   
-6.105043E-01   
-6.143155E-01   
-6.181088E-01   
-6.218841E-01   
-6.256413E-01   
-6.293801E-01   
-6.331005E-01   
-6.368024E-01   
-6.404856E-01   
-6.441500E-01   
-6.477955E-01   
-6.514219E-01   
-6.550291E-01   
-6.586170E-01   
-6.621855E-01   
-6.657344E-01   
-6.692636E-01   
-6.727729E-01   
-6.762624E-01   
-6.797317E-01   
-6.831809E-01   
-6.866097E-01   
-6.900181E-01   
-6.934059E-01   
-6.967731E-01   
-7.001194E-01   
-7.034448E-01   
-7.067491E-01   
-7.100323E-01   
-7.132942E-01   
-7.165346E-01   
-7.197535E-01   
-7.229507E-01   
-7.261262E-01   
-7.292798E-01   
-7.324113E-01   
-7.355208E-01   
-7.386080E-01   
-7.416728E-01   
-7.447151E-01   
-7.477349E-01   
-7.507319E-01   
-7.537061E-01   
-7.566574E-01   
-7.595856E-01   
-7.624907E-01   
-7.653724E-01   
-7.682308E-01   
-7.710657E-01   
-7.738770E-01   
-7.766646E-01   
-7.794284E-01   
-7.821682E-01   
-7.848840E-01   
-7.875756E-01   
-7.902430E-01   
-7.928860E-01   
-7.955045E-01   
-7.980985E-01   
-8.006678E-01   
-8.032123E-01   
-8.057319E-01   
-8.082266E-01   
-8.106961E-01   
-8.131405E-01   
-8.155596E-01   
-8.179533E-01   
-8.203216E-01   
-8.226642E-01   
-8.249812E-01   
-8.272724E-01   
-8.295377E-01   
-8.317771E-01   
-8.339904E-01   
-8.361776E-01   
-8.383385E-01   
-8.404731E-01   
-8.425812E-01   
-8.446629E-01   
-8.467179E-01   
-8.487463E-01   
-8.507479E-01   
-8.527226E-01   
-8.546703E-01   
-8.565910E-01   
-8.584846E-01   
-8.603510E-01   
-8.621901E-01   
-8.640019E-01   
-8.657861E-01   
-8.675429E-01   
-8.692720E-01   
-8.709735E-01   
-8.726472E-01   
-8.742930E-01   
-8.759110E-01   
-8.775009E-01   
-8.790628E-01   
-8.805965E-01   
-8.821020E-01   
-8.835793E-01   
-8.850282E-01   
-8.864487E-01   
-8.878407E-01   
-8.892041E-01   
-8.905389E-01   
-8.918450E-01   
-8.931224E-01   
-8.943710E-01   
-8.955907E-01   
-8.967814E-01   
-8.979432E-01   
-8.990759E-01   
-9.001795E-01   
-9.012539E-01   
-9.022990E-01   
-9.033149E-01   
-9.043015E-01   
-9.052587E-01   
-9.061864E-01   
-9.070846E-01   
-9.079533E-01   
-9.087924E-01   
-9.096019E-01   
-9.103817E-01   
-9.111317E-01   
-9.118519E-01   
-9.125424E-01   
-9.132030E-01   
-9.138336E-01   
-9.144343E-01   
-9.150051E-01   
-9.155458E-01   
-9.160564E-01   
-9.165370E-01   
-9.169874E-01   
-9.174076E-01   
-9.177977E-01   
-9.181575E-01   
-9.184871E-01   
-9.187864E-01   
-9.190553E-01   
-9.192939E-01   
-9.195022E-01   
-9.196800E-01   
-9.198275E-01   
-9.199445E-01   
-9.200310E-01   
-9.200870E-01   
-9.201126E-01   
-9.201076E-01   
-9.200721E-01   
-9.200060E-01   
-9.199094E-01   
-9.197822E-01   
-9.196244E-01   
-9.194360E-01   
-9.192170E-01   
-9.189673E-01   
-9.186871E-01   
-9.183762E-01   
-9.180346E-01   
-9.176625E-01   
-9.172596E-01   
-9.168262E-01   
-9.163621E-01   
-9.158673E-01   
-9.153419E-01   
-9.147859E-01   
-9.141992E-01   
-9.135819E-01   
-9.129340E-01   