 5.087921E-01   
 5.087962E-01   
 5.088088E-01   
 5.088298E-01   
 5.088591E-01   
 5.088969E-01   
 5.089430E-01   
 5.089976E-01   
 5.090605E-01   
 5.091318E-01   
 5.092115E-01   
 5.092995E-01   
 5.093959E-01   
 5.095007E-01   
 5.096138E-01   
 5.097353E-01   
 5.098651E-01   
 5.100033E-01   
 5.101498E-01   
 5.103046E-01   
 5.104678E-01   
 5.106392E-01   
 5.108190E-01   
 5.110071E-01   
 5.112034E-01   
 5.114080E-01   
 5.116209E-01   
 5.118421E-01   
 5.120714E-01   
 5.123091E-01   
 5.125549E-01   
 5.128090E-01   
 5.130712E-01   
 5.133417E-01   
 5.136203E-01   
 5.139070E-01   
 5.142020E-01   
 5.145050E-01   
 5.148162E-01   
 5.151355E-01   
 5.154628E-01   
 5.157982E-01   
 5.161417E-01   
 5.164932E-01   
 5.168528E-01   
 5.172203E-01   
 5.175959E-01   
 5.179794E-01   
 5.183708E-01   
 5.187702E-01   
 5.191775E-01   
 5.195927E-01   
 5.200158E-01   
 5.204467E-01   
 5.208854E-01   
 5.213320E-01   
 5.217863E-01   
 5.222485E-01   
 5.227183E-01   
 5.231959E-01   
 5.236812E-01   
 5.241742E-01   
 5.246748E-01   
 5.251831E-01   
 5.256989E-01   
 5.262224E-01   
 5.267534E-01   
 5.272919E-01   
 5.278379E-01   
 5.283915E-01   
 5.289524E-01   
 5.295208E-01   
 5.300966E-01   
 5.306798E-01   
 5.312703E-01   
 5.318682E-01   
 5.324733E-01   
 5.330857E-01   
 5.337053E-01   
 5.343321E-01   
 5.349661E-01   
 5.356073E-01   
 5.362555E-01   
 5.369109E-01   
 5.375732E-01   
 5.382426E-01   
 5.389190E-01   
 5.396024E-01   
 5.402927E-01   
 5.409898E-01   
 5.416939E-01   
 5.424047E-01   
 5.431224E-01   
 5.438468E-01   
 5.445779E-01   
 5.453157E-01   
 5.460602E-01   
 5.468113E-01   
 5.475690E-01   
 5.483333E-01   
 5.491040E-01   
 5.498813E-01   
 5.506650E-01   
 5.514551E-01   
 5.522515E-01   
 5.530543E-01   
 5.538634E-01   
 5.546788E-01   
 5.555004E-01   
 5.563281E-01   
 5.571620E-01   
 5.580021E-01   
 5.588482E-01   
 5.597003E-01   
 5.605584E-01   
 5.614224E-01   
 5.622924E-01   
 5.631682E-01   
 5.640499E-01   
 5.649374E-01   
 5.658306E-01   
 5.667295E-01   
 5.676341E-01   
 5.685443E-01   
 5.694601E-01   
 5.703814E-01   
 5.713083E-01   
 5.722406E-01   
 5.731783E-01   
 5.741214E-01   
 5.750698E-01   
 5.760235E-01   
 5.769825E-01   
 5.779466E-01   
 5.789159E-01   
 5.798904E-01   
 5.808699E-01   
 5.818544E-01   
 5.828439E-01   
 5.838383E-01   
 5.848377E-01   
 5.858418E-01   
 5.868508E-01   
 5.878646E-01   
 5.888830E-01   
 5.899061E-01   
 5.909339E-01   
 5.919662E-01   
 5.930030E-01   
 5.940443E-01   
 5.950901E-01   
 5.961402E-01   
 5.971947E-01   
 5.982535E-01   
 5.993166E-01   
 6.003838E-01   
 6.014552E-01   
 6.025307E-01   
 6.036103E-01   
 6.046939E-01   
 6.057814E-01   
 6.068729E-01   
 6.079682E-01   
 6.090674E-01   
 6.101703E-01   
 6.112770E-01   
 6.123873E-01   
 6.135013E-01   
 6.146188E-01   
 6.157399E-01   
 6.168644E-01   
 6.179924E-01   
 6.191238E-01   
 6.202586E-01   
 6.213966E-01   
 6.225378E-01   
 6.236823E-01   
 6.248298E-01   
 6.259805E-01   
 6.271342E-01   
 6.282909E-01   
 6.294506E-01   
 6.306131E-01   
 6.317785E-01   
 6.329467E-01   
 6.341176E-01   
 6.352913E-01   
 6.364675E-01   
 6.376464E-01   
 6.388278E-01   
 6.400117E-01   
 6.411981E-01   
 6.423868E-01   
 6.435779E-01   
 6.447713E-01   
 6.459669E-01   
 6.471648E-01   
 6.483647E-01   
 6.495668E-01   
 6.507709E-01   
 6.519771E-01   
 6.531851E-01   
 6.543951E-01   
 6.556069E-01   
 6.568205E-01   
 6.580358E-01   
 6.592528E-01   
 6.604715E-01   
 6.616918E-01   
 6.629136E-01   
 6.641369E-01   
 6.653617E-01   
 6.665878E-01   
 6.678153E-01   
 6.690441E-01   
 6.702741E-01   
 6.715054E-01   
 6.727377E-01   
 6.739712E-01   
 6.752057E-01   
 6.764412E-01   
 6.776776E-01   
 6.789150E-01   
 6.801532E-01   
 6.813921E-01   
 6.826319E-01   
 6.838723E-01   
 6.851133E-01   
 6.863550E-01   
 6.875972E-01   
 6.888399E-01   
 6.900831E-01   
 6.913266E-01   
 6.925706E-01   
 6.938148E-01   
 6.950592E-01   
 6.963039E-01   
 6.975487E-01   
 6.987936E-01   
 7.000386E-01   
 7.012836E-01   
 7.025286E-01   
 7.037734E-01   
 7.050181E-01   
 7.062627E-01   
 7.075070E-01   
 7.087510E-01   
 7.099947E-01   
 7.112380E-01   
 7.124809E-01   
 7.137233E-01   
 7.149652E-01   
 7.162065E-01   
 7.174472E-01   
 7.186873E-01   
 7.199266E-01   
 7.211652E-01   
 7.224030E-01   
 7.236399E-01   
 7.248759E-01   
 7.261110E-01   
 7.273451E-01   
 7.285781E-01   
 7.298101E-01   
 7.310409E-01   
 7.322706E-01   
 7.334990E-01   
 7.347262E-01   
 7.359520E-01   
 7.371765E-01   
 7.383996E-01   
 7.396212E-01   
 7.408414E-01   
 7.420600E-01   
 7.432770E-01   
 7.444924E-01   
 7.457061E-01   
 7.469181E-01   
 7.481283E-01   
 7.493367E-01   
 7.505433E-01   
 7.517479E-01   
 7.529506E-01   
 7.541514E-01   
 7.553501E-01   
 7.565468E-01   
 7.577413E-01   
 7.589337E-01   
 7.601238E-01   
 7.613118E-01   
 7.624974E-01   
 7.636807E-01   
 7.648617E-01   
 7.660402E-01   
 7.672163E-01   
 7.683899E-01   
 7.695610E-01   
 7.707295E-01   
 7.718953E-01   
 7.730585E-01   
 7.742191E-01   
 7.753768E-01   
 7.765318E-01   
 7.776840E-01   
 7.788332E-01   
 7.799796E-01   
 7.811231E-01   
 7.822636E-01   
 7.834010E-01   
 7.845354E-01   
 7.856667E-01   
 7.867948E-01   
 7.879198E-01   
 7.890415E-01   
 7.901600E-01   
 7.912752E-01   
 7.923871E-01   
 7.934956E-01   
 7.946007E-01   
 7.957023E-01   
 7.968005E-01   
 7.978951E-01   
 7.989862E-01   
 8.000737E-01   
 8.011576E-01   
 8.022378E-01   
 8.033143E-01   
 8.043870E-01   
 8.054560E-01   
 8.065212E-01   
 8.075825E-01   
 8.086399E-01   
 8.096935E-01   
 8.107430E-01   
 8.117886E-01   
 8.128302E-01   
 8.138677E-01   
 8.149011E-01   
 8.159304E-01   
 8.169556E-01   
 8.179765E-01   
 8.189933E-01   
 8.200057E-01   
 8.210139E-01   
 8.220178E-01   
 8.230173E-01   
 8.240124E-01   
 8.250031E-01   
 8.259894E-01   
 8.269711E-01   
 8.279484E-01   
 8.289211E-01   
 8.298892E-01   
 8.308527E-01   
 8.318116E-01   
 8.327658E-01   
 8.337153E-01   
 8.346601E-01   
 8.356001E-01   
 8.365353E-01   
 8.374657E-01   
 8.383912E-01   
 8.393119E-01   
 8.402277E-01   
 8.411385E-01   
 8.420444E-01   
 8.429452E-01   
 8.438411E-01   
 8.447319E-01   
 8.456176E-01   
 8.464982E-01   
 8.473737E-01   
 8.482440E-01   
 8.491091E-01   
 8.499690E-01   
 8.508237E-01   
 8.516731E-01   
 8.525172E-01   
 8.533560E-01   
 8.541894E-01   
 8.550175E-01   
 8.558402E-01   
 8.566575E-01   
 8.574693E-01   
 8.582756E-01   
 8.590765E-01   
 8.598718E-01   
 8.606616E-01   
 8.614458E-01   
 8.622244E-01   
 8.629974E-01   
 8.637648E-01   
 8.645265E-01   
 8.652826E-01   
 8.660329E-01   
 8.667775E-01   
 8.675163E-01   
 8.682494E-01   
 8.689766E-01   
 8.696981E-01   
 8.704137E-01   
 8.711234E-01   
 8.718273E-01   
 8.725253E-01   
 8.732173E-01   
 8.739034E-01   
 8.745835E-01   
 8.752577E-01   
 8.759258E-01   
 8.765880E-01   
 8.772440E-01   
 8.778940E-01   
 8.785380E-01   
 8.791758E-01   
 8.798075E-01   
 8.804331E-01   
 8.810525E-01   
 8.816658E-01   
 8.822728E-01   
 8.828737E-01   
 8.834683E-01   
 8.840566E-01   
 8.846388E-01   
 8.852146E-01   
 8.857841E-01   
 8.863474E-01   
 8.869043E-01   
 8.874548E-01   
 8.879990E-01   
 8.885368E-01   
 8.890683E-01   
 8.895933E-01   
 8.901119E-01   
 8.906240E-01   
 8.911298E-01   
 8.916290E-01   
 8.921218E-01   
 8.926081E-01   
 8.930878E-01   
 8.935611E-01   
 8.940278E-01   
 8.944880E-01   
 8.949416E-01   
 8.953886E-01   
 8.958290E-01   
 8.962629E-01   
 8.966901E-01   
 8.971107E-01   
 8.975247E-01   
 8.979321E-01   
 8.983327E-01   
 8.987267E-01   
 8.991141E-01   
 8.994947E-01   
 8.998686E-01   
 9.002358E-01   
 9.005963E-01   
 9.009501E-01   
 9.012971E-01   
 9.016374E-01   
 9.019709E-01   
 9.022976E-01   
 9.026175E-01   
 9.029307E-01   
 9.032371E-01   
 9.035366E-01   
 9.038294E-01   
 9.041153E-01   
 9.043944E-01   
 9.046666E-01   
 9.049320E-01   
 9.051905E-01   
 9.054422E-01   
 9.056870E-01   
 9.059250E-01   
 9.061560E-01   
 9.063802E-01   
 9.065975E-01   
 9.068078E-01   
 9.070113E-01   
 9.072078E-01   
 9.073975E-01   
 9.075802E-01   
 9.077560E-01   
 9.079248E-01   
 9.080867E-01   
 9.082417E-01   
 9.083897E-01   
 9.085308E-01   
 9.086649E-01   
 9.087921E-01   
 9.089123E-01   
 9.090255E-01   
 9.091318E-01   
 9.092311E-01   
 9.093234E-01   
 9.094088E-01   
 9.094871E-01   
 9.095585E-01   
 9.096229E-01   
 9.096804E-01   
 9.097308E-01   
 9.097743E-01   
 9.098107E-01   
 9.098402E-01   
 9.098627E-01   
 9.098782E-01   
 9.098867E-01   
 9.098882E-01   
 9.098827E-01   
 9.098702E-01   
 9.098508E-01   
 9.098243E-01   
 9.097909E-01   
 9.097504E-01   
 9.097030E-01   
 9.096486E-01   
 9.095872E-01   
 9.095188E-01   
 9.094435E-01   
 9.093611E-01   
 9.092718E-01   
 9.091755E-01   
 9.090723E-01   
 9.089620E-01   
 9.088448E-01   
 9.087207E-01   
 9.085896E-01   
 9.084515E-01   
 9.083065E-01   
 9.081545E-01   
 9.079956E-01   
 9.078297E-01   
 9.076569E-01   
 9.074772E-01   
 9.072906E-01   
 9.070970E-01   
 9.068965E-01   
 9.066891E-01   
 9.064748E-01   
 9.062536E-01   
 9.060256E-01   
 9.057906E-01   
 9.055487E-01   
 9.053000E-01   
 9.050445E-01   
 9.047820E-01   
 9.045127E-01   
 9.042366E-01   
 9.039536E-01   
 9.036638E-01   
 9.033672E-01   
 9.030638E-01   
 9.027536E-01   
 9.024366E-01   
 9.021128E-01   
 9.017822E-01   
 9.014448E-01   
 9.011007E-01   
 9.007499E-01   
 9.003923E-01   
 9.000280E-01   
 8.996569E-01   
 8.992792E-01   
 8.988948E-01   
 8.985036E-01   
 8.981059E-01   
 8.977014E-01   
 8.972903E-01   
 8.968725E-01   
 8.964482E-01   
 8.960172E-01   
 8.955796E-01   
 8.951354E-01   
 8.946846E-01   
 8.942273E-01   
 8.937634E-01   
 8.932929E-01   
 8.928160E-01   
 8.923325E-01   
 8.918425E-01   
 8.913461E-01   
 8.908432E-01   
 8.903338E-01   
 8.898180E-01   
 8.892957E-01   
 8.887670E-01   
 8.882320E-01   
 8.876905E-01   
 8.871427E-01   
 8.865886E-01   
 8.860281E-01   
 8.854612E-01   
 8.848881E-01   
 8.843087E-01   
 8.837231E-01   
 8.831311E-01   
 8.825330E-01   
 8.819286E-01   
 8.813180E-01   
 8.807013E-01   
 8.800784E-01   
 8.794493E-01   
 8.788141E-01   
 8.781728E-01   
 8.775254E-01   
 8.768719E-01   
 8.762124E-01   
 8.755469E-01   
 8.748753E-01   
 8.741978E-01   
 8.735142E-01   
 8.728248E-01   
 8.721294E-01   
 8.714280E-01   
 8.707208E-01   
 8.700077E-01   
 8.692888E-01   
 8.685641E-01   
 8.678335E-01   
 8.670971E-01   
 8.663550E-01   
 8.656072E-01   
 8.648536E-01   
 8.640944E-01   
 8.633294E-01   
 8.625588E-01   
 8.617826E-01   
 8.610008E-01   
 8.602135E-01   
 8.594205E-01   
 8.586220E-01   
 8.578181E-01   
 8.570086E-01   
 8.561937E-01   
 8.553734E-01   
 8.545476E-01   
 8.537165E-01   
 8.528800E-01   
 8.520382E-01   
 8.511910E-01   
 8.503386E-01   
 8.494810E-01   
 8.486181E-01   
 8.477500E-01   
 8.468768E-01   
 8.459984E-01   
 8.451149E-01   
 8.442263E-01   
 8.433326E-01   
 8.424339E-01   
 8.415302E-01   
 8.406215E-01   
 8.397079E-01   
 8.387893E-01   
 8.378659E-01   
 8.369376E-01   
 8.360044E-01   
 8.350665E-01   
 8.341238E-01   
 8.331763E-01   
 8.322241E-01   
 8.312673E-01   
 8.303057E-01   
 8.293396E-01   
 8.283689E-01   
 8.273936E-01   
 8.264138E-01   
 8.254295E-01   
 8.244407E-01   
 8.234475E-01   
 8.224498E-01   
 8.214479E-01   
 8.204415E-01   
 8.194309E-01   
 8.184160E-01   
 8.173969E-01   
 8.163735E-01   
 8.153460E-01   
 8.143144E-01   
 8.132786E-01   
 8.122388E-01   
 8.111949E-01   
 8.101471E-01   
 8.090952E-01   
 8.080395E-01   
 8.069798E-01   
 8.059163E-01   
 8.048490E-01   
 8.037779E-01   
 8.027030E-01   
 8.016244E-01   
 8.005421E-01   
 7.994562E-01   
 7.983666E-01   
 7.972735E-01   
 7.961768E-01   
 7.950767E-01   
 7.939731E-01   
 7.928661E-01   
 7.917556E-01   
 7.906419E-01   
 7.895248E-01   
 7.884045E-01   
 7.872809E-01   
 7.861541E-01   
 7.850242E-01   
 7.838911E-01   
 7.827550E-01   
 7.816158E-01   
 7.804737E-01   
 7.793285E-01   
 7.781805E-01   
 7.770296E-01   
 7.758758E-01   
 7.747192E-01   
 7.735599E-01   
 7.723979E-01   
 7.712331E-01   
 7.700658E-01   
 7.688958E-01   
 7.677233E-01   
 7.665483E-01   
 7.653708E-01   
 7.641909E-01   
 7.630086E-01   
 7.618239E-01   
 7.606370E-01   
 7.594478E-01   
 7.582563E-01   
 7.570627E-01   
 7.558670E-01   
 7.546692E-01   
 7.534693E-01   
 7.522674E-01   
 7.510636E-01   
 7.498578E-01   
 7.486502E-01   
 7.474408E-01   
 7.462295E-01   
 7.450166E-01   
 7.438019E-01   
 7.425856E-01   
 7.413677E-01   
 7.401482E-01   
 7.389272E-01   
 7.377047E-01   
 7.364808E-01   
 7.352556E-01   
 7.340290E-01   
 7.328011E-01   
 7.315719E-01   
 7.303416E-01   
 7.291101E-01   
 7.278775E-01   
 7.266439E-01   
 7.254093E-01   
 7.241736E-01   
 7.229371E-01   
 7.216997E-01   
 7.204614E-01   
 7.192224E-01   
 7.179827E-01   
 7.167423E-01   
 7.155012E-01   
 7.142595E-01   
 7.130173E-01   
 7.117746E-01   
 7.105315E-01   
 7.092880E-01   
 7.080441E-01   
 7.067999E-01   
 7.055555E-01   
 7.043108E-01   
 7.030660E-01   
 7.018211E-01   
 7.005761E-01   
 6.993311E-01   
 6.980862E-01   
 6.968413E-01   
 6.955966E-01   
 6.943520E-01   
 6.931077E-01   
 6.918636E-01   
 6.906199E-01   
 6.893766E-01   
 6.881337E-01   
 6.868912E-01   
 6.856493E-01   
 6.844080E-01   
 6.831673E-01   
 6.819273E-01   
 6.806880E-01   
 6.794494E-01   
 6.782117E-01   
 6.769749E-01   
 6.757390E-01   
 6.745040E-01   
 6.732701E-01   
 6.720373E-01   
 6.708055E-01   
 6.695750E-01   
 6.683457E-01   
 6.671176E-01   
 6.658909E-01   
 6.646655E-01   
 6.634416E-01   
 6.622191E-01   
 6.609981E-01   
 6.597788E-01   
 6.585610E-01   
 6.573449E-01   
 6.561306E-01   
 6.549180E-01   
 6.537073E-01   
 6.524984E-01   
 6.512914E-01   
 6.500864E-01   
 6.488835E-01   
 6.476826E-01   
 6.464838E-01   
 6.452872E-01   
 6.440928E-01   
 6.429007E-01   
 6.417110E-01   
 6.405236E-01   
 6.393386E-01   
 6.381561E-01   
 6.369761E-01   
 6.357988E-01   
 6.346240E-01   
 6.334519E-01   
 6.322825E-01   
 6.311159E-01   
 6.299521E-01   
 6.287912E-01   
 6.276332E-01   
 6.264782E-01   
 6.253262E-01   
 6.241773E-01   
 6.230315E-01   
 6.218889E-01   
 6.207495E-01   
 6.196133E-01   
 6.184805E-01   
 6.173510E-01   
 6.162250E-01   
 6.151024E-01   
 6.139833E-01   
 6.128678E-01   
 6.117559E-01   
 6.106476E-01   
 6.095431E-01   
 6.084423E-01   
 6.073453E-01   
 6.062521E-01   
 6.051629E-01   
 6.040776E-01   
 6.029963E-01   
 6.019190E-01   
 6.008459E-01   
 5.997768E-01   
 5.987119E-01   
 5.976513E-01   
 5.965950E-01   
 5.955429E-01   
 5.944953E-01   
 5.934520E-01   
 5.924132E-01   
 5.913790E-01   
 5.903493E-01   
 5.893241E-01   
 5.883037E-01   
 5.872879E-01   
 5.862768E-01   
 5.852706E-01   
 5.842692E-01   
 5.832726E-01   
 5.822810E-01   
 5.812943E-01   
 5.803126E-01   
 5.793360E-01   
 5.783645E-01   
 5.773981E-01   
 5.764369E-01   
 5.754809E-01   
 5.745302E-01   
 5.735848E-01   
 5.726447E-01   
 5.717101E-01   
 5.707809E-01   
 5.698572E-01   
 5.689390E-01   
 5.680264E-01   
 5.671193E-01   
 5.662180E-01   
 5.653223E-01   
 5.644323E-01   
 5.635482E-01   
 5.626698E-01   
 5.617973E-01   
 5.609307E-01   
 5.600700E-01   
 5.592153E-01   
 5.583666E-01   
 5.575240E-01   
 5.566874E-01   
 5.558570E-01   
 5.550327E-01   
 5.542147E-01   
 5.534029E-01   
 5.525973E-01   
 5.517981E-01   
 5.510053E-01   
 5.502188E-01   
 5.494388E-01   
 5.486652E-01   
 5.478982E-01   
 5.471376E-01   
 5.463837E-01   
 5.456363E-01   
 5.448956E-01   
 5.441616E-01   
 5.434343E-01   
 5.427137E-01   
 5.419999E-01   
 5.412929E-01   
 5.405928E-01   
 5.398996E-01   
 5.392132E-01   
 5.385338E-01   
 5.378614E-01   
 5.371960E-01   
 5.365376E-01   
 5.358863E-01   
 5.352421E-01   
 5.346050E-01   
 5.339750E-01   
 5.333523E-01   
 5.327368E-01   
 5.321285E-01   
 5.315275E-01   
 5.309339E-01   
 5.303475E-01   
 5.297685E-01   
 5.291969E-01   
 5.286327E-01   
 5.280760E-01   
 5.275267E-01   
 5.269849E-01   
 5.264507E-01   
 5.259240E-01   
 5.254048E-01   
 5.248933E-01   
 5.243894E-01   
 5.238931E-01   
 5.234045E-01   
 5.229236E-01   
 5.224504E-01   
 5.219849E-01   
 5.215272E-01   
 5.210773E-01   
 5.206351E-01   
 5.202008E-01   
 5.197744E-01   
 5.193558E-01   
 5.189451E-01   
 5.185423E-01   
 5.181474E-01   
 5.177605E-01   
 5.173815E-01   
 5.170105E-01   
 5.166475E-01   
 5.162925E-01   
 5.159455E-01   
 5.156066E-01   
 5.152758E-01   
 5.149530E-01   
 5.146384E-01   
 5.143318E-01   
 5.140334E-01   
 5.137431E-01   
 5.134609E-01   
 5.131870E-01   
 5.129212E-01   
 5.126636E-01   
 5.124142E-01   
 5.121730E-01   
 5.119401E-01   
 5.117154E-01   
 5.114989E-01   
 5.112907E-01   
 5.110908E-01   
 5.108992E-01   
 5.107158E-01   
 5.105408E-01   
 5.103740E-01   
 5.102156E-01   
 5.100655E-01   
 5.099237E-01   
 5.097903E-01   
 5.096652E-01   
 5.095485E-01   
 5.094401E-01   
 5.093401E-01   
 5.092484E-01   
 5.091652E-01   
 5.090902E-01   
 5.090237E-01   
 5.089656E-01   
 5.089158E-01   
 5.088744E-01   
 5.088414E-01   
 5.088168E-01   
 5.088006E-01   
 5.087928E-01   
 5.087934E-01   
 5.088023E-01   
 5.088197E-01   
 5.088454E-01   
 5.088796E-01   
 5.089221E-01   
 5.089730E-01   
 5.090323E-01   
 5.091000E-01   
 5.091760E-01   
 5.092605E-01   
 5.093533E-01   
 5.094544E-01   
 5.095639E-01   
 5.096818E-01   
 5.098080E-01   
 5.099426E-01   
 5.100855E-01   
 5.102368E-01   
 5.103963E-01   
 5.105642E-01   
 5.107404E-01   
 5.109249E-01   
 5.111176E-01   
 5.113187E-01   
 5.115280E-01   
 5.117456E-01   
 5.119714E-01   
 5.122055E-01   
 5.124478E-01   
 5.126983E-01   
 5.129570E-01   
 5.132239E-01   
 5.134990E-01   
 5.137822E-01   
 5.140736E-01   
 5.143732E-01   
 5.146808E-01   
 5.149966E-01   
 5.153205E-01   
 5.156524E-01   
 5.159924E-01   
 5.163405E-01   
 5.166966E-01   
 5.170607E-01   
 5.174328E-01   
 5.178128E-01   
 5.182009E-01   
 5.185968E-01   
 5.190007E-01   
 5.194125E-01   
 5.198322E-01   
 5.202597E-01   
 5.206951E-01   
 5.211382E-01   
 5.215892E-01   
 5.220480E-01   
 5.225145E-01   
 5.229888E-01   
 5.234708E-01   
 5.239604E-01   
 5.244577E-01   
 5.249627E-01   
 5.254753E-01   
 5.259955E-01   
 5.265232E-01   
 5.270585E-01   
 5.276013E-01   
 5.281516E-01   
 5.287093E-01   
 5.292745E-01   
 5.298472E-01   
 5.304271E-01   
 5.310145E-01   
 5.316092E-01   
 5.322112E-01   
 5.328204E-01   
 5.334369E-01   
 5.340606E-01   
 5.346915E-01   
 5.353296E-01   
 5.359748E-01   
 5.366271E-01   
 5.372864E-01   
 5.379528E-01   
 5.386262E-01   
 5.393065E-01   
 5.399938E-01   
 5.406880E-01   
 5.413891E-01   
 5.420970E-01   
 5.428117E-01   
 5.435332E-01   
 5.442614E-01   
 5.449964E-01   
 5.457380E-01   
 5.464863E-01   
 5.472411E-01   
 5.480025E-01   
 5.487705E-01   
 5.495449E-01   
 5.503258E-01   
 5.511132E-01   
 5.519069E-01   
 5.527070E-01   
 5.535134E-01   
 5.543260E-01   
 5.551449E-01   
 5.559700E-01   
 5.568013E-01   
 5.576387E-01   
 5.584821E-01   
 5.593317E-01   
 5.601872E-01   
 5.610487E-01   
 5.619161E-01   
 5.627894E-01   
 5.636686E-01   
 5.645535E-01   
 5.654443E-01   
 5.663407E-01   
 5.672429E-01   
 5.681507E-01   
 5.690640E-01   
 5.699830E-01   
 5.709075E-01   
 5.718374E-01   
 5.727728E-01   
 5.737136E-01   
 5.746597E-01   
 5.756111E-01   
 5.765678E-01   
 5.775297E-01   
 5.784968E-01   
 5.794691E-01   
 5.804464E-01   
 5.814287E-01   
 5.824161E-01   
 5.834084E-01   
 5.844056E-01   
 5.854077E-01   
 5.864146E-01   
 5.874263E-01   
 5.884427E-01   
 5.894639E-01   
 5.904896E-01   
 5.915199E-01   
 5.925548E-01   
 5.935942E-01   
 5.946381E-01   
 5.956863E-01   
 5.967390E-01   
 5.977959E-01   
 5.988571E-01   
 5.999226E-01   
 6.009922E-01   
 6.020659E-01   
 6.031437E-01   
 6.042256E-01   
 6.053114E-01   
 6.064012E-01   
 6.074949E-01   
 6.085924E-01   
 6.096937E-01   
 6.107987E-01   
 6.119075E-01   
 6.130199E-01   
 6.141359E-01   
 6.152555E-01   
 6.163785E-01   
 6.175051E-01   
 6.186350E-01   
 6.197683E-01   
 6.209049E-01   
 6.220447E-01   
 6.231878E-01   
 6.243340E-01   
 6.254834E-01   
 6.266358E-01   
 6.277912E-01   
 6.289496E-01   
 6.301109E-01   
 6.312750E-01   
 6.324420E-01   
 6.336118E-01   
 6.347842E-01   
 6.359594E-01   
 6.371371E-01   
 6.383175E-01   
 6.395003E-01   
 6.406856E-01   
 6.418733E-01   
 6.430634E-01   
 6.442558E-01   
 6.454505E-01   
 6.466474E-01   
 6.478464E-01   
 6.490476E-01   
 6.502509E-01   
 6.514561E-01   
 6.526633E-01   
 6.538725E-01   
 6.550835E-01   
 6.562963E-01   
 6.575109E-01   
 6.587272E-01   
 6.599452E-01   
 6.611648E-01   
 6.623859E-01   
 6.636086E-01   
 6.648328E-01   
 6.660583E-01   
 6.672852E-01   
 6.685135E-01   
 6.697430E-01   
 6.709737E-01   
 6.722056E-01   
 6.734386E-01   
 6.746726E-01   
 6.759077E-01   
 6.771437E-01   
 6.783807E-01   
 6.796185E-01   
 6.808572E-01   
 6.820966E-01   
 6.833367E-01   
 6.845775E-01   
 6.858189E-01   
 6.870609E-01   
 6.883034E-01   
 6.895463E-01   
 6.907897E-01   
 6.920335E-01   
 6.932776E-01   
 6.945219E-01   
 6.957665E-01   
 6.970113E-01   
 6.982562E-01   
 6.995011E-01   
 7.007461E-01   
 7.019911E-01   
 7.032360E-01   
 7.044808E-01   
 7.057254E-01   
 7.069698E-01   
 7.082140E-01   
 7.094578E-01   
 7.107013E-01   
 7.119444E-01   
 7.131870E-01   
 7.144291E-01   
 7.156707E-01   
 7.169117E-01   
 7.181520E-01   
 7.193917E-01   
 7.206306E-01   
 7.218687E-01   
 7.231060E-01   
 7.243424E-01   
 7.255779E-01   
 7.268124E-01   
 7.280459E-01   
 7.292784E-01   
 7.305097E-01   
 7.317399E-01   
 7.329688E-01   
 7.341965E-01   
 7.354230E-01   
 7.366481E-01   
 7.378717E-01   
 7.390940E-01   
 7.403148E-01   
 7.415341E-01   
 7.427518E-01   
 7.439679E-01   
 7.451823E-01   
 7.463950E-01   
 7.476060E-01   
 7.488152E-01   
 7.500226E-01   
 7.512281E-01   
 7.524316E-01   
 7.536333E-01   
 7.548328E-01   
 7.560304E-01   
 7.572258E-01   
 7.584192E-01   
 7.596103E-01   
 7.607992E-01   
 7.619858E-01   
 7.631702E-01   
 7.643522E-01   
 7.655317E-01   
 7.667089E-01   
 7.678836E-01   
 7.690557E-01   
 7.702253E-01   
 7.713923E-01   
 7.725567E-01   
 7.737184E-01   
 7.748773E-01   
 7.760335E-01   
 7.771869E-01   
 7.783374E-01   
 7.794851E-01   
 7.806298E-01   
 7.817716E-01   
 7.829103E-01   
 7.840460E-01   
 7.851787E-01   
 7.863082E-01   
 7.874345E-01   
 7.885576E-01   
 7.896775E-01   
 7.907942E-01   
 7.919075E-01   
 7.930174E-01   
 7.941240E-01   
 7.952271E-01   
 7.963268E-01   
 7.974230E-01   
 7.985156E-01   
 7.996047E-01   
 8.006901E-01   
 8.017719E-01   
 8.028500E-01   
 8.039243E-01   
 8.049950E-01   
 8.060618E-01   
 8.071248E-01   
 8.081839E-01   
 8.092391E-01   
 8.102904E-01   
 8.113377E-01   
 8.123810E-01   
 8.134203E-01   
 8.144555E-01   
 8.154866E-01   
 8.165135E-01   
 8.175363E-01   
 8.185549E-01   
 8.195692E-01   
 8.205792E-01   
 8.215849E-01   
 8.225863E-01   
 8.235833E-01   
 8.245760E-01   
 8.255641E-01   
 8.265478E-01   
 8.275270E-01   
 8.285017E-01   
 8.294718E-01   
 8.304373E-01   
 8.313982E-01   
 8.323544E-01   
 8.333060E-01   
 8.342528E-01   
 8.351948E-01   
 8.361321E-01   
 8.370646E-01   
 8.379923E-01   
 8.389150E-01   
 8.398329E-01   
 8.407459E-01   
 8.416539E-01   
 8.425569E-01   
 8.434549E-01   
 8.443479E-01   
 8.452358E-01   
 8.461186E-01   
 8.469963E-01   
 8.478689E-01   
 8.487362E-01   
 8.495984E-01   
 8.504553E-01   
 8.513070E-01   
 8.521534E-01   
 8.529945E-01   
 8.538303E-01   
 8.546607E-01   
 8.554857E-01   
 8.563053E-01   
 8.571195E-01   
 8.579282E-01   
 8.587314E-01   
 8.595291E-01   
 8.603213E-01   
 8.611079E-01   
 8.618890E-01   
 8.626644E-01   
 8.634342E-01   
 8.641984E-01   
 8.649569E-01   
 8.657096E-01   
 8.664567E-01   
 8.671980E-01   
 8.679336E-01   
 8.686634E-01   
 8.693873E-01   
 8.701055E-01   
 8.708177E-01   
 8.715242E-01   
 8.722247E-01   
 8.729193E-01   
 8.736079E-01   
 8.742906E-01   
 8.749674E-01   
 8.756381E-01   
 8.763028E-01   
 8.769615E-01   
 8.776142E-01   
 8.782607E-01   
 8.789012E-01   
 8.795356E-01   
 8.801638E-01   
 8.807859E-01   
 8.814018E-01   
 8.820115E-01   
 8.826150E-01   
 8.832123E-01   
 8.838034E-01   
 8.843882E-01   
 8.849668E-01   
 8.855390E-01   
 8.861050E-01   
 8.866646E-01   
 8.872179E-01   
 8.877649E-01   
 8.883054E-01   
 8.888396E-01   
 8.893674E-01   
 8.898888E-01   
 8.904037E-01   
 8.909122E-01   
 8.914143E-01   
 8.919098E-01   
 8.923989E-01   
 8.928815E-01   
 8.933576E-01   
 8.938271E-01   
 8.942901E-01   
 8.947465E-01   
 8.951964E-01   
 8.956397E-01   
 8.960764E-01   
 8.965065E-01   
 8.969300E-01   
 8.973468E-01   
 8.977570E-01   
 8.981606E-01   
 8.985574E-01   
 8.989477E-01   
 8.993312E-01   
 8.997080E-01   
 9.000781E-01   
 9.004415E-01   
 9.007982E-01   
 9.011481E-01   
 9.014913E-01   
 9.018277E-01   
 9.021574E-01   
 9.024803E-01   
 9.027963E-01   
 9.031056E-01   
 9.034081E-01   
 9.037038E-01   
 9.039927E-01   
 9.042747E-01   
 9.045499E-01   
 9.048183E-01   
 9.050798E-01   
 9.053344E-01   
 9.055822E-01   
 9.058231E-01   
 9.060571E-01   
 9.062843E-01   
 9.065045E-01   
 9.067178E-01   
 9.069243E-01   
 9.071238E-01   
 9.073165E-01   
 9.075022E-01   
 9.076809E-01   
 9.078528E-01   
 9.080177E-01   
 9.081757E-01   
 9.083267E-01   
 9.084708E-01   
 9.086079E-01   
 9.087380E-01   
 9.088613E-01   
 9.089775E-01   
 9.090868E-01   
 9.091891E-01   
 9.092844E-01   
 9.093728E-01   
 9.094542E-01   
 9.095286E-01   
 9.095960E-01   
 9.096564E-01   
 9.097099E-01   
 9.097564E-01   
 9.097958E-01   
 9.098283E-01   
 9.098538E-01   
 9.098723E-01   
 9.098839E-01   
 9.098884E-01   
 9.098859E-01   
 9.098765E-01   
 9.098600E-01   
 9.098366E-01   
 9.098062E-01   
 9.097687E-01   
 9.097243E-01   
 9.096729E-01   
 9.096146E-01   
 9.095492E-01   
 9.094769E-01   
 9.093975E-01   
 9.093112E-01   
 9.092179E-01   
 9.091177E-01   
 9.090105E-01   
 9.088963E-01   
 9.087751E-01   
 9.086470E-01   
 9.085120E-01   
 9.083699E-01   
 9.082210E-01   
 9.080650E-01   
 9.079022E-01   
 9.077324E-01   
 9.075556E-01   
 9.073720E-01   
 9.071814E-01   
 9.069839E-01   
 9.067795E-01   
 9.065682E-01   
 9.063500E-01   
 9.061249E-01   
 9.058929E-01   
 9.056540E-01   
 9.054082E-01   
 9.051556E-01   
 9.048962E-01   
 9.046298E-01   
 9.043566E-01   
 9.040766E-01   
 9.037898E-01   
 9.034961E-01   
 9.031956E-01   
 9.028883E-01   
 9.025743E-01   
 9.022534E-01   
 9.019257E-01   
 9.015913E-01   
 9.012501E-01   
 9.009022E-01   
 9.005475E-01   
 9.001861E-01   
 8.998179E-01   
 8.994431E-01   
 8.990616E-01   
 8.986733E-01   
 8.982784E-01   
 8.978768E-01   
 8.974686E-01   
 8.970537E-01   
 8.966322E-01   
 8.962040E-01   
 8.957693E-01   
 8.953279E-01   
 8.948800E-01   
 8.944255E-01   
 8.939644E-01   
 8.934968E-01   
 8.930227E-01   
 8.925420E-01   
 8.920549E-01   
 8.915612E-01   
 8.910611E-01   
 8.905545E-01   
 8.900414E-01   
 8.895220E-01   
 8.889961E-01   
 8.884638E-01   
 8.879251E-01   
 8.873800E-01   
 8.868286E-01   
 8.862708E-01   
 8.857067E-01   
 8.851363E-01   
 8.845596E-01   
 8.839767E-01   
 8.833874E-01   
 8.827920E-01   
 8.821903E-01   
 8.815824E-01   
 8.809683E-01   
 8.803480E-01   
 8.797216E-01   
 8.790891E-01   
 8.784504E-01   
 8.778056E-01   
 8.771548E-01   
 8.764979E-01   
 8.758349E-01   
 8.751660E-01   
 8.744910E-01   
 8.738101E-01   
 8.731232E-01   
 8.724303E-01   
 8.717315E-01   
 8.710269E-01   
 8.703163E-01   
 8.695999E-01   
 8.688777E-01   
 8.681496E-01   
 8.674157E-01   
 8.666761E-01   
 8.659307E-01   
 8.651796E-01   
 8.644228E-01   
 8.636604E-01   
 8.628922E-01   
 8.621184E-01   
 8.613390E-01   
 8.605541E-01   
 8.597635E-01   
 8.589674E-01   
 8.581658E-01   
 8.573587E-01   
 8.565462E-01   
 8.557282E-01   
 8.549048E-01   
 8.540759E-01   
 8.532418E-01   
 8.524022E-01   
 8.515574E-01   
 8.507073E-01   
 8.498519E-01   
 8.489913E-01   
 8.481254E-01   
 8.472544E-01   
 8.463782E-01   
 8.454969E-01   
 8.446105E-01   
 8.437190E-01   
 8.428225E-01   
 8.419209E-01   
 8.410144E-01   
 8.401029E-01   
 8.391865E-01   
 8.382651E-01   
 8.373389E-01   
 8.364079E-01   
 8.354720E-01   
 8.345313E-01   
 8.335859E-01   
 8.326358E-01   
 8.316809E-01   
 8.307214E-01   
 8.297573E-01   
 8.287885E-01   
 8.278152E-01   
 8.268373E-01   
 8.258549E-01   
 8.248681E-01   
 8.238768E-01   
 8.228811E-01   
 8.218810E-01   
 8.208765E-01   
 8.198677E-01   
 8.188547E-01   
 8.178374E-01   
 8.168158E-01   
 8.157901E-01   
 8.147603E-01   
 8.137263E-01   
 8.126882E-01   
 8.116461E-01   
 8.105999E-01   
 8.095498E-01   
 8.084958E-01   
 8.074378E-01   
 8.063759E-01   
 8.053102E-01   
 8.042407E-01   
 8.031675E-01   
 8.020905E-01   
 8.010098E-01   
 7.999254E-01   
 7.988374E-01   
 7.977459E-01   
 7.966507E-01   
 7.955521E-01   
 7.944500E-01   
 7.933444E-01   
 7.922354E-01   
 7.911231E-01   
 7.900075E-01   
 7.888885E-01   
 7.877663E-01   
 7.866409E-01   
 7.855124E-01   
 7.843807E-01   
 7.832459E-01   
 7.821080E-01   
 7.809671E-01   
 7.798233E-01   
 7.786765E-01   
 7.775268E-01   
 7.763742E-01   
 7.752189E-01   
 7.740607E-01   
 7.728999E-01   
 7.717363E-01   
 7.705701E-01   
 7.694012E-01   
 7.682298E-01   
 7.670559E-01   
 7.658795E-01   
 7.647006E-01   
 7.635193E-01   
 7.623356E-01   
 7.611497E-01   
 7.599614E-01   
 7.587710E-01   
 7.575783E-01   
 7.563835E-01   
 7.551865E-01   
 7.539875E-01   
 7.527865E-01   
 7.515835E-01   
 7.503786E-01   
 7.491718E-01   
 7.479631E-01   
 7.467526E-01   
 7.455404E-01   
 7.443265E-01   
 7.431109E-01   
 7.418937E-01   
 7.406748E-01   
 7.394545E-01   
 7.382327E-01   
 7.370094E-01   
 7.357847E-01   
 7.345587E-01   
 7.333313E-01   
 7.321027E-01   
 7.308729E-01   
 7.296419E-01   
 7.284098E-01   
 7.271766E-01   
 7.259424E-01   
 7.247072E-01   
 7.234710E-01   
 7.222340E-01   
 7.209961E-01   
 7.197574E-01   
 7.185180E-01   
 7.172779E-01   
 7.160371E-01   
 7.147957E-01   
 7.135537E-01   
 7.123112E-01   
 7.110682E-01   
 7.098249E-01   
 7.085811E-01   
 7.073371E-01   
 7.060927E-01   
 7.048482E-01   
 7.036034E-01   
 7.023585E-01   
 7.011136E-01   
 6.998686E-01   
 6.986236E-01   
 6.973787E-01   
 6.961339E-01   
 6.948893E-01   
 6.936448E-01   
 6.924007E-01   
 6.911568E-01   
 6.899133E-01   
 6.886702E-01   
 6.874276E-01   
 6.861854E-01   
 6.849438E-01   
 6.837029E-01   
 6.824625E-01   
 6.812229E-01   
 6.799840E-01   
 6.787460E-01   
 6.775087E-01   
 6.762724E-01   
 6.750371E-01   
 6.738027E-01   
 6.725694E-01   
 6.713372E-01   
 6.701061E-01   
 6.688762E-01   
 6.676476E-01   
 6.664203E-01   
 6.651943E-01   
 6.639698E-01   
 6.627467E-01   
 6.615251E-01   
 6.603050E-01   
 6.590865E-01   
 6.578697E-01   
 6.566546E-01   
 6.554413E-01   
 6.542297E-01   
 6.530200E-01   
 6.518122E-01   
 6.506064E-01   
 6.494025E-01   
 6.482008E-01   
 6.470011E-01   
 6.458035E-01   
 6.446082E-01   
 6.434151E-01   
 6.422243E-01   
 6.410359E-01   
 6.398499E-01   
 6.386663E-01   
 6.374853E-01   
 6.363067E-01   
 6.351308E-01   
 6.339576E-01   
 6.327870E-01   
 6.316192E-01   
 6.304542E-01   
 6.292920E-01   
 6.281328E-01   
 6.269765E-01   
 6.258232E-01   
 6.246729E-01   
 6.235258E-01   
 6.223818E-01   
 6.212410E-01   
 6.201034E-01   
 6.189691E-01   
 6.178382E-01   
 6.167107E-01   
 6.155866E-01   
 6.144660E-01   
 6.133489E-01   
 6.122355E-01   
 6.111256E-01   
 6.100195E-01   
 6.089170E-01   
 6.078184E-01   
 6.067236E-01   
 6.056327E-01   
 6.045457E-01   
 6.034626E-01   
 6.023836E-01   
 6.013087E-01   
 6.002378E-01   
 5.991712E-01   
 5.981087E-01   
 5.970505E-01   
 5.959966E-01   
 5.949470E-01   
 5.939019E-01   
 5.928612E-01   
 5.918249E-01   
 5.907932E-01   
 5.897661E-01   
 5.887436E-01   
 5.877258E-01   
 5.867127E-01   
 5.857044E-01   
 5.847009E-01   
 5.837022E-01   
 5.827085E-01   
 5.817196E-01   
 5.807358E-01   
 5.797570E-01   
 5.787833E-01   
 5.778146E-01   
 5.768512E-01   
 5.758930E-01   
 5.749400E-01   
 5.739923E-01   
 5.730499E-01   
 5.721129E-01   
 5.711814E-01   
 5.702553E-01   
 5.693347E-01   
 5.684197E-01   
 5.675102E-01   
 5.666064E-01   
 5.657083E-01   
 5.648158E-01   
 5.639292E-01   
 5.630483E-01   
 5.621733E-01   
 5.613041E-01   
 5.604408E-01   
 5.595836E-01   
 5.587323E-01   
 5.578870E-01   
 5.570478E-01   
 5.562147E-01   
 5.553878E-01   
 5.545671E-01   
 5.537526E-01   
 5.529443E-01   
 5.521424E-01   
 5.513468E-01   
 5.505576E-01   
 5.497748E-01   
 5.489984E-01   
 5.482285E-01   
 5.474652E-01   
 5.467084E-01   
 5.459582E-01   
 5.452146E-01   
 5.444777E-01   
 5.437475E-01   
 5.430240E-01   
 5.423072E-01   
 5.415973E-01   
 5.408942E-01   
 5.401980E-01   
 5.395087E-01   
 5.388263E-01   
 5.381508E-01   
 5.374824E-01   
 5.368209E-01   
 5.361666E-01   
 5.355193E-01   
 5.348791E-01   
 5.342461E-01   
 5.336203E-01   
 5.330016E-01   
 5.323902E-01   
 5.317861E-01   
 5.311893E-01   
 5.305997E-01   
 5.300176E-01   
 5.294428E-01   
 5.288754E-01   
 5.283154E-01   
 5.277629E-01   
 5.272179E-01   
 5.266804E-01   
 5.261504E-01   
 5.256280E-01   
 5.251132E-01   
 5.246060E-01   
 5.241064E-01   
 5.236145E-01   
 5.231303E-01   
 5.226537E-01   
 5.221849E-01   
 5.217238E-01   
 5.212706E-01   
 5.208251E-01   
 5.203874E-01   
 5.199575E-01   
 5.195355E-01   
 5.191214E-01   
 5.187152E-01   
 5.183169E-01   
 5.179265E-01   
 5.175441E-01   
 5.171697E-01   
 5.168032E-01   
 5.164448E-01   
 5.160943E-01   
 5.157520E-01   
 5.154176E-01   
 5.150914E-01   
 5.147732E-01   
 5.144631E-01   
 5.141612E-01   
 5.138674E-01   
 5.135817E-01   
 5.133042E-01   
 5.130349E-01   
 5.127738E-01   
 5.125209E-01   
 5.122761E-01   
 5.120396E-01   
 5.118114E-01   
 5.115914E-01   
 5.113796E-01   
 5.111761E-01   
 5.109809E-01   
 5.107940E-01   
 5.106153E-01   
 5.104450E-01   
 5.102830E-01   
 5.101293E-01   
 5.099839E-01   
 5.098469E-01   
 5.097182E-01   
 5.095979E-01   
 5.094859E-01   
 5.093822E-01   
 5.092870E-01   
 5.092001E-01   
 5.091216E-01   
 5.090514E-01   
 5.089896E-01   
 5.089363E-01   
 5.088913E-01   
 5.088546E-01   
 5.088264E-01   
 5.088066E-01   
 5.087951E-01   
 5.087921E-01   
 5.087974E-01   
 5.088112E-01   
 5.088333E-01   
 5.088638E-01   
 5.089027E-01   
 5.089500E-01   
 5.090057E-01   
 5.090697E-01   
 5.091422E-01   
 5.092230E-01   
 5.093122E-01   
 5.094097E-01   
 5.095156E-01   
 5.096299E-01   
 5.097525E-01   
 5.098835E-01   
 5.100228E-01   
 5.101704E-01   
 5.103264E-01   
 5.104907E-01   
 5.106633E-01   
 5.108442E-01   
 5.110334E-01   
 5.112309E-01   
 5.114366E-01   
 5.116506E-01   
 5.118729E-01   
 5.121034E-01   
 5.123422E-01   
 5.125891E-01   
 5.128443E-01   
 5.131077E-01   
 5.133792E-01   
 5.136590E-01   
 5.139468E-01   
 5.142429E-01   
 5.145470E-01   
 5.148593E-01   
 5.151797E-01   
 5.155081E-01   
 5.158447E-01   
 5.161892E-01   
 5.165419E-01   
 5.169025E-01   
 5.172711E-01   
 5.176478E-01   
 5.180324E-01   
 5.184249E-01   
 5.188254E-01   
 5.192337E-01   
 5.196500E-01   
 5.200741E-01   
 5.205061E-01   
 5.209460E-01   
 5.213936E-01   
 5.218490E-01   
 5.223122E-01   
 5.227831E-01   
 5.232617E-01   
 5.237481E-01   
 5.242421E-01   
 5.247438E-01   
 5.252531E-01   
 5.257700E-01   
 5.262944E-01   
 5.268265E-01   
 5.273660E-01   
 5.279131E-01   
 5.284676E-01   
 5.290296E-01   
 5.295990E-01   
 5.301758E-01   
 5.307600E-01   
 5.313515E-01   
 5.319504E-01   
 5.325565E-01   
 5.331699E-01   
 5.337905E-01   
 5.344183E-01   
 5.350533E-01   
 5.356954E-01   
 5.363446E-01   
 5.370009E-01   
 5.376642E-01   
 5.383346E-01   
 5.390120E-01   
 5.396963E-01   
 5.403875E-01   
 5.410856E-01   
 5.417905E-01   
 5.425023E-01   
 5.432209E-01   
 5.439462E-01   
 5.446783E-01   
 5.454170E-01   
 5.461624E-01   
 5.469144E-01   
 5.476730E-01   
 5.484381E-01   
 5.492098E-01   
 5.499879E-01   
 5.507725E-01   
 5.515635E-01   
 5.523608E-01   
 5.531645E-01   
 5.539744E-01   
 5.547906E-01   
 5.556131E-01   
 5.564417E-01   
 5.572764E-01   
 5.581173E-01   
 5.589642E-01   
 5.598171E-01   
 5.606760E-01   
 5.615409E-01   
 5.624117E-01   
 5.632883E-01   
 5.641708E-01   
 5.650590E-01   
 5.659530E-01   
 5.668527E-01   
 5.677581E-01   
 5.686690E-01   
 5.695856E-01   
 5.705077E-01   
 5.714353E-01   
 5.723683E-01   
 5.733068E-01   
 5.742506E-01   
 5.751997E-01   
 5.761542E-01   
 5.771138E-01   
 5.780787E-01   
 5.790487E-01   
 5.800238E-01   
 5.810040E-01   
 5.819892E-01   
 5.829794E-01   
 5.839745E-01   
 5.849745E-01   
 5.859793E-01   
 5.869890E-01   
 5.880034E-01   
 5.890224E-01   
 5.900462E-01   
 5.910746E-01   
 5.921075E-01   
 5.931450E-01   
 5.941869E-01   
 5.952333E-01   
 5.962840E-01   
 5.973391E-01   
 5.983985E-01   
 5.994621E-01   
 6.005299E-01   
 6.016018E-01   
 6.026779E-01   
 6.037580E-01   
 6.048421E-01   
 6.059302E-01   
 6.070222E-01   
 6.081181E-01   
 6.092178E-01   
 6.103212E-01   
 6.114284E-01   
 6.125392E-01   
 6.136537E-01   
 6.147717E-01   
 6.158933E-01   
 6.170183E-01   
 6.181468E-01   
 6.192786E-01   
 6.204138E-01   
 6.215522E-01   
 6.226939E-01   
 6.238388E-01   
 6.249868E-01   
 6.261379E-01   
 6.272920E-01   
 6.284491E-01   
 6.296092E-01   
 6.307721E-01   
 6.319379E-01   
 6.331064E-01   
 6.342777E-01   
 6.354517E-01   
 6.366284E-01   
 6.378076E-01   
 6.389893E-01   
 6.401736E-01   
 6.413603E-01   
 6.425493E-01   
 6.437407E-01   
 6.449344E-01   
 6.461304E-01   
 6.473285E-01   
 6.485288E-01   
 6.497311E-01   
 6.509355E-01   
 6.521419E-01   
 6.533502E-01   
 6.545605E-01   
 6.557725E-01   
 6.569863E-01   
 6.582019E-01   
 6.594192E-01   
 6.606381E-01   
 6.618586E-01   
 6.630806E-01   
 6.643041E-01   
 6.655290E-01   
 6.667554E-01   
 6.679831E-01   
 6.692120E-01   
 6.704422E-01   
 6.716736E-01   
 6.729061E-01   
 6.741397E-01   
 6.753744E-01   
 6.766100E-01   
 6.778466E-01   
 6.790840E-01   
 6.803223E-01   
 6.815614E-01   
 6.828012E-01   
 6.840417E-01   
 6.852829E-01   
 6.865246E-01   
 6.877669E-01   
 6.890097E-01   
 6.902529E-01   
 6.914965E-01   
 6.927404E-01   
 6.939847E-01   
 6.952292E-01   
 6.964739E-01   
 6.977187E-01   
 6.989636E-01   
 7.002086E-01   
 7.014536E-01   
 7.026986E-01   
 7.039434E-01   
 7.051881E-01   
 7.064326E-01   
 7.076769E-01   
 7.089209E-01   
 7.101645E-01   
 7.114078E-01   
 7.126506E-01   
 7.138929E-01   
 7.151348E-01   
 7.163760E-01   
 7.176166E-01   
 7.188566E-01   
 7.200958E-01   
 7.213343E-01   
 7.225719E-01   
 7.238087E-01   
 7.250446E-01   
 7.262796E-01   
 7.275135E-01   
 7.287464E-01   
 7.299782E-01   
 7.312089E-01   
 7.324384E-01   
 7.336667E-01   
 7.348937E-01   
 7.361193E-01   
 7.373436E-01   
 7.385665E-01   
 7.397879E-01   
 7.410079E-01   
 7.422263E-01   
 7.434431E-01   
 7.446582E-01   
 7.458717E-01   
 7.470834E-01   
 7.482934E-01   
 7.495016E-01   
 7.507079E-01   
 7.519123E-01   
 7.531147E-01   
 7.543152E-01   
 7.555136E-01   
 7.567100E-01   
 7.579042E-01   
 7.590963E-01   
 7.602862E-01   
 7.614738E-01   
 7.626592E-01   
 7.638422E-01   
 7.650228E-01   
 7.662010E-01   
 7.673768E-01   
 7.685500E-01   
 7.697207E-01   
 7.708888E-01   
 7.720544E-01   
 7.732172E-01   
 7.743773E-01   
 7.755347E-01   
 7.766893E-01   
 7.778411E-01   
 7.789900E-01   
 7.801360E-01   
 7.812790E-01   
 7.824191E-01   
 7.835561E-01   
 7.846901E-01   
 7.858209E-01   
 7.869486E-01   
 7.880732E-01   
 7.891945E-01   
 7.903125E-01   
 7.914273E-01   
 7.925387E-01   
 7.936467E-01   
 7.947513E-01   
 7.958525E-01   
 7.969502E-01   
 7.980443E-01   
 7.991349E-01   
 8.002219E-01   
 8.013053E-01   
 8.023850E-01   
 8.034610E-01   
 8.045332E-01   
 8.056017E-01   
 8.066663E-01   
 8.077271E-01   
 8.087840E-01   
 8.098370E-01   
 8.108861E-01   
 8.119311E-01   
 8.129721E-01   
 8.140091E-01   
 8.150419E-01   
 8.160707E-01   
 8.170953E-01   
 8.181156E-01   
 8.191318E-01   
 8.201437E-01   
 8.211513E-01   
 8.221545E-01   
 8.231535E-01   
 8.241480E-01   
 8.251381E-01   
 8.261237E-01   
 8.271048E-01   
 8.280815E-01   
 8.290536E-01   
 8.300211E-01   
 8.309839E-01   
 8.319422E-01   
 8.328957E-01   
 8.338446E-01   
 8.347887E-01   
 8.357281E-01   
 8.366626E-01   
 8.375924E-01   
 8.385173E-01   
 8.394373E-01   
 8.403523E-01   
 8.412625E-01   
 8.421677E-01   
 8.430679E-01   
 8.439630E-01   
 8.448531E-01   
 8.457381E-01   
 8.466180E-01   
 8.474928E-01   
 8.483624E-01   
 8.492268E-01   
 8.500860E-01   
 8.509400E-01   
 8.517887E-01   
 8.526321E-01   
 8.534701E-01   
 8.543028E-01   
 8.551302E-01   
 8.559521E-01   
 8.567687E-01   
 8.575797E-01   
 8.583853E-01   
 8.591854E-01   
 8.599800E-01   
 8.607690E-01   
 8.615525E-01   
 8.623303E-01   
 8.631026E-01   
 8.638692E-01   
 8.646301E-01   
 8.653854E-01   
 8.661349E-01   
 8.668787E-01   
 8.676167E-01   
 8.683490E-01   
 8.690755E-01   
 8.697961E-01   
 8.705110E-01   
 8.712199E-01   
 8.719230E-01   
 8.726201E-01   
 8.733114E-01   
 8.739966E-01   
 8.746760E-01   
 8.753493E-01   
 8.760166E-01   
 8.766779E-01   
 8.773332E-01   
 8.779823E-01   
 8.786254E-01   
 8.792624E-01   
 8.798933E-01   
 8.805180E-01   
 8.811366E-01   
 8.817490E-01   
 8.823552E-01   
 8.829552E-01   
 8.835490E-01   
 8.841365E-01   
 8.847178E-01   
 8.852927E-01   
 8.858614E-01   
 8.864238E-01   
 8.869798E-01   
 8.875295E-01   
 8.880728E-01   
 8.886098E-01   
 8.891403E-01   
 8.896645E-01   
 8.901822E-01   
 8.906935E-01   
 8.911983E-01   
 8.916967E-01   
 8.921886E-01   
 8.926740E-01   
 8.931528E-01   
 8.936252E-01   
 8.940910E-01   
 8.945503E-01   
 8.950030E-01   
 8.954491E-01   
 8.958887E-01   
 8.963216E-01   
 8.967480E-01   
 8.971677E-01   
 8.975807E-01   
 8.979872E-01   
 8.983869E-01   
 8.987800E-01   
 8.991664E-01   
 8.995461E-01   
 8.999192E-01   
 9.002855E-01   
 9.006450E-01   
 9.009979E-01   
 9.013440E-01   
 9.016833E-01   
 9.020159E-01   
 9.023417E-01   
 9.026607E-01   
 9.029729E-01   
 9.032784E-01   
 9.035770E-01   
 9.038688E-01   
 9.041538E-01   
 9.044319E-01   
 9.047032E-01   
 9.049677E-01   
 9.052253E-01   
 9.054761E-01   
 9.057199E-01   
 9.059569E-01   
 9.061870E-01   
 9.064103E-01   
 9.066266E-01   
 9.068360E-01   
 9.070385E-01   
 9.072341E-01   
 9.074228E-01   
 9.076046E-01   
 9.077794E-01   
 9.079473E-01   
 9.081083E-01   
 9.082623E-01   
 9.084094E-01   
 9.085495E-01   
 9.086827E-01   
 9.088089E-01   
 9.089282E-01   
 9.090405E-01   
 9.091458E-01   
 9.092441E-01   
 9.093355E-01   
 9.094199E-01   
 9.094973E-01   
 9.095677E-01   
 9.096312E-01   
 9.096877E-01   
 9.097372E-01   
 9.097796E-01   
 9.098152E-01   
 9.098437E-01   
 9.098652E-01   
 9.098797E-01   
 9.098873E-01   
 9.098878E-01   
 9.098814E-01   
 9.098680E-01   
 9.098476E-01   
 9.098201E-01   
 9.097857E-01   
 9.097444E-01   
 9.096960E-01   
 9.096406E-01   
 9.095783E-01   
 9.095089E-01   
 9.094326E-01   
 9.093493E-01   
 9.092591E-01   
 9.091618E-01   
 9.090576E-01   
 9.089464E-01   
 9.088283E-01   
 9.087032E-01   
 9.085711E-01   
 9.084321E-01   
 9.082861E-01   
 9.081332E-01   
 9.079733E-01   
 9.078065E-01   
 9.076328E-01   
 9.074521E-01   
 9.072645E-01   
 9.070700E-01   
 9.068686E-01   
 9.066603E-01   
 9.064450E-01   
 9.062229E-01   
 9.059939E-01   
 9.057580E-01   
 9.055152E-01   
 9.052655E-01   
 9.050090E-01   
 9.047456E-01   
 9.044754E-01   
 9.041984E-01   
 9.039145E-01   
 9.036237E-01   
 9.033262E-01   
 9.030218E-01   
 9.027107E-01   
 9.023927E-01   
 9.020680E-01   
 9.017365E-01   
 9.013982E-01   
 9.010532E-01   
 9.007014E-01   
 9.003429E-01   
 8.999777E-01   
 8.996058E-01   
 8.992271E-01   
 8.988418E-01   
 8.984497E-01   
 8.980510E-01   
 8.976456E-01   
 8.972336E-01   
 8.968150E-01   
 8.963897E-01   
 8.959578E-01   
 8.955193E-01   
 8.950742E-01   
 8.946225E-01   
 8.941643E-01   
 8.936995E-01   
 8.932282E-01   
 8.927503E-01   
 8.922660E-01   
 8.917751E-01   
 8.912778E-01   
 8.907740E-01   
 8.902637E-01   
 8.897470E-01   
 8.892239E-01   
 8.886943E-01   
 8.881584E-01   
 8.876161E-01   
 8.870674E-01   
 8.865124E-01   
 8.859510E-01   
 8.853834E-01   
 8.848094E-01   
 8.842291E-01   
 8.836426E-01   
 8.830498E-01   
 8.824508E-01   
 8.818456E-01   
 8.812342E-01   
 8.806166E-01   
 8.799928E-01   
 8.793629E-01   
 8.787269E-01   
 8.780847E-01   
 8.774365E-01   
 8.767822E-01   
 8.761219E-01   
 8.754555E-01   
 8.747831E-01   
 8.741048E-01   
 8.734204E-01   
 8.727301E-01   
 8.720339E-01   
 8.713318E-01   
 8.706238E-01   
 8.699099E-01   
 8.691902E-01   
 8.684646E-01   
 8.677333E-01   
 8.669961E-01   
 8.662532E-01   
 8.655046E-01   
 8.647503E-01   
 8.639902E-01   
 8.632245E-01   
 8.624532E-01   
 8.616762E-01   
 8.608936E-01   
 8.601055E-01   
 8.593118E-01   
 8.585126E-01   
 8.577079E-01   
 8.568977E-01   
 8.560820E-01   
 8.552609E-01   
 8.544344E-01   
 8.536026E-01   
 8.527653E-01   
 8.519228E-01   
 8.510749E-01   
 8.502218E-01   
 8.493635E-01   
 8.484999E-01   
 8.476311E-01   
 8.467571E-01   
 8.458780E-01   
 8.449938E-01   
 8.441045E-01   
 8.432102E-01   
 8.423108E-01   
 8.414064E-01   
 8.404970E-01   
 8.395827E-01   
 8.386635E-01   
 8.377394E-01   
 8.368104E-01   
 8.358766E-01   
 8.349380E-01   
 8.339946E-01   
 8.330465E-01   
 8.320937E-01   
 8.311362E-01   
 8.301741E-01   
 8.292073E-01   
 8.282360E-01   
 8.272600E-01   
 8.262796E-01   
 8.252947E-01   
 8.243053E-01   
 8.233115E-01   
 8.223133E-01   
 8.213107E-01   
 8.203038E-01   
 8.192926E-01   
 8.182771E-01   
 8.172574E-01   
 8.162335E-01   
 8.152054E-01   
 8.141732E-01   
 8.131369E-01   
 8.120965E-01   
 8.110521E-01   
 8.100037E-01   
 8.089513E-01   
 8.078950E-01   
 8.068348E-01   
 8.057708E-01   
 8.047029E-01   
 8.036313E-01   
 8.025559E-01   
 8.014768E-01   
 8.003940E-01   
 7.993076E-01   
 7.982175E-01   
 7.971239E-01   
 7.960268E-01   
 7.949262E-01   
 7.938221E-01   
 7.927146E-01   
 7.916037E-01   
 7.904895E-01   
 7.893720E-01   
 7.882512E-01   
 7.871272E-01   
 7.860000E-01   
 7.848696E-01   
 7.837361E-01   
 7.825996E-01   
 7.814600E-01   
 7.803174E-01   
 7.791719E-01   
 7.780235E-01   
 7.768722E-01   
 7.757180E-01   
 7.745611E-01   
 7.734014E-01   
 7.722390E-01   
 7.710739E-01   
 7.699062E-01   
 7.687359E-01   
 7.675630E-01   
 7.663876E-01   
 7.652098E-01   
 7.640296E-01   
 7.628469E-01   
 7.616620E-01   
 7.604747E-01   
 7.592852E-01   
 7.580935E-01   
 7.568996E-01   
 7.557035E-01   
 7.545054E-01   
 7.533053E-01   
 7.521031E-01   
 7.508990E-01   
 7.496930E-01   
 7.484851E-01   
 7.472754E-01   
 7.460640E-01   
 7.448508E-01   
 7.436359E-01   
 7.424193E-01   
 7.412012E-01   
 7.399815E-01   
 7.387603E-01   
 7.375377E-01   
 7.363136E-01   
 7.350881E-01   
 7.338614E-01   
 7.326333E-01   
 7.314040E-01   
 7.301735E-01   
 7.289419E-01   
 7.277091E-01   
 7.264754E-01   
 7.252406E-01   
 7.240048E-01   
 7.227682E-01   
 7.215306E-01   
 7.202923E-01   
 7.190532E-01   
 7.178133E-01   
 7.165728E-01   
 7.153317E-01   
 7.140899E-01   
 7.128477E-01   
 7.116049E-01   
 7.103617E-01   
 7.091181E-01   
 7.078742E-01   
 7.066300E-01   
 7.053855E-01   
 7.041408E-01   
 7.028960E-01   
 7.016511E-01   
 7.004061E-01   
 6.991611E-01   
 6.979161E-01   
 6.966713E-01   
 6.954266E-01   
 6.941821E-01   
 6.929378E-01   
 6.916938E-01   
 6.904501E-01   
 6.892068E-01   
 6.879640E-01   
 6.867216E-01   
 6.854798E-01   
 6.842385E-01   
 6.829979E-01   
 6.817580E-01   
 6.805188E-01   
 6.792804E-01   
 6.780428E-01   
 6.768060E-01   
 6.755703E-01   
 6.743355E-01   
 6.731017E-01   
 6.718690E-01   
 6.706374E-01   
 6.694070E-01   
 6.681779E-01   
 6.669500E-01   
 6.657234E-01   
 6.644983E-01   
 6.632745E-01   
 6.620523E-01   
 6.608315E-01   
 6.596124E-01   
 6.583949E-01   
 6.571790E-01   
 6.559649E-01   
 6.547526E-01   
 6.535421E-01   
 6.523334E-01   
 6.511267E-01   
 6.499220E-01   
 6.487193E-01   
 6.475187E-01   
 6.463203E-01   
 6.451240E-01   
 6.439299E-01   
 6.427381E-01   
 6.415487E-01   
 6.403616E-01   
 6.391770E-01   
 6.379948E-01   
 6.368152E-01   
 6.356382E-01   
 6.344638E-01   
 6.332920E-01   
 6.321230E-01   
 6.309568E-01   
 6.297934E-01   
 6.286329E-01   
 6.274753E-01   
 6.263207E-01   
 6.251691E-01   
 6.240206E-01   
 6.228753E-01   
 6.217331E-01   
 6.205941E-01   
 6.194584E-01   
 6.183260E-01   
 6.171970E-01   
 6.160715E-01   
 6.149493E-01   
 6.138307E-01   
 6.127157E-01   
 6.116043E-01   
 6.104966E-01   
 6.093925E-01   
 6.082922E-01   
 6.071958E-01   
 6.061032E-01   
 6.050145E-01   
 6.039297E-01   
 6.028489E-01   
 6.017722E-01   
 6.006996E-01   
 5.996311E-01   
 5.985669E-01   
 5.975068E-01   
 5.964510E-01   
 5.953996E-01   
 5.943525E-01   
 5.933099E-01   
 5.922717E-01   
 5.912381E-01   
 5.902090E-01   
 5.891845E-01   
 5.881647E-01   
 5.871495E-01   
 5.861391E-01   
 5.851335E-01   
 5.841328E-01   
 5.831369E-01   
 5.821459E-01   
 5.811599E-01   
 5.801789E-01   
 5.792030E-01   
 5.782322E-01   
 5.772665E-01   
 5.763060E-01   
 5.753507E-01   
 5.744008E-01   
 5.734561E-01   
 5.725168E-01   
 5.715829E-01   
 5.706544E-01   
 5.697315E-01   
 5.688140E-01   
 5.679022E-01   
 5.669959E-01   
 5.660953E-01   
 5.652004E-01   
 5.643113E-01   
 5.634279E-01   
 5.625503E-01   
 5.616786E-01   
 5.608128E-01   
 5.599529E-01   
 5.590990E-01   
 5.582512E-01   
 5.574094E-01   
 5.565736E-01   
 5.557441E-01   
 5.549206E-01   
 5.541034E-01   
 5.532925E-01   
 5.524878E-01   
 5.516895E-01   
 5.508975E-01   
 5.501119E-01   
 5.493328E-01   
 5.485601E-01   
 5.477939E-01   
 5.470343E-01   
 5.462812E-01   
 5.455348E-01   
 5.447950E-01   
 5.440619E-01   
 5.433355E-01   
 5.426158E-01   
 5.419030E-01   
 5.411969E-01   
 5.404977E-01   
 5.398054E-01   
 5.391200E-01   
 5.384416E-01   
 5.377701E-01   
 5.371056E-01   
 5.364482E-01   
 5.357979E-01   
 5.351546E-01   
 5.345185E-01   
 5.338896E-01   
 5.332678E-01   
 5.326533E-01   
 5.320460E-01   
 5.314460E-01   
 5.308534E-01   
 5.302680E-01   
 5.296900E-01   
 5.291194E-01   
 5.285563E-01   
 5.280005E-01   
 5.274523E-01   
 5.269115E-01   
 5.263783E-01   
 5.258526E-01   
 5.253345E-01   
 5.248240E-01   
 5.243212E-01   
 5.238259E-01   
 5.233384E-01   
 5.228585E-01   
 5.223863E-01   
 5.219219E-01   
 5.214653E-01   
 5.210164E-01   
 5.205754E-01   
 5.201421E-01   
 5.197168E-01   
 5.192992E-01   
 5.188896E-01   
 5.184879E-01   
 5.180941E-01   
 5.177082E-01   
 5.173303E-01   
 5.169604E-01   
 5.165985E-01   
 5.162446E-01   
 5.158988E-01   
 5.155610E-01   
 5.152312E-01   
 5.149096E-01   
 5.145960E-01   
 5.142906E-01   
 5.139932E-01   
 5.137041E-01   
 5.134230E-01   
 5.131502E-01   
 5.128855E-01   
 5.126290E-01   
 5.123808E-01   
 5.121407E-01   
 5.119089E-01   
 5.116853E-01   
 5.114700E-01   
 5.112629E-01   
 5.110642E-01   
 5.108736E-01   
 5.106914E-01   
 5.105175E-01   
 5.103519E-01   
 5.101946E-01   
 5.100457E-01   
 5.099050E-01   
 5.097727E-01   
 5.096488E-01   
 5.095332E-01   
 5.094260E-01   
 5.093271E-01   
 5.092366E-01   
 5.091544E-01   
 5.090807E-01   
 5.090153E-01   
 5.089583E-01   
 5.089096E-01   
 5.088694E-01   
 5.088376E-01   
 5.088141E-01   
 5.087990E-01   
 5.087924E-01   
 5.087941E-01   
 5.088042E-01   
 5.088227E-01   
 5.088496E-01   
 5.088849E-01   
 5.089286E-01   
 5.089806E-01   
 5.090411E-01   
 5.091099E-01   
 5.091871E-01   
 5.092726E-01   
 5.093666E-01   
 5.094689E-01   
 5.095795E-01   
 5.096986E-01   
 5.098259E-01   
 5.099616E-01   
 5.101057E-01   
 5.102581E-01   
 5.104188E-01   
 5.105878E-01   
 5.107651E-01   
 5.109507E-01   
 5.111446E-01   
 5.113468E-01   
 5.115572E-01   
 5.117759E-01   
 5.120029E-01   
 5.122381E-01   
 5.124815E-01   
 5.127331E-01   
 5.129930E-01   
 5.132610E-01   
 5.135372E-01   
 5.138216E-01   
 5.141141E-01   
 5.144147E-01   
 5.147235E-01   
 5.150404E-01   
 5.153653E-01   
 5.156984E-01   
 5.160395E-01   
 5.163887E-01   
 5.167458E-01   
 5.171110E-01   
 5.174842E-01   
 5.178653E-01   
 5.182545E-01   
 5.186515E-01   
 5.190565E-01   
 5.194693E-01   
 5.198901E-01   
 5.203187E-01   
 5.207551E-01   
 5.211994E-01   
 5.216514E-01   
 5.221113E-01   
 5.225788E-01   
 5.230542E-01   
 5.235372E-01   
 5.240279E-01   
 5.245263E-01   
 5.250323E-01   
 5.255459E-01   
 5.260671E-01   
 5.265959E-01   
 5.271322E-01   
 5.276760E-01   
 5.282273E-01   
 5.287861E-01   
 5.293523E-01   
 5.299259E-01   
 5.305069E-01   
 5.310953E-01   
 5.316910E-01   
 5.322939E-01   
 5.329042E-01   
 5.335217E-01   
 5.341464E-01   
 5.347783E-01   
 5.354173E-01   
 5.360634E-01   
 5.367167E-01   
 5.373770E-01   
 5.380443E-01   
 5.387187E-01   
 5.394000E-01   
 5.400882E-01   
 5.407834E-01   
 5.414854E-01   
 5.421942E-01   
 5.429098E-01   
 5.436323E-01   
 5.443614E-01   
 5.450973E-01   
 5.458398E-01   
 5.465890E-01   
 5.473447E-01   
 5.481070E-01   
 5.488759E-01   
 5.496512E-01   
 5.504330E-01   
 5.512212E-01   
 5.520158E-01   
 5.528167E-01   
 5.536240E-01   
 5.544375E-01   
 5.552572E-01   
 5.560832E-01   
 5.569153E-01   
 5.577535E-01   
 5.585978E-01   
 5.594481E-01   
 5.603045E-01   
 5.611668E-01   
 5.620350E-01   
 5.629091E-01   
 5.637891E-01   
 5.646748E-01   
 5.655663E-01   
 5.664636E-01   
 5.673665E-01   
 5.682751E-01   
 5.691892E-01   
 5.701089E-01   
 5.710341E-01   
 5.719648E-01   
 5.729010E-01   
 5.738425E-01   
 5.747893E-01   
 5.757415E-01   
 5.766989E-01   
 5.776615E-01   
 5.786293E-01   
 5.796022E-01   
 5.805802E-01   
 5.815633E-01   
 5.825513E-01   
 5.835443E-01   
 5.845422E-01   
 5.855449E-01   
 5.865525E-01   
 5.875648E-01   
 5.885819E-01   
 5.896037E-01   
 5.906300E-01   
 5.916610E-01   
 5.926965E-01   
 5.937365E-01   
 5.947810E-01   
 5.958298E-01   
 5.968831E-01   
 5.979406E-01   
 5.990024E-01   
 6.000684E-01   
 6.011386E-01   
 6.022128E-01   
 6.032912E-01   
 6.043736E-01   
 6.054600E-01   
 6.065503E-01   
 6.076445E-01   
 6.087426E-01   
 6.098444E-01   
 6.109499E-01   
 6.120592E-01   
 6.131721E-01   
 6.142886E-01   
 6.154086E-01   
 6.165322E-01   
 6.176592E-01   
 6.187895E-01   
 6.199233E-01   
 6.210603E-01   
 6.222006E-01   
 6.233441E-01   
 6.244908E-01   
 6.256406E-01   
 6.267934E-01   
 6.279492E-01   
 6.291080E-01   
 6.302697E-01   
 6.314342E-01   
 6.326016E-01   
 6.337717E-01   
 6.349446E-01   
 6.361201E-01   
 6.372982E-01   
 6.384788E-01   
 6.396620E-01   
 6.408476E-01   
 6.420357E-01   
 6.432261E-01   
 6.444188E-01   
 6.456138E-01   
 6.468110E-01   
 6.480103E-01   
 6.492118E-01   
 6.504153E-01   
 6.516209E-01   
 6.528284E-01   
 6.540378E-01   
 6.552490E-01   
 6.564621E-01   
 6.576769E-01   
 6.588935E-01   
 6.601117E-01   
 6.613315E-01   
 6.625528E-01   
 6.637757E-01   
 6.650000E-01   
 6.662258E-01   
 6.674529E-01   
 6.686813E-01   
 6.699110E-01   
 6.711418E-01   
 6.723739E-01   
 6.736070E-01   
 6.748412E-01   
 6.760764E-01   
 6.773126E-01   
 6.785497E-01   
 6.797876E-01   
 6.810264E-01   
 6.822659E-01   
 6.835061E-01   
 6.847470E-01   
 6.859885E-01   
 6.872305E-01   
 6.884731E-01   
 6.897161E-01   
 6.909596E-01   
 6.922034E-01   
 6.934475E-01   
 6.946919E-01   
 6.959365E-01   
 6.971813E-01   
 6.984262E-01   
 6.996711E-01   
 7.009161E-01   
 7.021611E-01   
 7.034060E-01   
 7.046508E-01   
 7.058954E-01   
 7.071397E-01   
 7.083839E-01   
 7.096276E-01   
 7.108711E-01   
 7.121141E-01   
 7.133567E-01   
 7.145987E-01   
 7.158402E-01   
 7.170811E-01   
 7.183214E-01   
 7.195609E-01   
 7.207997E-01   
 7.220377E-01   
 7.232749E-01   
 7.245112E-01   
 7.257466E-01   
 7.269809E-01   
 7.282143E-01   
 7.294466E-01   
 7.306778E-01   
 7.319078E-01   
 7.331366E-01   
 7.343641E-01   
 7.355903E-01   
 7.368152E-01   
 7.380387E-01   
 7.392608E-01   
 7.404814E-01   
 7.417005E-01   
 7.429179E-01   
 7.441338E-01   
 7.453480E-01   
 7.465605E-01   
 7.477713E-01   
 7.489802E-01   
 7.501873E-01   
 7.513926E-01   
 7.525959E-01   
 7.537972E-01   
 7.549965E-01   
 7.561938E-01   
 7.573889E-01   
 7.585819E-01   
 7.597728E-01   
 7.609614E-01   
 7.621477E-01   
 7.633317E-01   
 7.645134E-01   
 7.656926E-01   
 7.668695E-01   
 7.680438E-01   
 7.692156E-01   
 7.703849E-01   
 7.715515E-01   
 7.727155E-01   
 7.738768E-01   
 7.750354E-01   
 7.761912E-01   
 7.773442E-01   
 7.784943E-01   
 7.796416E-01   
 7.807859E-01   
 7.819273E-01   
 7.830656E-01   
 7.842009E-01   
 7.853331E-01   
 7.864622E-01   
 7.875881E-01   
 7.887108E-01   
 7.898302E-01   
 7.909464E-01   
 7.920593E-01   
 7.931688E-01   
 7.942749E-01   
 7.953775E-01   
 7.964767E-01   
 7.975724E-01   
 7.986645E-01   
 7.997531E-01   
 8.008380E-01   
 8.019193E-01   
 8.029969E-01   
 8.040708E-01   
 8.051409E-01   
 8.062072E-01   
 8.072696E-01   
 8.083282E-01   
 8.093829E-01   
 8.104337E-01   
 8.114804E-01   
 8.125232E-01   
 8.135619E-01   
 8.145965E-01   
 8.156271E-01   
 8.166534E-01   
 8.176756E-01   
 8.186936E-01   
 8.197074E-01   
 8.207168E-01   
 8.217219E-01   
 8.227227E-01   
 8.237192E-01   
 8.247112E-01   
 8.256987E-01   
 8.266818E-01   
 8.276604E-01   
 8.286345E-01   
 8.296039E-01   
 8.305688E-01   
 8.315291E-01   
 8.324846E-01   
 8.334355E-01   
 8.343817E-01   
 8.353231E-01   
 8.362598E-01   
 8.371916E-01   
 8.381186E-01   
 8.390407E-01   
 8.399579E-01   
 8.408702E-01   
 8.417775E-01   
 8.426798E-01   
 8.435772E-01   
 8.444695E-01   
 8.453567E-01   
 8.462388E-01   
 8.471158E-01   
 8.479876E-01   
 8.488543E-01   
 8.497157E-01   
 8.505720E-01   
 8.514229E-01   
 8.522686E-01   
 8.531090E-01   
 8.539440E-01   
 8.547737E-01   
 8.555979E-01   
 8.564168E-01   
 8.572302E-01   
 8.580382E-01   
 8.588407E-01   
 8.596376E-01   
 8.604291E-01   
 8.612149E-01   
 8.619952E-01   
 8.627699E-01   
 8.635389E-01   
 8.643023E-01   
 8.650600E-01   
 8.658120E-01   
 8.665583E-01   
 8.672988E-01   
 8.680336E-01   
 8.687626E-01   
 8.694857E-01   
 8.702031E-01   
 8.709146E-01   
 8.716202E-01   
 8.723199E-01   
 8.730137E-01   
 8.737015E-01   
 8.743834E-01   
 8.750593E-01   
 8.757292E-01   
 8.763931E-01   
 8.770510E-01   
 8.777028E-01   
 8.783485E-01   
 8.789882E-01   
 8.796217E-01   
 8.802491E-01   
 8.808703E-01   
 8.814854E-01   
 8.820943E-01   
 8.826970E-01   
 8.832934E-01   
 8.838836E-01   
 8.844676E-01   
 8.850453E-01   
 8.856167E-01   
 8.861818E-01   
 8.867405E-01   
 8.872930E-01   
 8.878390E-01   
 8.883787E-01   
 8.889121E-01   
 8.894390E-01   
 8.899595E-01   
 8.904735E-01   
 8.909812E-01   
 8.914823E-01   
 8.919770E-01   
 8.924652E-01   
 8.929469E-01   
 8.934221E-01   
 8.938907E-01   
 8.943528E-01   
 8.948084E-01   
 8.952573E-01   
 8.956997E-01   
 8.961355E-01   
 8.965647E-01   
 8.969873E-01   
 8.974032E-01   
 8.978125E-01   
 8.982152E-01   
 8.986111E-01   
 8.990004E-01   
 8.993830E-01   
 8.997589E-01   
 9.001281E-01   
 9.004906E-01   
 9.008464E-01   
 9.011954E-01   
 9.015376E-01   
 9.018731E-01   
 9.022019E-01   
 9.025238E-01   
 9.028390E-01   
 9.031473E-01   
 9.034489E-01   
 9.037437E-01   
 9.040316E-01   
 9.043127E-01   
 9.045870E-01   
 9.048544E-01   
 9.051149E-01   
 9.053686E-01   
 9.056155E-01   
 9.058554E-01   
 9.060885E-01   
 9.063147E-01   
 9.065340E-01   
 9.067464E-01   
 9.069520E-01   
 9.071505E-01   
 9.073422E-01   
 9.075270E-01   
 9.077048E-01   
 9.078757E-01   
 9.080397E-01   
 9.081967E-01   
 9.083468E-01   
 9.084899E-01   
 9.086261E-01   
 9.087553E-01   
 9.088775E-01   
 9.089928E-01   
 9.091012E-01   
 9.092025E-01   
 9.092969E-01   
 9.093843E-01   
 9.094647E-01   
 9.095382E-01   
 9.096047E-01   
 9.096641E-01   
 9.097166E-01   
 9.097622E-01   
 9.098007E-01   
 9.098322E-01   
 9.098568E-01   
 9.098743E-01   
 9.098849E-01   
 9.098885E-01   
 9.098850E-01   
 9.098746E-01   
 9.098572E-01   
 9.098328E-01   
 9.098015E-01   
 9.097631E-01   
 9.097177E-01   
 9.096654E-01   
 9.096060E-01   
 9.095397E-01   
 9.094664E-01   
 9.093862E-01   
 9.092989E-01   
 9.092047E-01   
 9.091035E-01   
 9.089953E-01   
 9.088802E-01   
 9.087580E-01   
 9.086290E-01   
 9.084930E-01   
 9.083500E-01   
 9.082001E-01   
 9.080432E-01   
 9.078794E-01   
 9.077086E-01   
 9.075310E-01   
 9.073464E-01   
 9.071548E-01   
 9.069564E-01   
 9.067511E-01   
 9.065388E-01   
 9.063196E-01   
 9.060936E-01   
 9.058607E-01   
 9.056208E-01   
 9.053742E-01   
 9.051206E-01   
 9.048602E-01   
 9.045929E-01   
 9.043188E-01   
 9.040379E-01   
 9.037501E-01   
 9.034555E-01   
 9.031541E-01   
 9.028458E-01   
 9.025308E-01   
 9.022090E-01   
 9.018805E-01   
 9.015451E-01   
 9.012030E-01   
 9.008541E-01   
 9.004985E-01   
 9.001362E-01   
 8.997672E-01   
 8.993914E-01   
 8.990089E-01   
 8.986198E-01   
 8.982240E-01   
 8.978215E-01   
 8.974123E-01   
 8.969965E-01   
 8.965741E-01   
 8.961451E-01   
 8.957094E-01   
 8.952672E-01   
 8.948183E-01   
 8.943629E-01   
 8.939010E-01   
 8.934325E-01   
 8.929574E-01   
 8.924759E-01   
 8.919878E-01   
 8.914933E-01   
 8.909923E-01   
 8.904848E-01   
 8.899709E-01   
 8.894505E-01   
 8.889237E-01   
 8.883906E-01   
 8.878510E-01   
 8.873051E-01   
 8.867528E-01   
 8.861942E-01   
 8.856292E-01   
 8.850579E-01   
 8.844804E-01   
 8.838966E-01   
 8.833065E-01   
 8.827102E-01   
 8.821076E-01   
 8.814989E-01   
 8.808840E-01   
 8.802628E-01   
 8.796356E-01   
 8.790022E-01   
 8.783627E-01   
 8.777171E-01   
 8.770654E-01   
 8.764077E-01   
 8.757439E-01   
 8.750742E-01   
 8.743984E-01   
 8.737166E-01   
 8.730289E-01   
 8.723352E-01   
 8.716356E-01   
 8.709302E-01   
 8.702188E-01   
 8.695016E-01   
 8.687786E-01   
 8.680497E-01   
 8.673151E-01   
 8.665747E-01   
 8.658285E-01   
 8.650766E-01   
 8.643191E-01   
 8.635558E-01   
 8.627869E-01   
 8.620123E-01   
 8.612322E-01   
 8.604464E-01   
 8.596551E-01   
 8.588583E-01   
 8.580559E-01   
 8.572481E-01   
 8.564348E-01   
 8.556160E-01   
 8.547919E-01   
 8.539623E-01   
 8.531274E-01   
 8.522872E-01   
 8.514416E-01   
 8.505908E-01   
 8.497347E-01   
 8.488733E-01   
 8.480068E-01   
 8.471351E-01   
 8.462582E-01   
 8.453762E-01   
 8.444891E-01   
 8.435969E-01   
 8.426997E-01   
 8.417974E-01   
 8.408902E-01   
 8.399780E-01   
 8.390609E-01   
 8.381389E-01   
 8.372121E-01   
 8.362803E-01   
 8.353438E-01   
 8.344025E-01   
 8.334564E-01   
 8.325056E-01   
 8.315502E-01   
 8.305900E-01   
 8.296252E-01   
 8.286559E-01   
 8.276819E-01   
 8.267034E-01   
 8.257204E-01   
 8.247330E-01   
 8.237411E-01   
 8.227447E-01   
 8.217440E-01   
 8.207390E-01   
 8.197296E-01   
 8.187160E-01   
 8.176981E-01   
 8.166760E-01   
 8.156497E-01   
 8.146193E-01   
 8.135847E-01   
 8.125461E-01   
 8.115035E-01   
 8.104568E-01   
 8.094061E-01   
 8.083515E-01   
 8.072930E-01   
 8.062306E-01   
 8.051644E-01   
 8.040944E-01   
 8.030206E-01   
 8.019431E-01   
 8.008619E-01   
 7.997770E-01   
 7.986886E-01   
 7.975965E-01   
 7.965009E-01   
 7.954018E-01   
 7.942992E-01   
 7.931932E-01   
 7.920837E-01   
 7.909710E-01   
 7.898549E-01   
 7.887355E-01   
 7.876128E-01   
 7.864870E-01   
 7.853580E-01   
 7.842259E-01   
 7.830906E-01   
 7.819524E-01   
 7.808111E-01   
 7.796668E-01   
 7.785196E-01   
 7.773696E-01   
 7.762166E-01   
 7.750609E-01   
 7.739024E-01   
 7.727411E-01   
 7.715772E-01   
 7.704106E-01   
 7.692414E-01   
 7.680697E-01   
 7.668954E-01   
 7.657186E-01   
 7.645394E-01   
 7.633578E-01   
 7.621738E-01   
 7.609875E-01   
 7.597990E-01   
 7.586082E-01   
 7.574152E-01   
 7.562201E-01   
 7.550229E-01   
 7.538236E-01   
 7.526224E-01   
 7.514191E-01   
 7.502139E-01   
 7.490068E-01   
 7.477979E-01   
 7.465872E-01   
 7.453747E-01   
 7.441606E-01   
 7.429447E-01   
 7.417273E-01   
 7.405083E-01   
 7.392877E-01   
 7.380657E-01   
 7.368422E-01   
 7.356174E-01   
 7.343911E-01   
 7.331636E-01   
 7.319349E-01   
 7.307049E-01   
 7.294737E-01   
 7.282415E-01   
 7.270081E-01   
 7.257738E-01   
 7.245384E-01   
 7.233022E-01   
 7.220650E-01   
 7.208270E-01   
 7.195882E-01   
 7.183487E-01   
 7.171084E-01   
 7.158676E-01   
 7.146261E-01   
 7.133840E-01   
 7.121415E-01   
 7.108985E-01   
 7.096551E-01   
 7.084113E-01   
 7.071672E-01   
 7.059228E-01   
 7.046782E-01   
 7.034334E-01   
 7.021885E-01   
 7.009436E-01   
 6.996986E-01   
 6.984536E-01   
 6.972087E-01   
 6.959639E-01   
 6.947193E-01   
 6.934749E-01   
 6.922308E-01   
 6.909870E-01   
 6.897435E-01   
 6.885005E-01   
 6.872579E-01   
 6.860158E-01   
 6.847743E-01   
 6.835334E-01   
 6.822932E-01   
 6.810537E-01   
 6.798149E-01   
 6.785769E-01   
 6.773398E-01   
 6.761037E-01   
 6.748684E-01   
 6.736342E-01   
 6.724010E-01   
 6.711690E-01   
 6.699381E-01   
 6.687084E-01   
 6.674799E-01   
 6.662528E-01   
 6.650270E-01   
 6.638027E-01   
 6.625798E-01   
 6.613584E-01   
 6.601385E-01   
 6.589203E-01   
 6.577037E-01   
 6.564888E-01   
 6.552757E-01   
 6.540644E-01   
 6.528550E-01   
 6.516474E-01   
 6.504419E-01   
 6.492383E-01   
 6.480368E-01   
 6.468374E-01   
 6.456402E-01   
 6.444451E-01   
 6.432524E-01   
 6.420619E-01   
 6.408738E-01   
 6.396881E-01   
 6.385049E-01   
 6.373242E-01   
 6.361460E-01   
 6.349704E-01   
 6.337976E-01   
 6.326274E-01   
 6.314599E-01   
 6.302953E-01   
 6.291336E-01   
 6.279747E-01   
 6.268188E-01   
 6.256659E-01   
 6.245161E-01   
 6.233694E-01   
 6.222258E-01   
 6.210854E-01   
 6.199483E-01   
 6.188145E-01   
 6.176840E-01   
 6.165570E-01   
 6.154333E-01   
 6.143132E-01   
 6.131967E-01   
 6.120837E-01   
 6.109743E-01   
 6.098687E-01   
 6.087668E-01   
 6.076687E-01   
 6.065744E-01   
 6.054840E-01   
 6.043975E-01   
 6.033150E-01   
 6.022366E-01   
 6.011622E-01   
 6.000919E-01   
 5.990258E-01   
 5.979639E-01   
 5.969063E-01   
 5.958530E-01   
 5.948040E-01   
 5.937595E-01   
 5.927194E-01   
 5.916838E-01   
 5.906527E-01   
 5.896262E-01   
 5.886044E-01   
 5.875872E-01   
 5.865748E-01   
 5.855671E-01   
 5.845642E-01   
 5.835662E-01   
 5.825731E-01   
 5.815850E-01   
 5.806018E-01   
 5.796237E-01   
 5.786507E-01   
 5.776828E-01   
 5.767200E-01   
 5.757625E-01   
 5.748102E-01   
 5.738633E-01   
 5.729216E-01   
 5.719854E-01   
 5.710546E-01   
 5.701292E-01   
 5.692094E-01   
 5.682951E-01   
 5.673865E-01   
 5.664834E-01   
 5.655861E-01   
 5.646944E-01   
 5.638085E-01   
 5.629284E-01   
 5.620542E-01   
 5.611859E-01   
 5.603234E-01   
 5.594669E-01   
 5.586165E-01   
 5.577720E-01   
 5.569337E-01   
 5.561014E-01   
 5.552754E-01   
 5.544555E-01   
 5.536418E-01   
 5.528344E-01   
 5.520334E-01   
 5.512386E-01   
 5.504503E-01   
 5.496684E-01   
 5.488929E-01   
 5.481239E-01   
 5.473614E-01   
 5.466055E-01   
 5.458562E-01   
 5.451136E-01   
 5.443776E-01   
 5.436483E-01   
 5.429257E-01   
 5.422099E-01   
 5.415009E-01   
 5.407987E-01   
 5.401035E-01   
 5.394151E-01   
 5.387336E-01   
 5.380591E-01   
 5.373916E-01   
 5.367312E-01   
 5.360778E-01   
 5.354315E-01   
 5.347923E-01   
 5.341602E-01   
 5.335354E-01   
 5.329177E-01   
 5.323073E-01   
 5.317042E-01   
 5.311083E-01   
 5.305198E-01   
 5.299386E-01   
 5.293649E-01   
 5.287985E-01   
 5.282395E-01   
 5.276881E-01   
 5.271441E-01   
 5.266076E-01   
 5.260787E-01   
 5.255573E-01   
 5.250435E-01   
 5.245373E-01   
 5.240388E-01   
 5.235479E-01   
 5.230647E-01   
 5.225892E-01   
 5.221215E-01   
 5.216615E-01   
 5.212093E-01   
 5.207648E-01   
 5.203282E-01   
 5.198994E-01   
 5.194785E-01   
 5.190655E-01   
 5.186603E-01   
 5.182631E-01   
 5.178738E-01   
 5.174925E-01   
 5.171192E-01   
 5.167538E-01   
 5.163964E-01   
 5.160471E-01   
 5.157058E-01   
 5.153726E-01   
 5.150474E-01   
 5.147304E-01   
 5.144214E-01   
 5.141206E-01   
 5.138279E-01   
 5.135434E-01   
 5.132670E-01   
 5.129988E-01   
 5.127388E-01   
 5.124869E-01   
 5.122433E-01   
 5.120080E-01   
 5.117808E-01   
 5.115619E-01   
 5.113513E-01   
 5.111490E-01   
 5.109549E-01   
 5.107691E-01   
 5.105916E-01   
 5.104224E-01   
 5.102615E-01   
 5.101090E-01   
 5.099647E-01   
 5.098288E-01   
 5.097013E-01   
 5.095821E-01   
 5.094712E-01   
 5.093687E-01   
 5.092746E-01   
 5.091889E-01   
 5.091115E-01   
 5.090425E-01   
 5.089819E-01   
 5.089296E-01   
 5.088858E-01   
 5.088503E-01   
 5.088232E-01   
 5.088045E-01   
 5.087942E-01   
 5.087923E-01   
 5.087988E-01   
 5.088137E-01   
 5.088370E-01   
 5.088686E-01   
 5.089087E-01   
 5.089571E-01   
 5.090139E-01   
 5.090791E-01   
 5.091527E-01   
 5.092347E-01   
 5.093250E-01   
 5.094237E-01   
 5.095307E-01   
 5.096462E-01   
 5.097699E-01   
 5.099020E-01   
 5.100425E-01   
 5.101913E-01   
 5.103484E-01   
 5.105138E-01   
 5.106875E-01   
 5.108695E-01   
 5.110599E-01   
 5.112585E-01   
 5.114653E-01   
 5.116805E-01   
 5.119039E-01   
 5.121355E-01   
 5.123754E-01   
 5.126235E-01   
 5.128798E-01   
 5.131443E-01   
 5.134169E-01   
 5.136978E-01   
 5.139868E-01   
 5.142839E-01   
 5.145892E-01   
 5.149026E-01   
 5.152241E-01   
 5.155536E-01   
 5.158913E-01   
 5.162369E-01   
 5.165906E-01   
 5.169524E-01   
 5.173221E-01   
 5.176998E-01   
 5.180855E-01   
 5.184791E-01   
 5.188807E-01   
 5.192901E-01   
 5.197075E-01   
 5.201327E-01   
 5.205657E-01   
 5.210066E-01   
 5.214553E-01   
 5.219118E-01   
 5.223760E-01   
 5.228480E-01   
 5.233277E-01   
 5.238151E-01   
 5.243102E-01   
 5.248129E-01   
 5.253232E-01   
 5.258411E-01   
 5.263667E-01   
 5.268997E-01   
 5.274403E-01   
 5.279884E-01   
 5.285439E-01   
 5.291069E-01   
 5.296774E-01   
 5.302552E-01   
 5.308404E-01   
 5.314329E-01   
 5.320327E-01   
 5.326398E-01   
 5.332542E-01   
 5.338758E-01   
 5.345046E-01   
 5.351405E-01   
 5.357836E-01   
 5.364338E-01   
 5.370911E-01   
 5.377554E-01   
 5.384267E-01   
 5.391050E-01   
 5.397902E-01   
 5.404824E-01   
 5.411814E-01   
 5.418873E-01   
 5.426001E-01   
 5.433196E-01   
 5.440458E-01   
 5.447788E-01   
 5.455184E-01   
 5.462647E-01   
 5.470176E-01   
 5.477771E-01   
 5.485431E-01   
 5.493157E-01   
 5.500947E-01   
 5.508801E-01   
 5.516720E-01   
 5.524702E-01   
 5.532747E-01   
 5.540855E-01   
 5.549026E-01   
 5.557258E-01   
 5.565553E-01   
 5.573909E-01   
 5.582326E-01   
 5.590803E-01   
 5.599340E-01   
 5.607938E-01   
 5.616595E-01   
 5.625310E-01   
 5.634085E-01   
 5.642917E-01   
 5.651808E-01   
 5.660755E-01   
 5.669760E-01   
 5.678821E-01   
 5.687939E-01   
 5.697112E-01   
 5.706340E-01   
 5.715624E-01   
 5.724962E-01   
 5.734353E-01   
 5.743799E-01   
 5.753298E-01   
 5.762849E-01   
 5.772453E-01   
 5.782109E-01   
 5.791816E-01   
 5.801574E-01   
 5.811383E-01   
 5.821241E-01   
 5.831150E-01   
 5.841108E-01   
 5.851114E-01   
 5.861169E-01   
 5.871272E-01   
 5.881423E-01   
 5.891620E-01   
 5.901864E-01   
 5.912154E-01   
 5.922489E-01   
 5.932870E-01   
 5.943295E-01   
 5.953765E-01   
 5.964278E-01   
 5.974835E-01   
 5.985435E-01   
 5.996076E-01   
 6.006760E-01   
 6.017486E-01   
 6.028252E-01   
 6.039058E-01   
 6.049905E-01   
 6.060791E-01   
 6.071717E-01   
 6.082680E-01   
 6.093682E-01   
 6.104722E-01   
 6.115799E-01   
 6.126912E-01   
 6.138061E-01   
 6.149247E-01   
 6.160467E-01   
 6.171722E-01   
 6.183011E-01   
 6.194334E-01   
 6.205690E-01   
 6.217079E-01   
 6.228501E-01   
 6.239954E-01   
 6.251438E-01   
 6.262953E-01   
 6.274499E-01   
 6.286074E-01   
 6.297678E-01   
 6.309311E-01   
 6.320973E-01   
 6.332662E-01   
 6.344379E-01   
 6.356123E-01   
 6.367892E-01   
 6.379688E-01   
 6.391509E-01   
 6.403355E-01   
 6.415225E-01   
 6.427119E-01   
 6.439036E-01   
 6.450976E-01   
 6.462939E-01   
 6.474923E-01   
 6.486929E-01   
 6.498955E-01   
 6.511002E-01   
 6.523068E-01   
 6.535154E-01   
 6.547259E-01   
 6.559382E-01   
 6.571522E-01   
 6.583680E-01   
 6.595855E-01   
 6.608047E-01   
 6.620254E-01   
 6.632476E-01   
 6.644713E-01   
 6.656964E-01   
 6.669230E-01   
 6.681508E-01   
 6.693799E-01   
 6.706103E-01   
 6.718418E-01   
 6.730745E-01   
 6.743083E-01   
 6.755430E-01   
 6.767788E-01   
 6.780155E-01   
 6.792531E-01   
 6.804915E-01   
 6.817307E-01   
 6.829706E-01   
 6.842112E-01   
 6.854524E-01   
 6.866942E-01   
 6.879366E-01   
 6.891794E-01   
 6.904227E-01   
 6.916664E-01   
 6.929103E-01   
 6.941546E-01   
 6.953992E-01   
 6.966439E-01   
 6.978887E-01   
 6.991337E-01   
 7.003787E-01   
 7.016236E-01   
 7.028686E-01   
 7.041134E-01   
 7.053581E-01   
 7.066026E-01   
 7.078468E-01   
 7.090907E-01   
 7.103343E-01   
 7.115775E-01   
 7.128203E-01   
 7.140626E-01   
 7.153043E-01   
 7.165455E-01   
 7.177860E-01   
 7.190259E-01   
 7.202650E-01   
 7.215034E-01   
 7.227409E-01   
 7.239776E-01   
 7.252133E-01   
 7.264482E-01   
 7.276820E-01   
 7.289147E-01   
 7.301464E-01   
 7.313769E-01   
 7.326062E-01   
 7.338343E-01   
 7.350611E-01   
 7.362866E-01   
 7.375107E-01   
 7.387334E-01   
 7.399546E-01   
 7.411744E-01   
 7.423925E-01   
 7.436091E-01   
 7.448240E-01   
 7.460373E-01   
 7.472488E-01   
 7.484585E-01   
 7.496664E-01   
 7.508725E-01   
 7.520766E-01   
 7.532788E-01   
 7.544790E-01   
 7.556771E-01   
 7.568732E-01   
 7.580672E-01   
 7.592589E-01   
 7.604485E-01   
 7.616358E-01   
 7.628209E-01   
 7.640035E-01   
 7.651838E-01   
 7.663617E-01   
 7.675371E-01   
 7.687100E-01   
 7.698804E-01   
 7.710482E-01   
 7.722133E-01   
 7.733758E-01   
 7.745355E-01   
 7.756925E-01   
 7.768468E-01   
 7.779981E-01   
 7.791466E-01   
 7.802922E-01   
 7.814349E-01   
 7.825745E-01   
 7.837111E-01   
 7.848447E-01   
 7.859751E-01   
 7.871024E-01   
 7.882265E-01   
 7.893473E-01   
 7.904649E-01   
 7.915792E-01   
 7.926902E-01   
 7.937977E-01   
 7.949019E-01   
 7.960026E-01   
 7.970998E-01   
 7.981935E-01   
 7.992836E-01   
 8.003701E-01   
 8.014530E-01   
 8.025322E-01   
 8.036076E-01   
 8.046794E-01   
 8.057473E-01   
 8.068114E-01   
 8.078717E-01   
 8.089281E-01   
 8.099805E-01   
 8.110290E-01   
 8.120735E-01   
 8.131140E-01   
 8.141504E-01   
 8.151827E-01   
 8.162108E-01   
 8.172349E-01   
 8.182547E-01   
 8.192702E-01   
 8.202815E-01   
 8.212885E-01   
 8.222912E-01   
 8.232895E-01   
 8.242834E-01   
 8.252729E-01   
 8.262580E-01   
 8.272385E-01   
 8.282145E-01   
 8.291859E-01   
 8.301528E-01   
 8.311151E-01   
 8.320727E-01   
 8.330256E-01   
 8.339738E-01   
 8.349173E-01   
 8.358560E-01   
 8.367899E-01   
 8.377190E-01   
 8.386432E-01   
 8.395625E-01   
 8.404769E-01   
 8.413864E-01   
 8.422909E-01   
 8.431904E-01   
 8.440849E-01   
 8.449743E-01   
 8.458586E-01   
 8.467378E-01   
 8.476119E-01   
 8.484808E-01   
 8.493445E-01   
 8.502030E-01   
 8.510562E-01   
 8.519042E-01   
 8.527468E-01   
 8.535842E-01   
 8.544161E-01   
 8.552428E-01   
 8.560640E-01   
 8.568797E-01   
 8.576901E-01   
 8.584949E-01   
 8.592942E-01   
 8.600881E-01   
 8.608763E-01   
 8.616590E-01   
 8.624361E-01   
 8.632076E-01   
 8.639734E-01   
 8.647336E-01   
 8.654881E-01   
 8.662368E-01   
 8.669798E-01   
 8.677171E-01   
 8.684486E-01   
 8.691743E-01   
 8.698941E-01   
 8.706081E-01   
 8.713163E-01   
 8.720185E-01   
 8.727149E-01   
 8.734053E-01   
 8.740898E-01   
 8.747683E-01   
 8.754408E-01   
 8.761073E-01   
 8.767677E-01   
 8.774222E-01   
 8.780705E-01   
 8.787128E-01   
 8.793490E-01   
 8.799790E-01   
 8.806029E-01   
 8.812206E-01   
 8.818322E-01   
 8.824375E-01   
 8.830367E-01   
 8.836296E-01   
 8.842163E-01   
 8.847967E-01   
 8.853708E-01   
 8.859386E-01   
 8.865001E-01   
 8.870553E-01   
 8.876041E-01   
 8.881465E-01   
 8.886826E-01   
 8.892123E-01   
 8.897356E-01   
 8.902524E-01   
 8.907628E-01   
 8.912668E-01   
 8.917642E-01   
 8.922552E-01   
 8.927397E-01   
 8.932177E-01   
 8.936892E-01   
 8.941541E-01   
 8.946125E-01   
 8.950643E-01   
 8.955096E-01   
 8.959482E-01   
 8.963802E-01   
 8.968057E-01   
 8.972245E-01   
 8.976366E-01   
 8.980422E-01   
 8.984410E-01   
 8.988332E-01   
 8.992187E-01   
 8.995975E-01   
 8.999696E-01   
 9.003350E-01   
 9.006936E-01   
 9.010455E-01   
 9.013907E-01   
 9.017291E-01   
 9.020608E-01   
 9.023857E-01   
 9.027038E-01   
 9.030151E-01   
 9.033196E-01   
 9.036172E-01   
 9.039081E-01   
 9.041922E-01   
 9.044694E-01   
 9.047398E-01   
 9.050033E-01   
 9.052600E-01   
 9.055098E-01   
 9.057527E-01   
 9.059888E-01   
 9.062179E-01   
 9.064402E-01   
 9.066556E-01   
 9.068641E-01   
 9.070657E-01   
 9.072603E-01   
 9.074481E-01   
 9.076289E-01   
 9.078028E-01   
 9.079697E-01   
 9.081297E-01   
 9.082828E-01   
 9.084290E-01   
 9.085681E-01   
 9.087003E-01   
 9.088256E-01   
 9.089439E-01   
 9.090552E-01   
 9.091596E-01   
 9.092570E-01   
 9.093474E-01   
 9.094309E-01   
 9.095073E-01   
 9.095768E-01   
 9.096393E-01   
 9.096948E-01   
 9.097434E-01   
 9.097849E-01   
 9.098195E-01   
 9.098470E-01   
 9.098676E-01   
 9.098812E-01   
 9.098878E-01   
 9.098874E-01   
 9.098800E-01   
 9.098656E-01   
 9.098442E-01   
 9.098159E-01   
 9.097805E-01   
 9.097382E-01   
 9.096888E-01   
 9.096325E-01   
 9.095692E-01   
 9.094989E-01   
 9.094217E-01   
 9.093374E-01   
 9.092462E-01   
 9.091480E-01   
 9.090428E-01   
 9.089307E-01   
 9.088116E-01   
 9.086856E-01   
 9.085525E-01   
 9.084126E-01   
 9.082656E-01   
 9.081118E-01   
 9.079510E-01   
 9.077832E-01   
 9.076085E-01   
 9.074269E-01   
 9.072384E-01   
 9.070429E-01   
 9.068406E-01   
 9.066313E-01   
 9.064151E-01   
 9.061920E-01   
 9.059621E-01   
 9.057252E-01   
 9.054815E-01   
 9.052309E-01   
 9.049735E-01   
 9.047091E-01   
 9.044380E-01   
 9.041600E-01   
 9.038752E-01   
 9.035835E-01   
 9.032850E-01   
 9.029797E-01   
 9.026677E-01   
 9.023488E-01   
 9.020231E-01   
 9.016907E-01   
 9.013515E-01   
 9.010056E-01   
 9.006529E-01   
 9.002935E-01   
 8.999273E-01   
 8.995544E-01   
 8.991749E-01   
 8.987886E-01   
 8.983957E-01   
 8.979960E-01   
 8.975898E-01   
 8.971768E-01   
 8.967573E-01   
 8.963311E-01   
 8.958983E-01   
 8.954589E-01   
 8.950129E-01   
 8.945603E-01   
 8.941012E-01   
 8.936355E-01   
 8.931633E-01   
 8.926846E-01   
 8.921993E-01   
 8.917076E-01   
 8.912094E-01   
 8.907047E-01   
 8.901935E-01   
 8.896760E-01   
 8.891519E-01   
 8.886215E-01   
 8.880847E-01   
 8.875415E-01   
 8.869920E-01   
 8.864361E-01   
 8.858739E-01   
 8.853053E-01   
 8.847305E-01   
 8.841494E-01   
 8.835620E-01   
 8.829684E-01   
 8.823685E-01   
 8.817625E-01   
 8.811502E-01   
 8.805317E-01   
 8.799071E-01   
 8.792764E-01   
 8.786395E-01   
 8.779966E-01   
 8.773475E-01   
 8.766924E-01   
 8.760312E-01   
 8.753641E-01   
 8.746909E-01   
 8.740117E-01   
 8.733265E-01   
 8.726354E-01   
 8.719384E-01   
 8.712355E-01   
 8.705266E-01   
 8.698120E-01   
 8.690914E-01   
 8.683651E-01   
 8.676329E-01   
 8.668950E-01   
 8.661513E-01   
 8.654019E-01   
 8.646468E-01   
 8.638860E-01   
 8.631195E-01   
 8.623474E-01   
 8.615697E-01   
 8.607863E-01   
 8.599974E-01   
 8.592030E-01   
 8.584030E-01   
 8.575975E-01   
 8.567866E-01   
 8.559702E-01   
 8.551484E-01   
 8.543211E-01   
 8.534885E-01   
 8.526506E-01   
 8.518073E-01   
 8.509587E-01   
 8.501049E-01   
 8.492458E-01   
 8.483815E-01   
 8.475120E-01   
 8.466374E-01   
 8.457576E-01   
 8.448727E-01   
 8.439827E-01   
 8.430876E-01   
 8.421876E-01   
 8.412825E-01   
 8.403725E-01   
 8.394575E-01   
 8.385376E-01   
 8.376128E-01   
 8.366832E-01   
 8.357487E-01   
 8.348095E-01   
 8.338654E-01   
 8.329167E-01   
 8.319632E-01   
 8.310051E-01   
 8.300423E-01   
 8.290749E-01   
 8.281029E-01   
 8.271264E-01   
 8.261454E-01   
 8.251598E-01   
 8.241698E-01   
 8.231754E-01   
 8.221766E-01   
 8.211734E-01   
 8.201659E-01   
 8.191541E-01   
 8.181381E-01   
 8.171178E-01   
 8.160933E-01   
 8.150647E-01   
 8.140319E-01   
 8.129950E-01   
 8.119541E-01   
 8.109091E-01   
 8.098602E-01   
 8.088073E-01   
 8.077505E-01   
 8.066897E-01   
 8.056252E-01   
 8.045568E-01   
 8.034846E-01   
 8.024087E-01   
 8.013291E-01   
 8.002458E-01   
 7.991589E-01   
 7.980684E-01   
 7.969743E-01   
 7.958767E-01   
 7.947756E-01   
 7.936711E-01   
 7.925631E-01   
 7.914518E-01   
 7.903371E-01   
 7.892191E-01   
 7.880979E-01   
 7.869734E-01   
 7.858458E-01   
 7.847150E-01   
 7.835811E-01   
 7.824442E-01   
 7.813042E-01   
 7.801612E-01   
 7.790153E-01   
 7.778664E-01   
 7.767147E-01   
 7.755602E-01   
 7.744029E-01   
 7.732428E-01   
 7.720800E-01   
 7.709146E-01   
 7.697465E-01   
 7.685758E-01   
 7.674026E-01   
 7.662269E-01   
 7.650488E-01   
 7.638682E-01   
 7.626853E-01   
 7.615000E-01   
 7.603124E-01   
 7.591226E-01   
 7.579305E-01   
 7.567363E-01   
 7.555400E-01   
 7.543416E-01   
 7.531412E-01   
 7.519388E-01   
 7.507344E-01   
 7.495282E-01   
 7.483200E-01   
 7.471101E-01   
 7.458984E-01   
 7.446850E-01   
 7.434698E-01   
 7.422531E-01   
 7.410347E-01   
 7.398148E-01   
 7.385934E-01   
 7.373706E-01   
 7.361463E-01   
 7.349207E-01   
 7.336937E-01   
 7.324655E-01   
 7.312360E-01   
 7.300054E-01   
 7.287736E-01   
 7.275407E-01   
 7.263068E-01   
 7.250719E-01   
 7.238360E-01   
 7.225992E-01   
 7.213616E-01   
 7.201231E-01   
 7.188839E-01   
 7.176440E-01   
 7.164034E-01   
 7.151621E-01   
 7.139203E-01   
 7.126780E-01   
 7.114352E-01   
 7.101919E-01   
 7.089483E-01   
 7.077043E-01   
 7.064600E-01   
 7.052155E-01   
 7.039708E-01   
 7.027260E-01   
 7.014811E-01   
 7.002361E-01   
 6.989911E-01   
 6.977461E-01   
 6.965013E-01   
 6.952566E-01   
 6.940121E-01   
 6.927679E-01   
 6.915239E-01   
 6.902803E-01   
 6.890371E-01   
 6.877943E-01   
 6.865520E-01   
 6.853102E-01   
 6.840691E-01   
 6.828285E-01   
 6.815887E-01   
 6.803496E-01   
 6.791113E-01   
 6.778738E-01   
 6.766372E-01   
 6.754016E-01   
 6.741669E-01   
 6.729333E-01   
 6.717007E-01   
 6.704693E-01   
 6.692391E-01   
 6.680101E-01   
 6.667824E-01   
 6.655561E-01   
 6.643311E-01   
 6.631075E-01   
 6.618855E-01   
 6.606649E-01   
 6.594460E-01   
 6.582287E-01   
 6.570131E-01   
 6.557992E-01   
 6.545871E-01   
 6.533769E-01   
 6.521685E-01   
 6.509621E-01   
 6.497577E-01   
 6.485553E-01   
 6.473549E-01   
 6.461568E-01   
 6.449608E-01   
 6.437670E-01   
 6.425756E-01   
 6.413864E-01   
 6.401997E-01   
 6.390154E-01   
 6.378336E-01   
 6.366543E-01   
 6.354776E-01   
 6.343036E-01   
 6.331322E-01   
 6.319636E-01   
 6.307978E-01   
 6.296348E-01   
 6.284747E-01   
 6.273175E-01   
 6.261633E-01   
 6.250121E-01   
 6.238640E-01   
 6.227191E-01   
 6.215773E-01   
 6.204388E-01   
 6.193036E-01   
 6.181717E-01   
 6.170431E-01   
 6.159180E-01   
 6.147964E-01   
 6.136783E-01   
 6.125637E-01   
 6.114528E-01   
 6.103456E-01   
 6.092420E-01   
 6.081423E-01   
 6.070463E-01   
 6.059543E-01   
 6.048661E-01   
 6.037819E-01   
 6.027017E-01   
 6.016255E-01   
 6.005535E-01   
 5.994856E-01   
 5.984218E-01   
 5.973624E-01   
 5.963072E-01   
 5.952564E-01   
 5.942099E-01   
 5.931679E-01   
 5.921303E-01   
 5.910973E-01   
 5.900688E-01   
 5.890450E-01   
 5.880258E-01   
 5.870113E-01   
 5.860015E-01   
 5.849966E-01   
 5.839965E-01   
 5.830013E-01   
 5.820110E-01   
 5.810257E-01   
 5.800454E-01   
 5.790701E-01   
 5.781000E-01   
 5.771350E-01   
 5.761752E-01   
 5.752207E-01   
 5.742714E-01   
 5.733275E-01   
 5.723889E-01   
 5.714558E-01   
 5.705281E-01   
 5.696058E-01   
 5.686892E-01   
 5.677781E-01   
 5.668726E-01   
 5.659728E-01   
 5.650786E-01   
 5.641903E-01   
 5.633077E-01   
 5.624309E-01   
 5.615600E-01   
 5.606950E-01   
 5.598360E-01   
 5.589829E-01   
 5.581359E-01   
 5.572949E-01   
 5.564600E-01   
 5.556312E-01   
 5.548087E-01   
 5.539923E-01   
 5.531822E-01   
 5.523784E-01   
 5.515810E-01   
 5.507898E-01   
 5.500051E-01   
 5.492269E-01   
 5.484551E-01   
 5.476898E-01   
 5.469311E-01   
 5.461789E-01   
 5.454334E-01   
 5.446945E-01   
 5.439623E-01   
 5.432368E-01   
 5.425181E-01   
 5.418062E-01   
 5.411010E-01   
 5.404028E-01   
 5.397114E-01   
 5.390270E-01   
 5.383495E-01   
 5.376789E-01   
 5.370154E-01   
 5.363590E-01   
 5.357096E-01   
 5.350673E-01   
 5.344322E-01   
 5.338042E-01   
 5.331835E-01   