 0.000000E+00   
 1.000000E-03   
 2.000000E-03   
 3.000000E-03   
 4.000000E-03   
 5.000000E-03   
 6.000000E-03   
 7.000000E-03   
 8.000000E-03   
 9.000000E-03   
 1.000000E-02   
 1.100000E-02   
 1.200000E-02   
 1.300000E-02   
 1.400000E-02   
 1.500000E-02   
 1.600000E-02   
 1.700000E-02   
 1.800000E-02   
 1.900000E-02   
 2.000000E-02   
 2.100000E-02   
 2.200000E-02   
 2.300000E-02   
 2.400000E-02   
 2.500000E-02   
 2.600000E-02   
 2.700000E-02   
 2.800000E-02   
 2.900000E-02   
 3.000000E-02   
 3.100000E-02   
 3.200000E-02   
 3.300000E-02   
 3.400000E-02   
 3.500000E-02   
 3.600000E-02   
 3.700000E-02   
 3.800000E-02   
 3.900000E-02   
 4.000000E-02   
 4.100000E-02   
 4.200000E-02   
 4.300000E-02   
 4.400000E-02   
 4.500000E-02   
 4.600000E-02   
 4.700000E-02   
 4.800000E-02   
 4.900000E-02   
 5.000000E-02   
 5.100000E-02   
 5.200000E-02   
 5.300000E-02   
 5.400000E-02   
 5.500000E-02   
 5.600000E-02   
 5.700000E-02   
 5.800000E-02   
 5.900000E-02   
 6.000000E-02   
 6.100000E-02   
 6.200000E-02   
 6.300000E-02   
 6.400000E-02   
 6.500000E-02   
 6.600000E-02   
 6.700000E-02   
 6.800000E-02   
 6.900000E-02   
 7.000000E-02   
 7.100000E-02   
 7.200000E-02   
 7.300000E-02   
 7.400000E-02   
 7.500000E-02   
 7.600000E-02   
 7.700000E-02   
 7.800000E-02   
 7.900000E-02   
 8.000000E-02   
 8.100000E-02   
 8.200000E-02   
 8.300000E-02   
 8.400000E-02   
 8.500000E-02   
 8.600000E-02   
 8.700000E-02   
 8.800000E-02   
 8.900000E-02   
 9.000000E-02   
 9.100000E-02   
 9.200000E-02   
 9.300000E-02   
 9.400000E-02   
 9.500000E-02   
 9.600000E-02   
 9.700000E-02   
 9.800000E-02   
 9.900000E-02   
 1.000000E-01   
 1.010000E-01   
 1.020000E-01   
 1.030000E-01   
 1.040000E-01   
 1.050000E-01   
 1.060000E-01   
 1.070000E-01   
 1.080000E-01   
 1.090000E-01   
 1.100000E-01   
 1.110000E-01   
 1.120000E-01   
 1.130000E-01   
 1.140000E-01   
 1.150000E-01   
 1.160000E-01   
 1.170000E-01   
 1.180000E-01   
 1.190000E-01   
 1.200000E-01   
 1.210000E-01   
 1.220000E-01   
 1.230000E-01   
 1.240000E-01   
 1.250000E-01   
 1.260000E-01   
 1.270000E-01   
 1.280000E-01   
 1.290000E-01   
 1.300000E-01   
 1.310000E-01   
 1.320000E-01   
 1.330000E-01   
 1.340000E-01   
 1.350000E-01   
 1.360000E-01   
 1.370000E-01   
 1.380000E-01   
 1.390000E-01   
 1.400000E-01   
 1.410000E-01   
 1.420000E-01   
 1.430000E-01   
 1.440000E-01   
 1.450000E-01   
 1.460000E-01   
 1.470000E-01   
 1.480000E-01   
 1.490000E-01   
 1.500000E-01   
 1.510000E-01   
 1.520000E-01   
 1.530000E-01   
 1.540000E-01   
 1.550000E-01   
 1.560000E-01   
 1.570000E-01   
 1.580000E-01   
 1.590000E-01   
 1.600000E-01   
 1.610000E-01   
 1.620000E-01   
 1.630000E-01   
 1.640000E-01   
 1.650000E-01   
 1.660000E-01   
 1.670000E-01   
 1.680000E-01   
 1.690000E-01   
 1.700000E-01   
 1.710000E-01   
 1.720000E-01   
 1.730000E-01   
 1.740000E-01   
 1.750000E-01   
 1.760000E-01   
 1.770000E-01   
 1.780000E-01   
 1.790000E-01   
 1.800000E-01   
 1.810000E-01   
 1.820000E-01   
 1.830000E-01   
 1.840000E-01   
 1.850000E-01   
 1.860000E-01   
 1.870000E-01   
 1.880000E-01   
 1.890000E-01   
 1.900000E-01   
 1.910000E-01   
 1.920000E-01   
 1.930000E-01   
 1.940000E-01   
 1.950000E-01   
 1.960000E-01   
 1.970000E-01   
 1.980000E-01   
 1.990000E-01   
 2.000000E-01   
 2.010000E-01   
 2.020000E-01   
 2.030000E-01   
 2.040000E-01   
 2.050000E-01   
 2.060000E-01   
 2.070000E-01   
 2.080000E-01   
 2.090000E-01   
 2.100000E-01   
 2.110000E-01   
 2.120000E-01   
 2.130000E-01   
 2.140000E-01   
 2.150000E-01   
 2.160000E-01   
 2.170000E-01   
 2.180000E-01   
 2.190000E-01   
 2.200000E-01   
 2.210000E-01   
 2.220000E-01   
 2.230000E-01   
 2.240000E-01   
 2.250000E-01   
 2.260000E-01   
 2.270000E-01   
 2.280000E-01   
 2.290000E-01   
 2.300000E-01   
 2.310000E-01   
 2.320000E-01   
 2.330000E-01   
 2.340000E-01   
 2.350000E-01   
 2.360000E-01   
 2.370000E-01   
 2.380000E-01   
 2.390000E-01   
 2.400000E-01   
 2.410000E-01   
 2.420000E-01   
 2.430000E-01   
 2.440000E-01   
 2.450000E-01   
 2.460000E-01   
 2.470000E-01   
 2.480000E-01   
 2.490000E-01   
 2.500000E-01   
 2.510000E-01   
 2.520000E-01   
 2.530000E-01   
 2.540000E-01   
 2.550000E-01   
 2.560000E-01   
 2.570000E-01   
 2.580000E-01   
 2.590000E-01   
 2.600000E-01   
 2.610000E-01   
 2.620000E-01   
 2.630000E-01   
 2.640000E-01   
 2.650000E-01   
 2.660000E-01   
 2.670000E-01   
 2.680000E-01   
 2.690000E-01   
 2.700000E-01   
 2.710000E-01   
 2.720000E-01   
 2.730000E-01   
 2.740000E-01   
 2.750000E-01   
 2.760000E-01   
 2.770000E-01   
 2.780000E-01   
 2.790000E-01   
 2.800000E-01   
 2.810000E-01   
 2.820000E-01   
 2.830000E-01   
 2.840000E-01   
 2.850000E-01   
 2.860000E-01   
 2.870000E-01   
 2.880000E-01   
 2.890000E-01   
 2.900000E-01   
 2.910000E-01   
 2.920000E-01   
 2.930000E-01   
 2.940000E-01   
 2.950000E-01   
 2.960000E-01   
 2.970000E-01   
 2.980000E-01   
 2.990000E-01   
 3.000000E-01   
 3.010000E-01   
 3.020000E-01   
 3.030000E-01   
 3.040000E-01   
 3.050000E-01   
 3.060000E-01   
 3.070000E-01   
 3.080000E-01   
 3.090000E-01   
 3.100000E-01   
 3.110000E-01   
 3.120000E-01   
 3.130000E-01   
 3.140000E-01   
 3.150000E-01   
 3.160000E-01   
 3.170000E-01   
 3.180000E-01   
 3.190000E-01   
 3.200000E-01   
 3.210000E-01   
 3.220000E-01   
 3.230000E-01   
 3.240000E-01   
 3.250000E-01   
 3.260000E-01   
 3.270000E-01   
 3.280000E-01   
 3.290000E-01   
 3.300000E-01   
 3.310000E-01   
 3.320000E-01   
 3.330000E-01   
 3.340000E-01   
 3.350000E-01   
 3.360000E-01   
 3.370000E-01   
 3.380000E-01   
 3.390000E-01   
 3.400000E-01   
 3.410000E-01   
 3.420000E-01   
 3.430000E-01   
 3.440000E-01   
 3.450000E-01   
 3.460000E-01   
 3.470000E-01   
 3.480000E-01   
 3.490000E-01   
 3.500000E-01   
 3.510000E-01   
 3.520000E-01   
 3.530000E-01   
 3.540000E-01   
 3.550000E-01   
 3.560000E-01   
 3.570000E-01   
 3.580000E-01   
 3.590000E-01   
 3.600000E-01   
 3.610000E-01   
 3.620000E-01   
 3.630000E-01   
 3.640000E-01   
 3.650000E-01   
 3.660000E-01   
 3.670000E-01   
 3.680000E-01   
 3.690000E-01   
 3.700000E-01   
 3.710000E-01   
 3.720000E-01   
 3.730000E-01   
 3.740000E-01   
 3.750000E-01   
 3.760000E-01   
 3.770000E-01   
 3.780000E-01   
 3.790000E-01   
 3.800000E-01   
 3.810000E-01   
 3.820000E-01   
 3.830000E-01   
 3.840000E-01   
 3.850000E-01   
 3.860000E-01   
 3.870000E-01   
 3.880000E-01   
 3.890000E-01   
 3.900000E-01   
 3.910000E-01   
 3.920000E-01   
 3.930000E-01   
 3.940000E-01   
 3.950000E-01   
 3.960000E-01   
 3.970000E-01   
 3.980000E-01   
 3.990000E-01   
 4.000000E-01   
 4.010000E-01   
 4.020000E-01   
 4.030000E-01   
 4.040000E-01   
 4.050000E-01   
 4.060000E-01   
 4.070000E-01   
 4.080000E-01   
 4.090000E-01   
 4.100000E-01   
 4.110000E-01   
 4.120000E-01   
 4.130000E-01   
 4.140000E-01   
 4.150000E-01   
 4.160000E-01   
 4.170000E-01   
 4.180000E-01   
 4.190000E-01   
 4.200000E-01   
 4.210000E-01   
 4.220000E-01   
 4.230000E-01   
 4.240000E-01   
 4.250000E-01   
 4.260000E-01   
 4.270000E-01   
 4.280000E-01   
 4.290000E-01   
 4.300000E-01   
 4.310000E-01   
 4.320000E-01   
 4.330000E-01   
 4.340000E-01   
 4.350000E-01   
 4.360000E-01   
 4.370000E-01   
 4.380000E-01   
 4.390000E-01   
 4.400000E-01   
 4.410000E-01   
 4.420000E-01   
 4.430000E-01   
 4.440000E-01   
 4.450000E-01   
 4.460000E-01   
 4.470000E-01   
 4.480000E-01   
 4.490000E-01   
 4.500000E-01   
 4.510000E-01   
 4.520000E-01   
 4.530000E-01   
 4.540000E-01   
 4.550000E-01   
 4.560000E-01   
 4.570000E-01   
 4.580000E-01   
 4.590000E-01   
 4.600000E-01   
 4.610000E-01   
 4.620000E-01   
 4.630000E-01   
 4.640000E-01   
 4.650000E-01   
 4.660000E-01   
 4.670000E-01   
 4.680000E-01   
 4.690000E-01   
 4.700000E-01   
 4.710000E-01   
 4.720000E-01   
 4.730000E-01   
 4.740000E-01   
 4.750000E-01   
 4.760000E-01   
 4.770000E-01   
 4.780000E-01   
 4.790000E-01   
 4.800000E-01   
 4.810000E-01   
 4.820000E-01   
 4.830000E-01   
 4.840000E-01   
 4.850000E-01   
 4.860000E-01   
 4.870000E-01   
 4.880000E-01   
 4.890000E-01   
 4.900000E-01   
 4.910000E-01   
 4.920000E-01   
 4.930000E-01   
 4.940000E-01   
 4.950000E-01   
 4.960000E-01   
 4.970000E-01   
 4.980000E-01   
 4.990000E-01   
 5.000000E-01   
 5.010000E-01   
 5.020000E-01   
 5.030000E-01   
 5.040000E-01   
 5.050000E-01   
 5.060000E-01   
 5.070000E-01   
 5.080000E-01   
 5.090000E-01   
 5.100000E-01   
 5.110000E-01   
 5.120000E-01   
 5.130000E-01   
 5.140000E-01   
 5.150000E-01   
 5.160000E-01   
 5.170000E-01   
 5.180000E-01   
 5.190000E-01   
 5.200000E-01   
 5.210000E-01   
 5.220000E-01   
 5.230000E-01   
 5.240000E-01   
 5.250000E-01   
 5.260000E-01   
 5.270000E-01   
 5.280000E-01   
 5.290000E-01   
 5.300000E-01   
 5.310000E-01   
 5.320000E-01   
 5.330000E-01   
 5.340000E-01   
 5.350000E-01   
 5.360000E-01   
 5.370000E-01   
 5.380000E-01   
 5.390000E-01   
 5.400000E-01   
 5.410000E-01   
 5.420000E-01   
 5.430000E-01   
 5.440000E-01   
 5.450000E-01   
 5.460000E-01   
 5.470000E-01   
 5.480000E-01   
 5.490000E-01   
 5.500000E-01   
 5.510000E-01   
 5.520000E-01   
 5.530000E-01   
 5.540000E-01   
 5.550000E-01   
 5.560000E-01   
 5.570000E-01   
 5.580000E-01   
 5.590000E-01   
 5.600000E-01   
 5.610000E-01   
 5.620000E-01   
 5.630000E-01   
 5.640000E-01   
 5.650000E-01   
 5.660000E-01   
 5.670000E-01   
 5.680000E-01   
 5.690000E-01   
 5.700000E-01   
 5.710000E-01   
 5.720000E-01   
 5.730000E-01   
 5.740000E-01   
 5.750000E-01   
 5.760000E-01   
 5.770000E-01   
 5.780000E-01   
 5.790000E-01   
 5.800000E-01   
 5.810000E-01   
 5.820000E-01   
 5.830000E-01   
 5.840000E-01   
 5.850000E-01   
 5.860000E-01   
 5.870000E-01   
 5.880000E-01   
 5.890000E-01   
 5.900000E-01   
 5.910000E-01   
 5.920000E-01   
 5.930000E-01   
 5.940000E-01   
 5.950000E-01   
 5.960000E-01   
 5.970000E-01   
 5.980000E-01   
 5.990000E-01   
 6.000000E-01   
 6.010000E-01   
 6.020000E-01   
 6.030000E-01   
 6.040000E-01   
 6.050000E-01   
 6.060000E-01   
 6.070000E-01   
 6.080000E-01   
 6.090000E-01   
 6.100000E-01   
 6.110000E-01   
 6.120000E-01   
 6.130000E-01   
 6.140000E-01   
 6.150000E-01   
 6.160000E-01   
 6.170000E-01   
 6.180000E-01   
 6.190000E-01   
 6.200000E-01   
 6.210000E-01   
 6.220000E-01   
 6.230000E-01   
 6.240000E-01   
 6.250000E-01   
 6.260000E-01   
 6.270000E-01   
 6.280000E-01   
 6.290000E-01   
 6.300000E-01   
 6.310000E-01   
 6.320000E-01   
 6.330000E-01   
 6.340000E-01   
 6.350000E-01   
 6.360000E-01   
 6.370000E-01   
 6.380000E-01   
 6.390000E-01   
 6.400000E-01   
 6.410000E-01   
 6.420000E-01   
 6.430000E-01   
 6.440000E-01   
 6.450000E-01   
 6.460000E-01   
 6.470000E-01   
 6.480000E-01   
 6.490000E-01   
 6.500000E-01   
 6.510000E-01   
 6.520000E-01   
 6.530000E-01   
 6.540000E-01   
 6.550000E-01   
 6.560000E-01   
 6.570000E-01   
 6.580000E-01   
 6.590000E-01   
 6.600000E-01   
 6.610000E-01   
 6.620000E-01   
 6.630000E-01   
 6.640000E-01   
 6.650000E-01   
 6.660000E-01   
 6.670000E-01   
 6.680000E-01   
 6.690000E-01   
 6.700000E-01   
 6.710000E-01   
 6.720000E-01   
 6.730000E-01   
 6.740000E-01   
 6.750000E-01   
 6.760000E-01   
 6.770000E-01   
 6.780000E-01   
 6.790000E-01   
 6.800000E-01   
 6.810000E-01   
 6.820000E-01   
 6.830000E-01   
 6.840000E-01   
 6.850000E-01   
 6.860000E-01   
 6.870000E-01   
 6.880000E-01   
 6.890000E-01   
 6.900000E-01   
 6.910000E-01   
 6.920000E-01   
 6.930000E-01   
 6.940000E-01   
 6.950000E-01   
 6.960000E-01   
 6.970000E-01   
 6.980000E-01   
 6.990000E-01   
 7.000000E-01   
 7.010000E-01   
 7.020000E-01   
 7.030000E-01   
 7.040000E-01   
 7.050000E-01   
 7.060000E-01   
 7.070000E-01   
 7.080000E-01   
 7.090000E-01   
 7.100000E-01   
 7.110000E-01   
 7.120000E-01   
 7.130000E-01   
 7.140000E-01   
 7.150000E-01   
 7.160000E-01   
 7.170000E-01   
 7.180000E-01   
 7.190000E-01   
 7.200000E-01   
 7.210000E-01   
 7.220000E-01   
 7.230000E-01   
 7.240000E-01   
 7.250000E-01   
 7.260000E-01   
 7.270000E-01   
 7.280000E-01   
 7.290000E-01   
 7.300000E-01   
 7.310000E-01   
 7.320000E-01   
 7.330000E-01   
 7.340000E-01   
 7.350000E-01   
 7.360000E-01   
 7.370000E-01   
 7.380000E-01   
 7.390000E-01   
 7.400000E-01   
 7.410000E-01   
 7.420000E-01   
 7.430000E-01   
 7.440000E-01   
 7.450000E-01   
 7.460000E-01   
 7.470000E-01   
 7.480000E-01   
 7.490000E-01   
 7.500000E-01   
 7.510000E-01   
 7.520000E-01   
 7.530000E-01   
 7.540000E-01   
 7.550000E-01   
 7.560000E-01   
 7.570000E-01   
 7.580000E-01   
 7.590000E-01   
 7.600000E-01   
 7.610000E-01   
 7.620000E-01   
 7.630000E-01   
 7.640000E-01   
 7.650000E-01   
 7.660000E-01   
 7.670000E-01   
 7.680000E-01   
 7.690000E-01   
 7.700000E-01   
 7.710000E-01   
 7.720000E-01   
 7.730000E-01   
 7.740000E-01   
 7.750000E-01   
 7.760000E-01   
 7.770000E-01   
 7.780000E-01   
 7.790000E-01   
 7.800000E-01   
 7.810000E-01   
 7.820000E-01   
 7.830000E-01   
 7.840000E-01   
 7.850000E-01   
 7.860000E-01   
 7.870000E-01   
 7.880000E-01   
 7.890000E-01   
 7.900000E-01   
 7.910000E-01   
 7.920000E-01   
 7.930000E-01   
 7.940000E-01   
 7.950000E-01   
 7.960000E-01   
 7.970000E-01   
 7.980000E-01   
 7.990000E-01   
 8.000000E-01   
 8.010000E-01   
 8.020000E-01   
 8.030000E-01   
 8.040000E-01   
 8.050000E-01   
 8.060000E-01   
 8.070000E-01   
 8.080000E-01   
 8.090000E-01   
 8.100000E-01   
 8.110000E-01   
 8.120000E-01   
 8.130000E-01   
 8.140000E-01   
 8.150000E-01   
 8.160000E-01   
 8.170000E-01   
 8.180000E-01   
 8.190000E-01   
 8.200000E-01   
 8.210000E-01   
 8.220000E-01   
 8.230000E-01   
 8.240000E-01   
 8.250000E-01   
 8.260000E-01   
 8.270000E-01   
 8.280000E-01   
 8.290000E-01   
 8.300000E-01   
 8.310000E-01   
 8.320000E-01   
 8.330000E-01   
 8.340000E-01   
 8.350000E-01   
 8.360000E-01   
 8.370000E-01   
 8.380000E-01   
 8.390000E-01   
 8.400000E-01   
 8.410000E-01   
 8.420000E-01   
 8.430000E-01   
 8.440000E-01   
 8.450000E-01   
 8.460000E-01   
 8.470000E-01   
 8.480000E-01   
 8.490000E-01   
 8.500000E-01   
 8.510000E-01   
 8.520000E-01   
 8.530000E-01   
 8.540000E-01   
 8.550000E-01   
 8.560000E-01   
 8.570000E-01   
 8.580000E-01   
 8.590000E-01   
 8.600000E-01   
 8.610000E-01   
 8.620000E-01   
 8.630000E-01   
 8.640000E-01   
 8.650000E-01   
 8.660000E-01   
 8.670000E-01   
 8.680000E-01   
 8.690000E-01   
 8.700000E-01   
 8.710000E-01   
 8.720000E-01   
 8.730000E-01   
 8.740000E-01   
 8.750000E-01   
 8.760000E-01   
 8.770000E-01   
 8.780000E-01   
 8.790000E-01   
 8.800000E-01   
 8.810000E-01   
 8.820000E-01   
 8.830000E-01   
 8.840000E-01   
 8.850000E-01   
 8.860000E-01   
 8.870000E-01   
 8.880000E-01   
 8.890000E-01   
 8.900000E-01   
 8.910000E-01   
 8.920000E-01   
 8.930000E-01   
 8.940000E-01   
 8.950000E-01   
 8.960000E-01   
 8.970000E-01   
 8.980000E-01   
 8.990000E-01   
 9.000000E-01   
 9.010000E-01   
 9.020000E-01   
 9.030000E-01   
 9.040000E-01   
 9.050000E-01   
 9.060000E-01   
 9.070000E-01   
 9.080000E-01   
 9.090000E-01   
 9.100000E-01   
 9.110000E-01   
 9.120000E-01   
 9.130000E-01   
 9.140000E-01   
 9.150000E-01   
 9.160000E-01   
 9.170000E-01   
 9.180000E-01   
 9.190000E-01   
 9.200000E-01   
 9.210000E-01   
 9.220000E-01   
 9.230000E-01   
 9.240000E-01   
 9.250000E-01   
 9.260000E-01   
 9.270000E-01   
 9.280000E-01   
 9.290000E-01   
 9.300000E-01   
 9.310000E-01   
 9.320000E-01   
 9.330000E-01   
 9.340000E-01   
 9.350000E-01   
 9.360000E-01   
 9.370000E-01   
 9.380000E-01   
 9.390000E-01   
 9.400000E-01   
 9.410000E-01   
 9.420000E-01   
 9.430000E-01   
 9.440000E-01   
 9.450000E-01   
 9.460000E-01   
 9.470000E-01   
 9.480000E-01   
 9.490000E-01   
 9.500000E-01   
 9.510000E-01   
 9.520000E-01   
 9.530000E-01   
 9.540000E-01   
 9.550000E-01   
 9.560000E-01   
 9.570000E-01   
 9.580000E-01   
 9.590000E-01   
 9.600000E-01   
 9.610000E-01   
 9.620000E-01   
 9.630000E-01   
 9.640000E-01   
 9.650000E-01   
 9.660000E-01   
 9.670000E-01   
 9.680000E-01   
 9.690000E-01   
 9.700000E-01   
 9.710000E-01   
 9.720000E-01   
 9.730000E-01   
 9.740000E-01   
 9.750000E-01   
 9.760000E-01   
 9.770000E-01   
 9.780000E-01   
 9.790000E-01   
 9.800000E-01   
 9.810000E-01   
 9.820000E-01   
 9.830000E-01   
 9.840000E-01   
 9.850000E-01   
 9.860000E-01   
 9.870000E-01   
 9.880000E-01   
 9.890000E-01   
 9.900000E-01   
 9.910000E-01   
 9.920000E-01   
 9.930000E-01   
 9.940000E-01   
 9.950000E-01   
 9.960000E-01   
 9.970000E-01   
 9.980000E-01   
 9.990000E-01   
 1.000000E+00   
 1.001000E+00   
 1.002000E+00   
 1.003000E+00   
 1.004000E+00   
 1.005000E+00   
 1.006000E+00   
 1.007000E+00   
 1.008000E+00   
 1.009000E+00   
 1.010000E+00   
 1.011000E+00   
 1.012000E+00   
 1.013000E+00   
 1.014000E+00   
 1.015000E+00   
 1.016000E+00   
 1.017000E+00   
 1.018000E+00   
 1.019000E+00   
 1.020000E+00   
 1.021000E+00   
 1.022000E+00   
 1.023000E+00   
 1.024000E+00   
 1.025000E+00   
 1.026000E+00   
 1.027000E+00   
 1.028000E+00   
 1.029000E+00   
 1.030000E+00   
 1.031000E+00   
 1.032000E+00   
 1.033000E+00   
 1.034000E+00   
 1.035000E+00   
 1.036000E+00   
 1.037000E+00   
 1.038000E+00   
 1.039000E+00   
 1.040000E+00   
 1.041000E+00   
 1.042000E+00   
 1.043000E+00   
 1.044000E+00   
 1.045000E+00   
 1.046000E+00   
 1.047000E+00   
 1.048000E+00   
 1.049000E+00   
 1.050000E+00   
 1.051000E+00   
 1.052000E+00   
 1.053000E+00   
 1.054000E+00   
 1.055000E+00   
 1.056000E+00   
 1.057000E+00   
 1.058000E+00   
 1.059000E+00   
 1.060000E+00   
 1.061000E+00   
 1.062000E+00   
 1.063000E+00   
 1.064000E+00   
 1.065000E+00   
 1.066000E+00   
 1.067000E+00   
 1.068000E+00   
 1.069000E+00   
 1.070000E+00   
 1.071000E+00   
 1.072000E+00   
 1.073000E+00   
 1.074000E+00   
 1.075000E+00   
 1.076000E+00   
 1.077000E+00   
 1.078000E+00   
 1.079000E+00   
 1.080000E+00   
 1.081000E+00   
 1.082000E+00   
 1.083000E+00   
 1.084000E+00   
 1.085000E+00   
 1.086000E+00   
 1.087000E+00   
 1.088000E+00   
 1.089000E+00   
 1.090000E+00   
 1.091000E+00   
 1.092000E+00   
 1.093000E+00   
 1.094000E+00   
 1.095000E+00   
 1.096000E+00   
 1.097000E+00   
 1.098000E+00   
 1.099000E+00   
 1.100000E+00   
 1.101000E+00   
 1.102000E+00   
 1.103000E+00   
 1.104000E+00   
 1.105000E+00   
 1.106000E+00   
 1.107000E+00   
 1.108000E+00   
 1.109000E+00   
 1.110000E+00   
 1.111000E+00   
 1.112000E+00   
 1.113000E+00   
 1.114000E+00   
 1.115000E+00   
 1.116000E+00   
 1.117000E+00   
 1.118000E+00   
 1.119000E+00   
 1.120000E+00   
 1.121000E+00   
 1.122000E+00   
 1.123000E+00   
 1.124000E+00   
 1.125000E+00   
 1.126000E+00   
 1.127000E+00   
 1.128000E+00   
 1.129000E+00   
 1.130000E+00   
 1.131000E+00   
 1.132000E+00   
 1.133000E+00   
 1.134000E+00   
 1.135000E+00   
 1.136000E+00   
 1.137000E+00   
 1.138000E+00   
 1.139000E+00   
 1.140000E+00   
 1.141000E+00   
 1.142000E+00   
 1.143000E+00   
 1.144000E+00   
 1.145000E+00   
 1.146000E+00   
 1.147000E+00   
 1.148000E+00   
 1.149000E+00   
 1.150000E+00   
 1.151000E+00   
 1.152000E+00   
 1.153000E+00   
 1.154000E+00   
 1.155000E+00   
 1.156000E+00   
 1.157000E+00   
 1.158000E+00   
 1.159000E+00   
 1.160000E+00   
 1.161000E+00   
 1.162000E+00   
 1.163000E+00   
 1.164000E+00   
 1.165000E+00   
 1.166000E+00   
 1.167000E+00   
 1.168000E+00   
 1.169000E+00   
 1.170000E+00   
 1.171000E+00   
 1.172000E+00   
 1.173000E+00   
 1.174000E+00   
 1.175000E+00   
 1.176000E+00   
 1.177000E+00   
 1.178000E+00   
 1.179000E+00   
 1.180000E+00   
 1.181000E+00   
 1.182000E+00   
 1.183000E+00   
 1.184000E+00   
 1.185000E+00   
 1.186000E+00   
 1.187000E+00   
 1.188000E+00   
 1.189000E+00   
 1.190000E+00   
 1.191000E+00   
 1.192000E+00   
 1.193000E+00   
 1.194000E+00   
 1.195000E+00   
 1.196000E+00   
 1.197000E+00   
 1.198000E+00   
 1.199000E+00   
 1.200000E+00   
 1.201000E+00   
 1.202000E+00   
 1.203000E+00   
 1.204000E+00   
 1.205000E+00   
 1.206000E+00   
 1.207000E+00   
 1.208000E+00   
 1.209000E+00   
 1.210000E+00   
 1.211000E+00   
 1.212000E+00   
 1.213000E+00   
 1.214000E+00   
 1.215000E+00   
 1.216000E+00   
 1.217000E+00   
 1.218000E+00   
 1.219000E+00   
 1.220000E+00   
 1.221000E+00   
 1.222000E+00   
 1.223000E+00   
 1.224000E+00   
 1.225000E+00   
 1.226000E+00   
 1.227000E+00   
 1.228000E+00   
 1.229000E+00   
 1.230000E+00   
 1.231000E+00   
 1.232000E+00   
 1.233000E+00   
 1.234000E+00   
 1.235000E+00   
 1.236000E+00   
 1.237000E+00   
 1.238000E+00   
 1.239000E+00   
 1.240000E+00   
 1.241000E+00   
 1.242000E+00   
 1.243000E+00   
 1.244000E+00   
 1.245000E+00   
 1.246000E+00   
 1.247000E+00   
 1.248000E+00   
 1.249000E+00   
 1.250000E+00   
 1.251000E+00   
 1.252000E+00   
 1.253000E+00   
 1.254000E+00   
 1.255000E+00   
 1.256000E+00   
 1.257000E+00   
 1.258000E+00   
 1.259000E+00   
 1.260000E+00   
 1.261000E+00   
 1.262000E+00   
 1.263000E+00   
 1.264000E+00   
 1.265000E+00   
 1.266000E+00   
 1.267000E+00   
 1.268000E+00   
 1.269000E+00   
 1.270000E+00   
 1.271000E+00   
 1.272000E+00   
 1.273000E+00   
 1.274000E+00   
 1.275000E+00   
 1.276000E+00   
 1.277000E+00   
 1.278000E+00   
 1.279000E+00   
 1.280000E+00   
 1.281000E+00   
 1.282000E+00   
 1.283000E+00   
 1.284000E+00   
 1.285000E+00   
 1.286000E+00   
 1.287000E+00   
 1.288000E+00   
 1.289000E+00   
 1.290000E+00   
 1.291000E+00   
 1.292000E+00   
 1.293000E+00   
 1.294000E+00   
 1.295000E+00   
 1.296000E+00   
 1.297000E+00   
 1.298000E+00   
 1.299000E+00   
 1.300000E+00   
 1.301000E+00   
 1.302000E+00   
 1.303000E+00   
 1.304000E+00   
 1.305000E+00   
 1.306000E+00   
 1.307000E+00   
 1.308000E+00   
 1.309000E+00   
 1.310000E+00   
 1.311000E+00   
 1.312000E+00   
 1.313000E+00   
 1.314000E+00   
 1.315000E+00   
 1.316000E+00   
 1.317000E+00   
 1.318000E+00   
 1.319000E+00   
 1.320000E+00   
 1.321000E+00   
 1.322000E+00   
 1.323000E+00   
 1.324000E+00   
 1.325000E+00   
 1.326000E+00   
 1.327000E+00   
 1.328000E+00   
 1.329000E+00   
 1.330000E+00   
 1.331000E+00   
 1.332000E+00   
 1.333000E+00   
 1.334000E+00   
 1.335000E+00   
 1.336000E+00   
 1.337000E+00   
 1.338000E+00   
 1.339000E+00   
 1.340000E+00   
 1.341000E+00   
 1.342000E+00   
 1.343000E+00   
 1.344000E+00   
 1.345000E+00   
 1.346000E+00   
 1.347000E+00   
 1.348000E+00   
 1.349000E+00   
 1.350000E+00   
 1.351000E+00   
 1.352000E+00   
 1.353000E+00   
 1.354000E+00   
 1.355000E+00   
 1.356000E+00   
 1.357000E+00   
 1.358000E+00   
 1.359000E+00   
 1.360000E+00   
 1.361000E+00   
 1.362000E+00   
 1.363000E+00   
 1.364000E+00   
 1.365000E+00   
 1.366000E+00   
 1.367000E+00   
 1.368000E+00   
 1.369000E+00   
 1.370000E+00   
 1.371000E+00   
 1.372000E+00   
 1.373000E+00   
 1.374000E+00   
 1.375000E+00   
 1.376000E+00   
 1.377000E+00   
 1.378000E+00   
 1.379000E+00   
 1.380000E+00   
 1.381000E+00   
 1.382000E+00   
 1.383000E+00   
 1.384000E+00   
 1.385000E+00   
 1.386000E+00   
 1.387000E+00   
 1.388000E+00   
 1.389000E+00   
 1.390000E+00   
 1.391000E+00   
 1.392000E+00   
 1.393000E+00   
 1.394000E+00   
 1.395000E+00   
 1.396000E+00   
 1.397000E+00   
 1.398000E+00   
 1.399000E+00   
 1.400000E+00   
 1.401000E+00   
 1.402000E+00   
 1.403000E+00   
 1.404000E+00   
 1.405000E+00   
 1.406000E+00   
 1.407000E+00   
 1.408000E+00   
 1.409000E+00   
 1.410000E+00   
 1.411000E+00   
 1.412000E+00   
 1.413000E+00   
 1.414000E+00   
 1.415000E+00   
 1.416000E+00   
 1.417000E+00   
 1.418000E+00   
 1.419000E+00   
 1.420000E+00   
 1.421000E+00   
 1.422000E+00   
 1.423000E+00   
 1.424000E+00   
 1.425000E+00   
 1.426000E+00   
 1.427000E+00   
 1.428000E+00   
 1.429000E+00   
 1.430000E+00   
 1.431000E+00   
 1.432000E+00   
 1.433000E+00   
 1.434000E+00   
 1.435000E+00   
 1.436000E+00   
 1.437000E+00   
 1.438000E+00   
 1.439000E+00   
 1.440000E+00   
 1.441000E+00   
 1.442000E+00   
 1.443000E+00   
 1.444000E+00   
 1.445000E+00   
 1.446000E+00   
 1.447000E+00   
 1.448000E+00   
 1.449000E+00   
 1.450000E+00   
 1.451000E+00   
 1.452000E+00   
 1.453000E+00   
 1.454000E+00   
 1.455000E+00   
 1.456000E+00   
 1.457000E+00   
 1.458000E+00   
 1.459000E+00   
 1.460000E+00   
 1.461000E+00   
 1.462000E+00   
 1.463000E+00   
 1.464000E+00   
 1.465000E+00   
 1.466000E+00   
 1.467000E+00   
 1.468000E+00   
 1.469000E+00   
 1.470000E+00   
 1.471000E+00   
 1.472000E+00   
 1.473000E+00   
 1.474000E+00   
 1.475000E+00   
 1.476000E+00   
 1.477000E+00   
 1.478000E+00   
 1.479000E+00   
 1.480000E+00   
 1.481000E+00   
 1.482000E+00   
 1.483000E+00   
 1.484000E+00   
 1.485000E+00   
 1.486000E+00   
 1.487000E+00   
 1.488000E+00   
 1.489000E+00   
 1.490000E+00   
 1.491000E+00   
 1.492000E+00   
 1.493000E+00   
 1.494000E+00   
 1.495000E+00   
 1.496000E+00   
 1.497000E+00   
 1.498000E+00   
 1.499000E+00   
 1.500000E+00   
 1.501000E+00   
 1.502000E+00   
 1.503000E+00   
 1.504000E+00   
 1.505000E+00   
 1.506000E+00   
 1.507000E+00   
 1.508000E+00   
 1.509000E+00   
 1.510000E+00   
 1.511000E+00   
 1.512000E+00   
 1.513000E+00   
 1.514000E+00   
 1.515000E+00   
 1.516000E+00   
 1.517000E+00   
 1.518000E+00   
 1.519000E+00   
 1.520000E+00   
 1.521000E+00   
 1.522000E+00   
 1.523000E+00   
 1.524000E+00   
 1.525000E+00   
 1.526000E+00   
 1.527000E+00   
 1.528000E+00   
 1.529000E+00   
 1.530000E+00   
 1.531000E+00   
 1.532000E+00   
 1.533000E+00   
 1.534000E+00   
 1.535000E+00   
 1.536000E+00   
 1.537000E+00   
 1.538000E+00   
 1.539000E+00   
 1.540000E+00   
 1.541000E+00   
 1.542000E+00   
 1.543000E+00   
 1.544000E+00   
 1.545000E+00   
 1.546000E+00   
 1.547000E+00   
 1.548000E+00   
 1.549000E+00   
 1.550000E+00   
 1.551000E+00   
 1.552000E+00   
 1.553000E+00   
 1.554000E+00   
 1.555000E+00   
 1.556000E+00   
 1.557000E+00   
 1.558000E+00   
 1.559000E+00   
 1.560000E+00   
 1.561000E+00   
 1.562000E+00   
 1.563000E+00   
 1.564000E+00   
 1.565000E+00   
 1.566000E+00   
 1.567000E+00   
 1.568000E+00   
 1.569000E+00   
 1.570000E+00   
 1.571000E+00   
 1.572000E+00   
 1.573000E+00   
 1.574000E+00   
 1.575000E+00   
 1.576000E+00   
 1.577000E+00   
 1.578000E+00   
 1.579000E+00   
 1.580000E+00   
 1.581000E+00   
 1.582000E+00   
 1.583000E+00   
 1.584000E+00   
 1.585000E+00   
 1.586000E+00   
 1.587000E+00   
 1.588000E+00   
 1.589000E+00   
 1.590000E+00   
 1.591000E+00   
 1.592000E+00   
 1.593000E+00   
 1.594000E+00   
 1.595000E+00   
 1.596000E+00   
 1.597000E+00   
 1.598000E+00   
 1.599000E+00   
 1.600000E+00   
 1.601000E+00   
 1.602000E+00   
 1.603000E+00   
 1.604000E+00   
 1.605000E+00   
 1.606000E+00   
 1.607000E+00   
 1.608000E+00   
 1.609000E+00   
 1.610000E+00   
 1.611000E+00   
 1.612000E+00   
 1.613000E+00   
 1.614000E+00   
 1.615000E+00   
 1.616000E+00   
 1.617000E+00   
 1.618000E+00   
 1.619000E+00   
 1.620000E+00   
 1.621000E+00   
 1.622000E+00   
 1.623000E+00   
 1.624000E+00   
 1.625000E+00   
 1.626000E+00   
 1.627000E+00   
 1.628000E+00   
 1.629000E+00   
 1.630000E+00   
 1.631000E+00   
 1.632000E+00   
 1.633000E+00   
 1.634000E+00   
 1.635000E+00   
 1.636000E+00   
 1.637000E+00   
 1.638000E+00   
 1.639000E+00   
 1.640000E+00   
 1.641000E+00   
 1.642000E+00   
 1.643000E+00   
 1.644000E+00   
 1.645000E+00   
 1.646000E+00   
 1.647000E+00   
 1.648000E+00   
 1.649000E+00   
 1.650000E+00   
 1.651000E+00   
 1.652000E+00   
 1.653000E+00   
 1.654000E+00   
 1.655000E+00   
 1.656000E+00   
 1.657000E+00   
 1.658000E+00   
 1.659000E+00   
 1.660000E+00   
 1.661000E+00   
 1.662000E+00   
 1.663000E+00   
 1.664000E+00   
 1.665000E+00   
 1.666000E+00   
 1.667000E+00   
 1.668000E+00   
 1.669000E+00   
 1.670000E+00   
 1.671000E+00   
 1.672000E+00   
 1.673000E+00   
 1.674000E+00   
 1.675000E+00   
 1.676000E+00   
 1.677000E+00   
 1.678000E+00   
 1.679000E+00   
 1.680000E+00   
 1.681000E+00   
 1.682000E+00   
 1.683000E+00   
 1.684000E+00   
 1.685000E+00   
 1.686000E+00   
 1.687000E+00   
 1.688000E+00   
 1.689000E+00   
 1.690000E+00   
 1.691000E+00   
 1.692000E+00   
 1.693000E+00   
 1.694000E+00   
 1.695000E+00   
 1.696000E+00   
 1.697000E+00   
 1.698000E+00   
 1.699000E+00   
 1.700000E+00   
 1.701000E+00   
 1.702000E+00   
 1.703000E+00   
 1.704000E+00   
 1.705000E+00   
 1.706000E+00   
 1.707000E+00   
 1.708000E+00   
 1.709000E+00   
 1.710000E+00   
 1.711000E+00   
 1.712000E+00   
 1.713000E+00   
 1.714000E+00   
 1.715000E+00   
 1.716000E+00   
 1.717000E+00   
 1.718000E+00   
 1.719000E+00   
 1.720000E+00   
 1.721000E+00   
 1.722000E+00   
 1.723000E+00   
 1.724000E+00   
 1.725000E+00   
 1.726000E+00   
 1.727000E+00   
 1.728000E+00   
 1.729000E+00   
 1.730000E+00   
 1.731000E+00   
 1.732000E+00   
 1.733000E+00   
 1.734000E+00   
 1.735000E+00   
 1.736000E+00   
 1.737000E+00   
 1.738000E+00   
 1.739000E+00   
 1.740000E+00   
 1.741000E+00   
 1.742000E+00   
 1.743000E+00   
 1.744000E+00   
 1.745000E+00   
 1.746000E+00   
 1.747000E+00   
 1.748000E+00   
 1.749000E+00   
 1.750000E+00   
 1.751000E+00   
 1.752000E+00   
 1.753000E+00   
 1.754000E+00   
 1.755000E+00   
 1.756000E+00   
 1.757000E+00   
 1.758000E+00   
 1.759000E+00   
 1.760000E+00   
 1.761000E+00   
 1.762000E+00   
 1.763000E+00   
 1.764000E+00   
 1.765000E+00   
 1.766000E+00   
 1.767000E+00   
 1.768000E+00   
 1.769000E+00   
 1.770000E+00   
 1.771000E+00   
 1.772000E+00   
 1.773000E+00   
 1.774000E+00   
 1.775000E+00   
 1.776000E+00   
 1.777000E+00   
 1.778000E+00   
 1.779000E+00   
 1.780000E+00   
 1.781000E+00   
 1.782000E+00   
 1.783000E+00   
 1.784000E+00   
 1.785000E+00   
 1.786000E+00   
 1.787000E+00   
 1.788000E+00   
 1.789000E+00   
 1.790000E+00   
 1.791000E+00   
 1.792000E+00   
 1.793000E+00   
 1.794000E+00   
 1.795000E+00   
 1.796000E+00   
 1.797000E+00   
 1.798000E+00   
 1.799000E+00   
 1.800000E+00   
 1.801000E+00   
 1.802000E+00   
 1.803000E+00   
 1.804000E+00   
 1.805000E+00   
 1.806000E+00   
 1.807000E+00   
 1.808000E+00   
 1.809000E+00   
 1.810000E+00   
 1.811000E+00   
 1.812000E+00   
 1.813000E+00   
 1.814000E+00   
 1.815000E+00   
 1.816000E+00   
 1.817000E+00   
 1.818000E+00   
 1.819000E+00   
 1.820000E+00   
 1.821000E+00   
 1.822000E+00   
 1.823000E+00   
 1.824000E+00   
 1.825000E+00   
 1.826000E+00   
 1.827000E+00   
 1.828000E+00   
 1.829000E+00   
 1.830000E+00   
 1.831000E+00   
 1.832000E+00   
 1.833000E+00   
 1.834000E+00   
 1.835000E+00   
 1.836000E+00   
 1.837000E+00   
 1.838000E+00   
 1.839000E+00   
 1.840000E+00   
 1.841000E+00   
 1.842000E+00   
 1.843000E+00   
 1.844000E+00   
 1.845000E+00   
 1.846000E+00   
 1.847000E+00   
 1.848000E+00   
 1.849000E+00   
 1.850000E+00   
 1.851000E+00   
 1.852000E+00   
 1.853000E+00   
 1.854000E+00   
 1.855000E+00   
 1.856000E+00   
 1.857000E+00   
 1.858000E+00   
 1.859000E+00   
 1.860000E+00   
 1.861000E+00   
 1.862000E+00   
 1.863000E+00   
 1.864000E+00   
 1.865000E+00   
 1.866000E+00   
 1.867000E+00   
 1.868000E+00   
 1.869000E+00   
 1.870000E+00   
 1.871000E+00   
 1.872000E+00   
 1.873000E+00   
 1.874000E+00   
 1.875000E+00   
 1.876000E+00   
 1.877000E+00   
 1.878000E+00   
 1.879000E+00   
 1.880000E+00   
 1.881000E+00   
 1.882000E+00   
 1.883000E+00   
 1.884000E+00   
 1.885000E+00   
 1.886000E+00   
 1.887000E+00   
 1.888000E+00   
 1.889000E+00   
 1.890000E+00   
 1.891000E+00   
 1.892000E+00   
 1.893000E+00   
 1.894000E+00   
 1.895000E+00   
 1.896000E+00   
 1.897000E+00   
 1.898000E+00   
 1.899000E+00   
 1.900000E+00   
 1.901000E+00   
 1.902000E+00   
 1.903000E+00   
 1.904000E+00   
 1.905000E+00   
 1.906000E+00   
 1.907000E+00   
 1.908000E+00   
 1.909000E+00   
 1.910000E+00   
 1.911000E+00   
 1.912000E+00   
 1.913000E+00   
 1.914000E+00   
 1.915000E+00   
 1.916000E+00   
 1.917000E+00   
 1.918000E+00   
 1.919000E+00   
 1.920000E+00   
 1.921000E+00   
 1.922000E+00   
 1.923000E+00   
 1.924000E+00   
 1.925000E+00   
 1.926000E+00   
 1.927000E+00   
 1.928000E+00   
 1.929000E+00   
 1.930000E+00   
 1.931000E+00   
 1.932000E+00   
 1.933000E+00   
 1.934000E+00   
 1.935000E+00   
 1.936000E+00   
 1.937000E+00   
 1.938000E+00   
 1.939000E+00   
 1.940000E+00   
 1.941000E+00   
 1.942000E+00   
 1.943000E+00   
 1.944000E+00   
 1.945000E+00   
 1.946000E+00   
 1.947000E+00   
 1.948000E+00   
 1.949000E+00   
 1.950000E+00   
 1.951000E+00   
 1.952000E+00   
 1.953000E+00   
 1.954000E+00   
 1.955000E+00   
 1.956000E+00   
 1.957000E+00   
 1.958000E+00   
 1.959000E+00   
 1.960000E+00   
 1.961000E+00   
 1.962000E+00   
 1.963000E+00   
 1.964000E+00   
 1.965000E+00   
 1.966000E+00   
 1.967000E+00   
 1.968000E+00   
 1.969000E+00   
 1.970000E+00   
 1.971000E+00   
 1.972000E+00   
 1.973000E+00   
 1.974000E+00   
 1.975000E+00   
 1.976000E+00   
 1.977000E+00   
 1.978000E+00   
 1.979000E+00   
 1.980000E+00   
 1.981000E+00   
 1.982000E+00   
 1.983000E+00   
 1.984000E+00   
 1.985000E+00   
 1.986000E+00   
 1.987000E+00   
 1.988000E+00   
 1.989000E+00   
 1.990000E+00   
 1.991000E+00   
 1.992000E+00   
 1.993000E+00   
 1.994000E+00   
 1.995000E+00   
 1.996000E+00   
 1.997000E+00   
 1.998000E+00   
 1.999000E+00   
 2.000000E+00   
 2.001000E+00   
 2.002000E+00   
 2.003000E+00   
 2.004000E+00   
 2.005000E+00   
 2.006000E+00   
 2.007000E+00   
 2.008000E+00   
 2.009000E+00   
 2.010000E+00   
 2.011000E+00   
 2.012000E+00   
 2.013000E+00   
 2.014000E+00   
 2.015000E+00   
 2.016000E+00   
 2.017000E+00   
 2.018000E+00   
 2.019000E+00   
 2.020000E+00   
 2.021000E+00   
 2.022000E+00   
 2.023000E+00   
 2.024000E+00   
 2.025000E+00   
 2.026000E+00   
 2.027000E+00   
 2.028000E+00   
 2.029000E+00   
 2.030000E+00   
 2.031000E+00   
 2.032000E+00   
 2.033000E+00   
 2.034000E+00   
 2.035000E+00   
 2.036000E+00   
 2.037000E+00   
 2.038000E+00   
 2.039000E+00   
 2.040000E+00   
 2.041000E+00   
 2.042000E+00   
 2.043000E+00   
 2.044000E+00   
 2.045000E+00   
 2.046000E+00   
 2.047000E+00   
 2.048000E+00   
 2.049000E+00   
 2.050000E+00   
 2.051000E+00   
 2.052000E+00   
 2.053000E+00   
 2.054000E+00   
 2.055000E+00   
 2.056000E+00   
 2.057000E+00   
 2.058000E+00   
 2.059000E+00   
 2.060000E+00   
 2.061000E+00   
 2.062000E+00   
 2.063000E+00   
 2.064000E+00   
 2.065000E+00   
 2.066000E+00   
 2.067000E+00   
 2.068000E+00   
 2.069000E+00   
 2.070000E+00   
 2.071000E+00   
 2.072000E+00   
 2.073000E+00   
 2.074000E+00   
 2.075000E+00   
 2.076000E+00   
 2.077000E+00   
 2.078000E+00   
 2.079000E+00   
 2.080000E+00   
 2.081000E+00   
 2.082000E+00   
 2.083000E+00   
 2.084000E+00   
 2.085000E+00   
 2.086000E+00   
 2.087000E+00   
 2.088000E+00   
 2.089000E+00   
 2.090000E+00   
 2.091000E+00   
 2.092000E+00   
 2.093000E+00   
 2.094000E+00   
 2.095000E+00   
 2.096000E+00   
 2.097000E+00   
 2.098000E+00   
 2.099000E+00   
 2.100000E+00   
 2.101000E+00   
 2.102000E+00   
 2.103000E+00   
 2.104000E+00   
 2.105000E+00   
 2.106000E+00   
 2.107000E+00   
 2.108000E+00   
 2.109000E+00   
 2.110000E+00   
 2.111000E+00   
 2.112000E+00   
 2.113000E+00   
 2.114000E+00   
 2.115000E+00   
 2.116000E+00   
 2.117000E+00   
 2.118000E+00   
 2.119000E+00   
 2.120000E+00   
 2.121000E+00   
 2.122000E+00   
 2.123000E+00   
 2.124000E+00   
 2.125000E+00   
 2.126000E+00   
 2.127000E+00   
 2.128000E+00   
 2.129000E+00   
 2.130000E+00   
 2.131000E+00   
 2.132000E+00   
 2.133000E+00   
 2.134000E+00   
 2.135000E+00   
 2.136000E+00   
 2.137000E+00   
 2.138000E+00   
 2.139000E+00   
 2.140000E+00   
 2.141000E+00   
 2.142000E+00   
 2.143000E+00   
 2.144000E+00   
 2.145000E+00   
 2.146000E+00   
 2.147000E+00   
 2.148000E+00   
 2.149000E+00   
 2.150000E+00   
 2.151000E+00   
 2.152000E+00   
 2.153000E+00   
 2.154000E+00   
 2.155000E+00   
 2.156000E+00   
 2.157000E+00   
 2.158000E+00   
 2.159000E+00   
 2.160000E+00   
 2.161000E+00   
 2.162000E+00   
 2.163000E+00   
 2.164000E+00   
 2.165000E+00   
 2.166000E+00   
 2.167000E+00   
 2.168000E+00   
 2.169000E+00   
 2.170000E+00   
 2.171000E+00   
 2.172000E+00   
 2.173000E+00   
 2.174000E+00   
 2.175000E+00   
 2.176000E+00   
 2.177000E+00   
 2.178000E+00   
 2.179000E+00   
 2.180000E+00   
 2.181000E+00   
 2.182000E+00   
 2.183000E+00   
 2.184000E+00   
 2.185000E+00   
 2.186000E+00   
 2.187000E+00   
 2.188000E+00   
 2.189000E+00   
 2.190000E+00   
 2.191000E+00   
 2.192000E+00   
 2.193000E+00   
 2.194000E+00   
 2.195000E+00   
 2.196000E+00   
 2.197000E+00   
 2.198000E+00   
 2.199000E+00   
 2.200000E+00   
 2.201000E+00   
 2.202000E+00   
 2.203000E+00   
 2.204000E+00   
 2.205000E+00   
 2.206000E+00   
 2.207000E+00   
 2.208000E+00   
 2.209000E+00   
 2.210000E+00   
 2.211000E+00   
 2.212000E+00   
 2.213000E+00   
 2.214000E+00   
 2.215000E+00   
 2.216000E+00   
 2.217000E+00   
 2.218000E+00   
 2.219000E+00   
 2.220000E+00   
 2.221000E+00   
 2.222000E+00   
 2.223000E+00   
 2.224000E+00   
 2.225000E+00   
 2.226000E+00   
 2.227000E+00   
 2.228000E+00   
 2.229000E+00   
 2.230000E+00   
 2.231000E+00   
 2.232000E+00   
 2.233000E+00   
 2.234000E+00   
 2.235000E+00   
 2.236000E+00   
 2.237000E+00   
 2.238000E+00   
 2.239000E+00   
 2.240000E+00   
 2.241000E+00   
 2.242000E+00   
 2.243000E+00   
 2.244000E+00   
 2.245000E+00   
 2.246000E+00   
 2.247000E+00   
 2.248000E+00   
 2.249000E+00   
 2.250000E+00   
 2.251000E+00   
 2.252000E+00   
 2.253000E+00   
 2.254000E+00   
 2.255000E+00   
 2.256000E+00   
 2.257000E+00   
 2.258000E+00   
 2.259000E+00   
 2.260000E+00   
 2.261000E+00   
 2.262000E+00   
 2.263000E+00   
 2.264000E+00   
 2.265000E+00   
 2.266000E+00   
 2.267000E+00   
 2.268000E+00   
 2.269000E+00   
 2.270000E+00   
 2.271000E+00   
 2.272000E+00   
 2.273000E+00   
 2.274000E+00   
 2.275000E+00   
 2.276000E+00   
 2.277000E+00   
 2.278000E+00   
 2.279000E+00   
 2.280000E+00   
 2.281000E+00   
 2.282000E+00   
 2.283000E+00   
 2.284000E+00   
 2.285000E+00   
 2.286000E+00   
 2.287000E+00   
 2.288000E+00   
 2.289000E+00   
 2.290000E+00   
 2.291000E+00   
 2.292000E+00   
 2.293000E+00   
 2.294000E+00   
 2.295000E+00   
 2.296000E+00   
 2.297000E+00   
 2.298000E+00   
 2.299000E+00   
 2.300000E+00   
 2.301000E+00   
 2.302000E+00   
 2.303000E+00   
 2.304000E+00   
 2.305000E+00   
 2.306000E+00   
 2.307000E+00   
 2.308000E+00   
 2.309000E+00   
 2.310000E+00   
 2.311000E+00   
 2.312000E+00   
 2.313000E+00   
 2.314000E+00   
 2.315000E+00   
 2.316000E+00   
 2.317000E+00   
 2.318000E+00   
 2.319000E+00   
 2.320000E+00   
 2.321000E+00   
 2.322000E+00   
 2.323000E+00   
 2.324000E+00   
 2.325000E+00   
 2.326000E+00   
 2.327000E+00   
 2.328000E+00   
 2.329000E+00   
 2.330000E+00   
 2.331000E+00   
 2.332000E+00   
 2.333000E+00   
 2.334000E+00   
 2.335000E+00   
 2.336000E+00   
 2.337000E+00   
 2.338000E+00   
 2.339000E+00   
 2.340000E+00   
 2.341000E+00   
 2.342000E+00   
 2.343000E+00   
 2.344000E+00   
 2.345000E+00   
 2.346000E+00   
 2.347000E+00   
 2.348000E+00   
 2.349000E+00   
 2.350000E+00   
 2.351000E+00   
 2.352000E+00   
 2.353000E+00   
 2.354000E+00   
 2.355000E+00   
 2.356000E+00   
 2.357000E+00   
 2.358000E+00   
 2.359000E+00   
 2.360000E+00   
 2.361000E+00   
 2.362000E+00   
 2.363000E+00   
 2.364000E+00   
 2.365000E+00   
 2.366000E+00   
 2.367000E+00   
 2.368000E+00   
 2.369000E+00   
 2.370000E+00   
 2.371000E+00   
 2.372000E+00   
 2.373000E+00   
 2.374000E+00   
 2.375000E+00   
 2.376000E+00   
 2.377000E+00   
 2.378000E+00   
 2.379000E+00   
 2.380000E+00   
 2.381000E+00   
 2.382000E+00   
 2.383000E+00   
 2.384000E+00   
 2.385000E+00   
 2.386000E+00   
 2.387000E+00   
 2.388000E+00   
 2.389000E+00   
 2.390000E+00   
 2.391000E+00   
 2.392000E+00   
 2.393000E+00   
 2.394000E+00   
 2.395000E+00   
 2.396000E+00   
 2.397000E+00   
 2.398000E+00   
 2.399000E+00   
 2.400000E+00   
 2.401000E+00   
 2.402000E+00   
 2.403000E+00   
 2.404000E+00   
 2.405000E+00   
 2.406000E+00   
 2.407000E+00   
 2.408000E+00   
 2.409000E+00   
 2.410000E+00   
 2.411000E+00   
 2.412000E+00   
 2.413000E+00   
 2.414000E+00   
 2.415000E+00   
 2.416000E+00   
 2.417000E+00   
 2.418000E+00   
 2.419000E+00   
 2.420000E+00   
 2.421000E+00   
 2.422000E+00   
 2.423000E+00   
 2.424000E+00   
 2.425000E+00   
 2.426000E+00   
 2.427000E+00   
 2.428000E+00   
 2.429000E+00   
 2.430000E+00   
 2.431000E+00   
 2.432000E+00   
 2.433000E+00   
 2.434000E+00   
 2.435000E+00   
 2.436000E+00   
 2.437000E+00   
 2.438000E+00   
 2.439000E+00   
 2.440000E+00   
 2.441000E+00   
 2.442000E+00   
 2.443000E+00   
 2.444000E+00   
 2.445000E+00   
 2.446000E+00   
 2.447000E+00   
 2.448000E+00   
 2.449000E+00   
 2.450000E+00   
 2.451000E+00   
 2.452000E+00   
 2.453000E+00   
 2.454000E+00   
 2.455000E+00   
 2.456000E+00   
 2.457000E+00   
 2.458000E+00   
 2.459000E+00   
 2.460000E+00   
 2.461000E+00   
 2.462000E+00   
 2.463000E+00   
 2.464000E+00   
 2.465000E+00   
 2.466000E+00   
 2.467000E+00   
 2.468000E+00   
 2.469000E+00   
 2.470000E+00   
 2.471000E+00   
 2.472000E+00   
 2.473000E+00   
 2.474000E+00   
 2.475000E+00   
 2.476000E+00   
 2.477000E+00   
 2.478000E+00   
 2.479000E+00   
 2.480000E+00   
 2.481000E+00   
 2.482000E+00   
 2.483000E+00   
 2.484000E+00   
 2.485000E+00   
 2.486000E+00   
 2.487000E+00   
 2.488000E+00   
 2.489000E+00   
 2.490000E+00   
 2.491000E+00   
 2.492000E+00   
 2.493000E+00   
 2.494000E+00   
 2.495000E+00   
 2.496000E+00   
 2.497000E+00   
 2.498000E+00   
 2.499000E+00   
 2.500000E+00   
 2.501000E+00   
 2.502000E+00   
 2.503000E+00   
 2.504000E+00   
 2.505000E+00   
 2.506000E+00   
 2.507000E+00   
 2.508000E+00   
 2.509000E+00   
 2.510000E+00   
 2.511000E+00   
 2.512000E+00   
 2.513000E+00   
 2.514000E+00   
 2.515000E+00   
 2.516000E+00   
 2.517000E+00   
 2.518000E+00   
 2.519000E+00   
 2.520000E+00   
 2.521000E+00   
 2.522000E+00   
 2.523000E+00   
 2.524000E+00   
 2.525000E+00   
 2.526000E+00   
 2.527000E+00   
 2.528000E+00   
 2.529000E+00   
 2.530000E+00   
 2.531000E+00   
 2.532000E+00   
 2.533000E+00   
 2.534000E+00   
 2.535000E+00   
 2.536000E+00   
 2.537000E+00   
 2.538000E+00   
 2.539000E+00   
 2.540000E+00   
 2.541000E+00   
 2.542000E+00   
 2.543000E+00   
 2.544000E+00   
 2.545000E+00   
 2.546000E+00   
 2.547000E+00   
 2.548000E+00   
 2.549000E+00   
 2.550000E+00   
 2.551000E+00   
 2.552000E+00   
 2.553000E+00   
 2.554000E+00   
 2.555000E+00   
 2.556000E+00   
 2.557000E+00   
 2.558000E+00   
 2.559000E+00   
 2.560000E+00   
 2.561000E+00   
 2.562000E+00   
 2.563000E+00   
 2.564000E+00   
 2.565000E+00   
 2.566000E+00   
 2.567000E+00   
 2.568000E+00   
 2.569000E+00   
 2.570000E+00   
 2.571000E+00   
 2.572000E+00   
 2.573000E+00   
 2.574000E+00   
 2.575000E+00   
 2.576000E+00   
 2.577000E+00   
 2.578000E+00   
 2.579000E+00   
 2.580000E+00   
 2.581000E+00   
 2.582000E+00   
 2.583000E+00   
 2.584000E+00   
 2.585000E+00   
 2.586000E+00   
 2.587000E+00   
 2.588000E+00   
 2.589000E+00   
 2.590000E+00   
 2.591000E+00   
 2.592000E+00   
 2.593000E+00   
 2.594000E+00   
 2.595000E+00   
 2.596000E+00   
 2.597000E+00   
 2.598000E+00   
 2.599000E+00   
 2.600000E+00   
 2.601000E+00   
 2.602000E+00   
 2.603000E+00   
 2.604000E+00   
 2.605000E+00   
 2.606000E+00   
 2.607000E+00   
 2.608000E+00   
 2.609000E+00   
 2.610000E+00   
 2.611000E+00   
 2.612000E+00   
 2.613000E+00   
 2.614000E+00   
 2.615000E+00   
 2.616000E+00   
 2.617000E+00   
 2.618000E+00   
 2.619000E+00   
 2.620000E+00   
 2.621000E+00   
 2.622000E+00   
 2.623000E+00   
 2.624000E+00   
 2.625000E+00   
 2.626000E+00   
 2.627000E+00   
 2.628000E+00   
 2.629000E+00   
 2.630000E+00   
 2.631000E+00   
 2.632000E+00   
 2.633000E+00   
 2.634000E+00   
 2.635000E+00   
 2.636000E+00   
 2.637000E+00   
 2.638000E+00   
 2.639000E+00   
 2.640000E+00   
 2.641000E+00   
 2.642000E+00   
 2.643000E+00   
 2.644000E+00   
 2.645000E+00   
 2.646000E+00   
 2.647000E+00   
 2.648000E+00   
 2.649000E+00   
 2.650000E+00   
 2.651000E+00   
 2.652000E+00   
 2.653000E+00   
 2.654000E+00   
 2.655000E+00   
 2.656000E+00   
 2.657000E+00   
 2.658000E+00   
 2.659000E+00   
 2.660000E+00   
 2.661000E+00   
 2.662000E+00   
 2.663000E+00   
 2.664000E+00   
 2.665000E+00   
 2.666000E+00   
 2.667000E+00   
 2.668000E+00   
 2.669000E+00   
 2.670000E+00   
 2.671000E+00   
 2.672000E+00   
 2.673000E+00   
 2.674000E+00   
 2.675000E+00   
 2.676000E+00   
 2.677000E+00   
 2.678000E+00   
 2.679000E+00   
 2.680000E+00   
 2.681000E+00   
 2.682000E+00   
 2.683000E+00   
 2.684000E+00   
 2.685000E+00   
 2.686000E+00   
 2.687000E+00   
 2.688000E+00   
 2.689000E+00   
 2.690000E+00   
 2.691000E+00   
 2.692000E+00   
 2.693000E+00   
 2.694000E+00   
 2.695000E+00   
 2.696000E+00   
 2.697000E+00   
 2.698000E+00   
 2.699000E+00   
 2.700000E+00   
 2.701000E+00   
 2.702000E+00   
 2.703000E+00   
 2.704000E+00   
 2.705000E+00   
 2.706000E+00   
 2.707000E+00   
 2.708000E+00   
 2.709000E+00   
 2.710000E+00   
 2.711000E+00   
 2.712000E+00   
 2.713000E+00   
 2.714000E+00   
 2.715000E+00   
 2.716000E+00   
 2.717000E+00   
 2.718000E+00   
 2.719000E+00   
 2.720000E+00   
 2.721000E+00   
 2.722000E+00   
 2.723000E+00   
 2.724000E+00   
 2.725000E+00   
 2.726000E+00   
 2.727000E+00   
 2.728000E+00   
 2.729000E+00   
 2.730000E+00   
 2.731000E+00   
 2.732000E+00   
 2.733000E+00   
 2.734000E+00   
 2.735000E+00   
 2.736000E+00   
 2.737000E+00   
 2.738000E+00   
 2.739000E+00   
 2.740000E+00   
 2.741000E+00   
 2.742000E+00   
 2.743000E+00   
 2.744000E+00   
 2.745000E+00   
 2.746000E+00   
 2.747000E+00   
 2.748000E+00   
 2.749000E+00   
 2.750000E+00   
 2.751000E+00   
 2.752000E+00   
 2.753000E+00   
 2.754000E+00   
 2.755000E+00   
 2.756000E+00   
 2.757000E+00   
 2.758000E+00   
 2.759000E+00   
 2.760000E+00   
 2.761000E+00   
 2.762000E+00   
 2.763000E+00   
 2.764000E+00   
 2.765000E+00   
 2.766000E+00   
 2.767000E+00   
 2.768000E+00   
 2.769000E+00   
 2.770000E+00   
 2.771000E+00   
 2.772000E+00   
 2.773000E+00   
 2.774000E+00   
 2.775000E+00   
 2.776000E+00   
 2.777000E+00   
 2.778000E+00   
 2.779000E+00   
 2.780000E+00   
 2.781000E+00   
 2.782000E+00   
 2.783000E+00   
 2.784000E+00   
 2.785000E+00   
 2.786000E+00   
 2.787000E+00   
 2.788000E+00   
 2.789000E+00   
 2.790000E+00   
 2.791000E+00   
 2.792000E+00   
 2.793000E+00   
 2.794000E+00   
 2.795000E+00   
 2.796000E+00   
 2.797000E+00   
 2.798000E+00   
 2.799000E+00   
 2.800000E+00   
 2.801000E+00   
 2.802000E+00   
 2.803000E+00   
 2.804000E+00   
 2.805000E+00   
 2.806000E+00   
 2.807000E+00   
 2.808000E+00   
 2.809000E+00   
 2.810000E+00   
 2.811000E+00   
 2.812000E+00   
 2.813000E+00   
 2.814000E+00   
 2.815000E+00   
 2.816000E+00   
 2.817000E+00   
 2.818000E+00   
 2.819000E+00   
 2.820000E+00   
 2.821000E+00   
 2.822000E+00   
 2.823000E+00   
 2.824000E+00   
 2.825000E+00   
 2.826000E+00   
 2.827000E+00   
 2.828000E+00   
 2.829000E+00   
 2.830000E+00   
 2.831000E+00   
 2.832000E+00   
 2.833000E+00   
 2.834000E+00   
 2.835000E+00   
 2.836000E+00   
 2.837000E+00   
 2.838000E+00   
 2.839000E+00   
 2.840000E+00   
 2.841000E+00   
 2.842000E+00   
 2.843000E+00   
 2.844000E+00   
 2.845000E+00   
 2.846000E+00   
 2.847000E+00   
 2.848000E+00   
 2.849000E+00   
 2.850000E+00   
 2.851000E+00   
 2.852000E+00   
 2.853000E+00   
 2.854000E+00   
 2.855000E+00   
 2.856000E+00   
 2.857000E+00   
 2.858000E+00   
 2.859000E+00   
 2.860000E+00   
 2.861000E+00   
 2.862000E+00   
 2.863000E+00   
 2.864000E+00   
 2.865000E+00   
 2.866000E+00   
 2.867000E+00   
 2.868000E+00   
 2.869000E+00   
 2.870000E+00   
 2.871000E+00   
 2.872000E+00   
 2.873000E+00   
 2.874000E+00   
 2.875000E+00   
 2.876000E+00   
 2.877000E+00   
 2.878000E+00   
 2.879000E+00   
 2.880000E+00   
 2.881000E+00   
 2.882000E+00   
 2.883000E+00   
 2.884000E+00   
 2.885000E+00   
 2.886000E+00   
 2.887000E+00   
 2.888000E+00   
 2.889000E+00   
 2.890000E+00   
 2.891000E+00   
 2.892000E+00   
 2.893000E+00   
 2.894000E+00   
 2.895000E+00   
 2.896000E+00   
 2.897000E+00   
 2.898000E+00   
 2.899000E+00   
 2.900000E+00   
 2.901000E+00   
 2.902000E+00   
 2.903000E+00   
 2.904000E+00   
 2.905000E+00   
 2.906000E+00   
 2.907000E+00   
 2.908000E+00   
 2.909000E+00   
 2.910000E+00   
 2.911000E+00   
 2.912000E+00   
 2.913000E+00   
 2.914000E+00   
 2.915000E+00   
 2.916000E+00   
 2.917000E+00   
 2.918000E+00   
 2.919000E+00   
 2.920000E+00   
 2.921000E+00   
 2.922000E+00   
 2.923000E+00   
 2.924000E+00   
 2.925000E+00   
 2.926000E+00   
 2.927000E+00   
 2.928000E+00   
 2.929000E+00   
 2.930000E+00   
 2.931000E+00   
 2.932000E+00   
 2.933000E+00   
 2.934000E+00   
 2.935000E+00   
 2.936000E+00   
 2.937000E+00   
 2.938000E+00   
 2.939000E+00   
 2.940000E+00   
 2.941000E+00   
 2.942000E+00   
 2.943000E+00   
 2.944000E+00   
 2.945000E+00   
 2.946000E+00   
 2.947000E+00   
 2.948000E+00   
 2.949000E+00   
 2.950000E+00   
 2.951000E+00   
 2.952000E+00   
 2.953000E+00   
 2.954000E+00   
 2.955000E+00   
 2.956000E+00   
 2.957000E+00   
 2.958000E+00   
 2.959000E+00   
 2.960000E+00   
 2.961000E+00   
 2.962000E+00   
 2.963000E+00   
 2.964000E+00   
 2.965000E+00   
 2.966000E+00   
 2.967000E+00   
 2.968000E+00   
 2.969000E+00   
 2.970000E+00   
 2.971000E+00   
 2.972000E+00   
 2.973000E+00   
 2.974000E+00   
 2.975000E+00   
 2.976000E+00   
 2.977000E+00   
 2.978000E+00   
 2.979000E+00   
 2.980000E+00   
 2.981000E+00   
 2.982000E+00   
 2.983000E+00   
 2.984000E+00   
 2.985000E+00   
 2.986000E+00   
 2.987000E+00   
 2.988000E+00   
 2.989000E+00   
 2.990000E+00   
 2.991000E+00   
 2.992000E+00   
 2.993000E+00   
 2.994000E+00   
 2.995000E+00   
 2.996000E+00   
 2.997000E+00   
 2.998000E+00   
 2.999000E+00   
 3.000000E+00   
 3.001000E+00   
 3.002000E+00   
 3.003000E+00   
 3.004000E+00   
 3.005000E+00   
 3.006000E+00   
 3.007000E+00   
 3.008000E+00   
 3.009000E+00   
 3.010000E+00   
 3.011000E+00   
 3.012000E+00   
 3.013000E+00   
 3.014000E+00   
 3.015000E+00   
 3.016000E+00   
 3.017000E+00   
 3.018000E+00   
 3.019000E+00   
 3.020000E+00   
 3.021000E+00   
 3.022000E+00   
 3.023000E+00   
 3.024000E+00   
 3.025000E+00   
 3.026000E+00   
 3.027000E+00   
 3.028000E+00   
 3.029000E+00   
 3.030000E+00   
 3.031000E+00   
 3.032000E+00   
 3.033000E+00   
 3.034000E+00   
 3.035000E+00   
 3.036000E+00   
 3.037000E+00   
 3.038000E+00   
 3.039000E+00   
 3.040000E+00   
 3.041000E+00   
 3.042000E+00   
 3.043000E+00   
 3.044000E+00   
 3.045000E+00   
 3.046000E+00   
 3.047000E+00   
 3.048000E+00   
 3.049000E+00   
 3.050000E+00   
 3.051000E+00   
 3.052000E+00   
 3.053000E+00   
 3.054000E+00   
 3.055000E+00   
 3.056000E+00   
 3.057000E+00   
 3.058000E+00   
 3.059000E+00   
 3.060000E+00   
 3.061000E+00   
 3.062000E+00   
 3.063000E+00   
 3.064000E+00   
 3.065000E+00   
 3.066000E+00   
 3.067000E+00   
 3.068000E+00   
 3.069000E+00   
 3.070000E+00   
 3.071000E+00   
 3.072000E+00   
 3.073000E+00   
 3.074000E+00   
 3.075000E+00   
 3.076000E+00   
 3.077000E+00   
 3.078000E+00   
 3.079000E+00   
 3.080000E+00   
 3.081000E+00   
 3.082000E+00   
 3.083000E+00   
 3.084000E+00   
 3.085000E+00   
 3.086000E+00   
 3.087000E+00   
 3.088000E+00   
 3.089000E+00   
 3.090000E+00   
 3.091000E+00   
 3.092000E+00   
 3.093000E+00   
 3.094000E+00   
 3.095000E+00   
 3.096000E+00   
 3.097000E+00   
 3.098000E+00   
 3.099000E+00   
 3.100000E+00   
 3.101000E+00   
 3.102000E+00   
 3.103000E+00   
 3.104000E+00   
 3.105000E+00   
 3.106000E+00   
 3.107000E+00   
 3.108000E+00   
 3.109000E+00   
 3.110000E+00   
 3.111000E+00   
 3.112000E+00   
 3.113000E+00   
 3.114000E+00   
 3.115000E+00   
 3.116000E+00   
 3.117000E+00   
 3.118000E+00   
 3.119000E+00   
 3.120000E+00   
 3.121000E+00   
 3.122000E+00   
 3.123000E+00   
 3.124000E+00   
 3.125000E+00   
 3.126000E+00   
 3.127000E+00   
 3.128000E+00   
 3.129000E+00   
 3.130000E+00   
 3.131000E+00   
 3.132000E+00   
 3.133000E+00   
 3.134000E+00   
 3.135000E+00   
 3.136000E+00   
 3.137000E+00   
 3.138000E+00   
 3.139000E+00   
 3.140000E+00   
 3.141000E+00   
 3.142000E+00   
 3.143000E+00   
 3.144000E+00   
 3.145000E+00   
 3.146000E+00   
 3.147000E+00   
 3.148000E+00   
 3.149000E+00   
 3.150000E+00   
 3.151000E+00   
 3.152000E+00   
 3.153000E+00   
 3.154000E+00   
 3.155000E+00   
 3.156000E+00   
 3.157000E+00   
 3.158000E+00   
 3.159000E+00   
 3.160000E+00   
 3.161000E+00   
 3.162000E+00   
 3.163000E+00   
 3.164000E+00   
 3.165000E+00   
 3.166000E+00   
 3.167000E+00   
 3.168000E+00   
 3.169000E+00   
 3.170000E+00   
 3.171000E+00   
 3.172000E+00   
 3.173000E+00   
 3.174000E+00   
 3.175000E+00   
 3.176000E+00   
 3.177000E+00   
 3.178000E+00   
 3.179000E+00   
 3.180000E+00   
 3.181000E+00   
 3.182000E+00   
 3.183000E+00   
 3.184000E+00   
 3.185000E+00   
 3.186000E+00   
 3.187000E+00   
 3.188000E+00   
 3.189000E+00   
 3.190000E+00   
 3.191000E+00   
 3.192000E+00   
 3.193000E+00   
 3.194000E+00   
 3.195000E+00   
 3.196000E+00   
 3.197000E+00   
 3.198000E+00   
 3.199000E+00   
 3.200000E+00   
 3.201000E+00   
 3.202000E+00   
 3.203000E+00   
 3.204000E+00   
 3.205000E+00   
 3.206000E+00   
 3.207000E+00   
 3.208000E+00   
 3.209000E+00   
 3.210000E+00   
 3.211000E+00   
 3.212000E+00   
 3.213000E+00   
 3.214000E+00   
 3.215000E+00   
 3.216000E+00   
 3.217000E+00   
 3.218000E+00   
 3.219000E+00   
 3.220000E+00   
 3.221000E+00   
 3.222000E+00   
 3.223000E+00   
 3.224000E+00   
 3.225000E+00   
 3.226000E+00   
 3.227000E+00   
 3.228000E+00   
 3.229000E+00   
 3.230000E+00   
 3.231000E+00   
 3.232000E+00   
 3.233000E+00   
 3.234000E+00   
 3.235000E+00   
 3.236000E+00   
 3.237000E+00   
 3.238000E+00   
 3.239000E+00   
 3.240000E+00   
 3.241000E+00   
 3.242000E+00   
 3.243000E+00   
 3.244000E+00   
 3.245000E+00   
 3.246000E+00   
 3.247000E+00   
 3.248000E+00   
 3.249000E+00   
 3.250000E+00   
 3.251000E+00   
 3.252000E+00   
 3.253000E+00   
 3.254000E+00   
 3.255000E+00   
 3.256000E+00   
 3.257000E+00   
 3.258000E+00   
 3.259000E+00   
 3.260000E+00   
 3.261000E+00   
 3.262000E+00   
 3.263000E+00   
 3.264000E+00   
 3.265000E+00   
 3.266000E+00   
 3.267000E+00   
 3.268000E+00   
 3.269000E+00   
 3.270000E+00   
 3.271000E+00   
 3.272000E+00   
 3.273000E+00   
 3.274000E+00   
 3.275000E+00   
 3.276000E+00   
 3.277000E+00   
 3.278000E+00   
 3.279000E+00   
 3.280000E+00   
 3.281000E+00   
 3.282000E+00   
 3.283000E+00   
 3.284000E+00   
 3.285000E+00   
 3.286000E+00   
 3.287000E+00   
 3.288000E+00   
 3.289000E+00   
 3.290000E+00   
 3.291000E+00   
 3.292000E+00   
 3.293000E+00   
 3.294000E+00   
 3.295000E+00   
 3.296000E+00   
 3.297000E+00   
 3.298000E+00   
 3.299000E+00   
 3.300000E+00   
 3.301000E+00   
 3.302000E+00   
 3.303000E+00   
 3.304000E+00   
 3.305000E+00   
 3.306000E+00   
 3.307000E+00   
 3.308000E+00   
 3.309000E+00   
 3.310000E+00   
 3.311000E+00   
 3.312000E+00   
 3.313000E+00   
 3.314000E+00   
 3.315000E+00   
 3.316000E+00   
 3.317000E+00   
 3.318000E+00   
 3.319000E+00   
 3.320000E+00   
 3.321000E+00   
 3.322000E+00   
 3.323000E+00   
 3.324000E+00   
 3.325000E+00   
 3.326000E+00   
 3.327000E+00   
 3.328000E+00   
 3.329000E+00   
 3.330000E+00   
 3.331000E+00   
 3.332000E+00   
 3.333000E+00   
 3.334000E+00   
 3.335000E+00   
 3.336000E+00   
 3.337000E+00   
 3.338000E+00   
 3.339000E+00   
 3.340000E+00   
 3.341000E+00   
 3.342000E+00   
 3.343000E+00   
 3.344000E+00   
 3.345000E+00   
 3.346000E+00   
 3.347000E+00   
 3.348000E+00   
 3.349000E+00   
 3.350000E+00   
 3.351000E+00   
 3.352000E+00   
 3.353000E+00   
 3.354000E+00   
 3.355000E+00   
 3.356000E+00   
 3.357000E+00   
 3.358000E+00   
 3.359000E+00   
 3.360000E+00   
 3.361000E+00   
 3.362000E+00   
 3.363000E+00   
 3.364000E+00   
 3.365000E+00   
 3.366000E+00   
 3.367000E+00   
 3.368000E+00   
 3.369000E+00   
 3.370000E+00   
 3.371000E+00   
 3.372000E+00   
 3.373000E+00   
 3.374000E+00   
 3.375000E+00   
 3.376000E+00   
 3.377000E+00   
 3.378000E+00   
 3.379000E+00   
 3.380000E+00   
 3.381000E+00   
 3.382000E+00   
 3.383000E+00   
 3.384000E+00   
 3.385000E+00   
 3.386000E+00   
 3.387000E+00   
 3.388000E+00   
 3.389000E+00   
 3.390000E+00   
 3.391000E+00   
 3.392000E+00   
 3.393000E+00   
 3.394000E+00   
 3.395000E+00   
 3.396000E+00   
 3.397000E+00   
 3.398000E+00   
 3.399000E+00   
 3.400000E+00   
 3.401000E+00   
 3.402000E+00   
 3.403000E+00   
 3.404000E+00   
 3.405000E+00   
 3.406000E+00   
 3.407000E+00   
 3.408000E+00   
 3.409000E+00   
 3.410000E+00   
 3.411000E+00   
 3.412000E+00   
 3.413000E+00   
 3.414000E+00   
 3.415000E+00   
 3.416000E+00   
 3.417000E+00   
 3.418000E+00   
 3.419000E+00   
 3.420000E+00   
 3.421000E+00   
 3.422000E+00   
 3.423000E+00   
 3.424000E+00   
 3.425000E+00   
 3.426000E+00   
 3.427000E+00   
 3.428000E+00   
 3.429000E+00   
 3.430000E+00   
 3.431000E+00   
 3.432000E+00   
 3.433000E+00   
 3.434000E+00   
 3.435000E+00   
 3.436000E+00   
 3.437000E+00   
 3.438000E+00   
 3.439000E+00   
 3.440000E+00   
 3.441000E+00   
 3.442000E+00   
 3.443000E+00   
 3.444000E+00   
 3.445000E+00   
 3.446000E+00   
 3.447000E+00   
 3.448000E+00   
 3.449000E+00   
 3.450000E+00   
 3.451000E+00   
 3.452000E+00   
 3.453000E+00   
 3.454000E+00   
 3.455000E+00   
 3.456000E+00   
 3.457000E+00   
 3.458000E+00   
 3.459000E+00   
 3.460000E+00   
 3.461000E+00   
 3.462000E+00   
 3.463000E+00   
 3.464000E+00   
 3.465000E+00   
 3.466000E+00   
 3.467000E+00   
 3.468000E+00   
 3.469000E+00   
 3.470000E+00   
 3.471000E+00   
 3.472000E+00   
 3.473000E+00   
 3.474000E+00   
 3.475000E+00   
 3.476000E+00   
 3.477000E+00   
 3.478000E+00   
 3.479000E+00   
 3.480000E+00   
 3.481000E+00   
 3.482000E+00   
 3.483000E+00   
 3.484000E+00   
 3.485000E+00   
 3.486000E+00   
 3.487000E+00   
 3.488000E+00   
 3.489000E+00   
 3.490000E+00   
 3.491000E+00   
 3.492000E+00   
 3.493000E+00   
 3.494000E+00   
 3.495000E+00   
 3.496000E+00   
 3.497000E+00   
 3.498000E+00   
 3.499000E+00   
 3.500000E+00   
 3.501000E+00   
 3.502000E+00   
 3.503000E+00   
 3.504000E+00   
 3.505000E+00   
 3.506000E+00   
 3.507000E+00   
 3.508000E+00   
 3.509000E+00   
 3.510000E+00   
 3.511000E+00   
 3.512000E+00   
 3.513000E+00   
 3.514000E+00   
 3.515000E+00   
 3.516000E+00   
 3.517000E+00   
 3.518000E+00   
 3.519000E+00   
 3.520000E+00   
 3.521000E+00   
 3.522000E+00   
 3.523000E+00   
 3.524000E+00   
 3.525000E+00   
 3.526000E+00   
 3.527000E+00   
 3.528000E+00   
 3.529000E+00   
 3.530000E+00   
 3.531000E+00   
 3.532000E+00   
 3.533000E+00   
 3.534000E+00   
 3.535000E+00   
 3.536000E+00   
 3.537000E+00   
 3.538000E+00   
 3.539000E+00   
 3.540000E+00   
 3.541000E+00   
 3.542000E+00   
 3.543000E+00   
 3.544000E+00   
 3.545000E+00   
 3.546000E+00   
 3.547000E+00   
 3.548000E+00   
 3.549000E+00   
 3.550000E+00   
 3.551000E+00   
 3.552000E+00   
 3.553000E+00   
 3.554000E+00   
 3.555000E+00   
 3.556000E+00   
 3.557000E+00   
 3.558000E+00   
 3.559000E+00   
 3.560000E+00   
 3.561000E+00   
 3.562000E+00   
 3.563000E+00   
 3.564000E+00   
 3.565000E+00   
 3.566000E+00   
 3.567000E+00   
 3.568000E+00   
 3.569000E+00   
 3.570000E+00   
 3.571000E+00   
 3.572000E+00   
 3.573000E+00   
 3.574000E+00   
 3.575000E+00   
 3.576000E+00   
 3.577000E+00   
 3.578000E+00   
 3.579000E+00   
 3.580000E+00   
 3.581000E+00   
 3.582000E+00   
 3.583000E+00   
 3.584000E+00   
 3.585000E+00   
 3.586000E+00   
 3.587000E+00   
 3.588000E+00   
 3.589000E+00   
 3.590000E+00   
 3.591000E+00   
 3.592000E+00   
 3.593000E+00   
 3.594000E+00   
 3.595000E+00   
 3.596000E+00   
 3.597000E+00   
 3.598000E+00   
 3.599000E+00   
 3.600000E+00   
 3.601000E+00   
 3.602000E+00   
 3.603000E+00   
 3.604000E+00   
 3.605000E+00   
 3.606000E+00   
 3.607000E+00   
 3.608000E+00   
 3.609000E+00   
 3.610000E+00   
 3.611000E+00   
 3.612000E+00   
 3.613000E+00   
 3.614000E+00   
 3.615000E+00   
 3.616000E+00   
 3.617000E+00   
 3.618000E+00   
 3.619000E+00   
 3.620000E+00   
 3.621000E+00   
 3.622000E+00   
 3.623000E+00   
 3.624000E+00   
 3.625000E+00   
 3.626000E+00   
 3.627000E+00   
 3.628000E+00   
 3.629000E+00   
 3.630000E+00   
 3.631000E+00   
 3.632000E+00   
 3.633000E+00   
 3.634000E+00   
 3.635000E+00   
 3.636000E+00   
 3.637000E+00   
 3.638000E+00   
 3.639000E+00   
 3.640000E+00   
 3.641000E+00   
 3.642000E+00   
 3.643000E+00   
 3.644000E+00   
 3.645000E+00   
 3.646000E+00   
 3.647000E+00   
 3.648000E+00   
 3.649000E+00   
 3.650000E+00   
 3.651000E+00   
 3.652000E+00   
 3.653000E+00   
 3.654000E+00   
 3.655000E+00   
 3.656000E+00   
 3.657000E+00   
 3.658000E+00   
 3.659000E+00   
 3.660000E+00   
 3.661000E+00   
 3.662000E+00   
 3.663000E+00   
 3.664000E+00   
 3.665000E+00   
 3.666000E+00   
 3.667000E+00   
 3.668000E+00   
 3.669000E+00   
 3.670000E+00   
 3.671000E+00   
 3.672000E+00   
 3.673000E+00   
 3.674000E+00   
 3.675000E+00   
 3.676000E+00   
 3.677000E+00   
 3.678000E+00   
 3.679000E+00   
 3.680000E+00   
 3.681000E+00   
 3.682000E+00   
 3.683000E+00   
 3.684000E+00   
 3.685000E+00   
 3.686000E+00   
 3.687000E+00   
 3.688000E+00   
 3.689000E+00   
 3.690000E+00   
 3.691000E+00   
 3.692000E+00   
 3.693000E+00   
 3.694000E+00   
 3.695000E+00   
 3.696000E+00   
 3.697000E+00   
 3.698000E+00   
 3.699000E+00   
 3.700000E+00   
 3.701000E+00   
 3.702000E+00   
 3.703000E+00   
 3.704000E+00   
 3.705000E+00   
 3.706000E+00   
 3.707000E+00   
 3.708000E+00   
 3.709000E+00   
 3.710000E+00   
 3.711000E+00   
 3.712000E+00   
 3.713000E+00   
 3.714000E+00   
 3.715000E+00   
 3.716000E+00   
 3.717000E+00   
 3.718000E+00   
 3.719000E+00   
 3.720000E+00   
 3.721000E+00   
 3.722000E+00   
 3.723000E+00   
 3.724000E+00   
 3.725000E+00   
 3.726000E+00   
 3.727000E+00   
 3.728000E+00   
 3.729000E+00   
 3.730000E+00   
 3.731000E+00   
 3.732000E+00   
 3.733000E+00   
 3.734000E+00   
 3.735000E+00   
 3.736000E+00   
 3.737000E+00   
 3.738000E+00   
 3.739000E+00   
 3.740000E+00   
 3.741000E+00   
 3.742000E+00   
 3.743000E+00   
 3.744000E+00   
 3.745000E+00   
 3.746000E+00   
 3.747000E+00   
 3.748000E+00   
 3.749000E+00   
 3.750000E+00   
 3.751000E+00   
 3.752000E+00   
 3.753000E+00   
 3.754000E+00   
 3.755000E+00   
 3.756000E+00   
 3.757000E+00   
 3.758000E+00   
 3.759000E+00   
 3.760000E+00   
 3.761000E+00   
 3.762000E+00   
 3.763000E+00   
 3.764000E+00   
 3.765000E+00   
 3.766000E+00   
 3.767000E+00   
 3.768000E+00   
 3.769000E+00   
 3.770000E+00   
 3.771000E+00   
 3.772000E+00   
 3.773000E+00   
 3.774000E+00   
 3.775000E+00   
 3.776000E+00   
 3.777000E+00   
 3.778000E+00   
 3.779000E+00   
 3.780000E+00   
 3.781000E+00   
 3.782000E+00   
 3.783000E+00   
 3.784000E+00   
 3.785000E+00   
 3.786000E+00   
 3.787000E+00   
 3.788000E+00   
 3.789000E+00   
 3.790000E+00   
 3.791000E+00   
 3.792000E+00   
 3.793000E+00   
 3.794000E+00   
 3.795000E+00   
 3.796000E+00   
 3.797000E+00   
 3.798000E+00   
 3.799000E+00   
 3.800000E+00   
 3.801000E+00   
 3.802000E+00   
 3.803000E+00   
 3.804000E+00   
 3.805000E+00   
 3.806000E+00   
 3.807000E+00   
 3.808000E+00   
 3.809000E+00   
 3.810000E+00   
 3.811000E+00   
 3.812000E+00   
 3.813000E+00   
 3.814000E+00   
 3.815000E+00   
 3.816000E+00   
 3.817000E+00   
 3.818000E+00   
 3.819000E+00   
 3.820000E+00   
 3.821000E+00   
 3.822000E+00   
 3.823000E+00   
 3.824000E+00   
 3.825000E+00   
 3.826000E+00   
 3.827000E+00   
 3.828000E+00   
 3.829000E+00   
 3.830000E+00   
 3.831000E+00   
 3.832000E+00   
 3.833000E+00   
 3.834000E+00   
 3.835000E+00   
 3.836000E+00   
 3.837000E+00   
 3.838000E+00   
 3.839000E+00   
 3.840000E+00   
 3.841000E+00   
 3.842000E+00   
 3.843000E+00   
 3.844000E+00   
 3.845000E+00   
 3.846000E+00   
 3.847000E+00   
 3.848000E+00   
 3.849000E+00   
 3.850000E+00   
 3.851000E+00   
 3.852000E+00   
 3.853000E+00   
 3.854000E+00   
 3.855000E+00   
 3.856000E+00   
 3.857000E+00   
 3.858000E+00   
 3.859000E+00   
 3.860000E+00   
 3.861000E+00   
 3.862000E+00   
 3.863000E+00   
 3.864000E+00   
 3.865000E+00   
 3.866000E+00   
 3.867000E+00   
 3.868000E+00   
 3.869000E+00   
 3.870000E+00   
 3.871000E+00   
 3.872000E+00   
 3.873000E+00   
 3.874000E+00   
 3.875000E+00   
 3.876000E+00   
 3.877000E+00   
 3.878000E+00   
 3.879000E+00   
 3.880000E+00   
 3.881000E+00   
 3.882000E+00   
 3.883000E+00   
 3.884000E+00   
 3.885000E+00   
 3.886000E+00   
 3.887000E+00   
 3.888000E+00   
 3.889000E+00   
 3.890000E+00   
 3.891000E+00   
 3.892000E+00   
 3.893000E+00   
 3.894000E+00   
 3.895000E+00   
 3.896000E+00   
 3.897000E+00   
 3.898000E+00   
 3.899000E+00   
 3.900000E+00   
 3.901000E+00   
 3.902000E+00   
 3.903000E+00   
 3.904000E+00   
 3.905000E+00   
 3.906000E+00   
 3.907000E+00   
 3.908000E+00   
 3.909000E+00   
 3.910000E+00   
 3.911000E+00   
 3.912000E+00   
 3.913000E+00   
 3.914000E+00   
 3.915000E+00   
 3.916000E+00   
 3.917000E+00   
 3.918000E+00   
 3.919000E+00   
 3.920000E+00   
 3.921000E+00   
 3.922000E+00   
 3.923000E+00   
 3.924000E+00   
 3.925000E+00   
 3.926000E+00   
 3.927000E+00   
 3.928000E+00   
 3.929000E+00   
 3.930000E+00   
 3.931000E+00   
 3.932000E+00   
 3.933000E+00   
 3.934000E+00   
 3.935000E+00   
 3.936000E+00   
 3.937000E+00   
 3.938000E+00   
 3.939000E+00   
 3.940000E+00   
 3.941000E+00   
 3.942000E+00   
 3.943000E+00   
 3.944000E+00   
 3.945000E+00   
 3.946000E+00   
 3.947000E+00   
 3.948000E+00   
 3.949000E+00   
 3.950000E+00   
 3.951000E+00   
 3.952000E+00   
 3.953000E+00   
 3.954000E+00   
 3.955000E+00   
 3.956000E+00   
 3.957000E+00   
 3.958000E+00   
 3.959000E+00   
 3.960000E+00   
 3.961000E+00   
 3.962000E+00   
 3.963000E+00   
 3.964000E+00   
 3.965000E+00   
 3.966000E+00   
 3.967000E+00   
 3.968000E+00   
 3.969000E+00   
 3.970000E+00   
 3.971000E+00   
 3.972000E+00   
 3.973000E+00   
 3.974000E+00   
 3.975000E+00   
 3.976000E+00   
 3.977000E+00   
 3.978000E+00   
 3.979000E+00   
 3.980000E+00   
 3.981000E+00   
 3.982000E+00   
 3.983000E+00   
 3.984000E+00   
 3.985000E+00   
 3.986000E+00   
 3.987000E+00   
 3.988000E+00   
 3.989000E+00   
 3.990000E+00   
 3.991000E+00   
 3.992000E+00   
 3.993000E+00   
 3.994000E+00   
 3.995000E+00   
 3.996000E+00   
 3.997000E+00   
 3.998000E+00   
 3.999000E+00   
 4.000000E+00   
 4.001000E+00   
 4.002000E+00   
 4.003000E+00   
 4.004000E+00   
 4.005000E+00   
 4.006000E+00   
 4.007000E+00   
 4.008000E+00   
 4.009000E+00   
 4.010000E+00   
 4.011000E+00   
 4.012000E+00   
 4.013000E+00   
 4.014000E+00   
 4.015000E+00   
 4.016000E+00   
 4.017000E+00   
 4.018000E+00   
 4.019000E+00   
 4.020000E+00   
 4.021000E+00   
 4.022000E+00   
 4.023000E+00   
 4.024000E+00   
 4.025000E+00   
 4.026000E+00   
 4.027000E+00   
 4.028000E+00   
 4.029000E+00   
 4.030000E+00   
 4.031000E+00   
 4.032000E+00   
 4.033000E+00   
 4.034000E+00   
 4.035000E+00   
 4.036000E+00   
 4.037000E+00   
 4.038000E+00   
 4.039000E+00   
 4.040000E+00   
 4.041000E+00   
 4.042000E+00   
 4.043000E+00   
 4.044000E+00   
 4.045000E+00   
 4.046000E+00   
 4.047000E+00   
 4.048000E+00   
 4.049000E+00   
 4.050000E+00   
 4.051000E+00   
 4.052000E+00   
 4.053000E+00   
 4.054000E+00   
 4.055000E+00   
 4.056000E+00   
 4.057000E+00   
 4.058000E+00   
 4.059000E+00   
 4.060000E+00   
 4.061000E+00   
 4.062000E+00   
 4.063000E+00   
 4.064000E+00   
 4.065000E+00   
 4.066000E+00   
 4.067000E+00   
 4.068000E+00   
 4.069000E+00   
 4.070000E+00   
 4.071000E+00   
 4.072000E+00   
 4.073000E+00   
 4.074000E+00   
 4.075000E+00   
 4.076000E+00   
 4.077000E+00   
 4.078000E+00   
 4.079000E+00   
 4.080000E+00   
 4.081000E+00   
 4.082000E+00   
 4.083000E+00   
 4.084000E+00   
 4.085000E+00   
 4.086000E+00   
 4.087000E+00   
 4.088000E+00   
 4.089000E+00   
 4.090000E+00   
 4.091000E+00   
 4.092000E+00   
 4.093000E+00   
 4.094000E+00   
 4.095000E+00   
 4.096000E+00   
 4.097000E+00   
 4.098000E+00   
 4.099000E+00   
 4.100000E+00   
 4.101000E+00   
 4.102000E+00   
 4.103000E+00   
 4.104000E+00   
 4.105000E+00   
 4.106000E+00   
 4.107000E+00   
 4.108000E+00   
 4.109000E+00   
 4.110000E+00   
 4.111000E+00   
 4.112000E+00   
 4.113000E+00   
 4.114000E+00   
 4.115000E+00   
 4.116000E+00   
 4.117000E+00   
 4.118000E+00   
 4.119000E+00   
 4.120000E+00   
 4.121000E+00   
 4.122000E+00   
 4.123000E+00   
 4.124000E+00   
 4.125000E+00   
 4.126000E+00   
 4.127000E+00   
 4.128000E+00   
 4.129000E+00   
 4.130000E+00   
 4.131000E+00   
 4.132000E+00   
 4.133000E+00   
 4.134000E+00   
 4.135000E+00   
 4.136000E+00   
 4.137000E+00   
 4.138000E+00   
 4.139000E+00   
 4.140000E+00   
 4.141000E+00   
 4.142000E+00   
 4.143000E+00   
 4.144000E+00   
 4.145000E+00   
 4.146000E+00   
 4.147000E+00   
 4.148000E+00   
 4.149000E+00   
 4.150000E+00   
 4.151000E+00   
 4.152000E+00   
 4.153000E+00   
 4.154000E+00   
 4.155000E+00   
 4.156000E+00   
 4.157000E+00   
 4.158000E+00   
 4.159000E+00   
 4.160000E+00   
 4.161000E+00   
 4.162000E+00   
 4.163000E+00   
 4.164000E+00   
 4.165000E+00   
 4.166000E+00   
 4.167000E+00   
 4.168000E+00   
 4.169000E+00   
 4.170000E+00   
 4.171000E+00   
 4.172000E+00   
 4.173000E+00   
 4.174000E+00   
 4.175000E+00   
 4.176000E+00   
 4.177000E+00   
 4.178000E+00   
 4.179000E+00   
 4.180000E+00   
 4.181000E+00   
 4.182000E+00   
 4.183000E+00   
 4.184000E+00   
 4.185000E+00   
 4.186000E+00   
 4.187000E+00   
 4.188000E+00   
 4.189000E+00   
 4.190000E+00   
 4.191000E+00   
 4.192000E+00   
 4.193000E+00   
 4.194000E+00   
 4.195000E+00   
 4.196000E+00   
 4.197000E+00   
 4.198000E+00   
 4.199000E+00   
 4.200000E+00   
 4.201000E+00   
 4.202000E+00   
 4.203000E+00   
 4.204000E+00   
 4.205000E+00   
 4.206000E+00   
 4.207000E+00   
 4.208000E+00   
 4.209000E+00   
 4.210000E+00   
 4.211000E+00   
 4.212000E+00   
 4.213000E+00   
 4.214000E+00   
 4.215000E+00   
 4.216000E+00   
 4.217000E+00   
 4.218000E+00   
 4.219000E+00   
 4.220000E+00   
 4.221000E+00   
 4.222000E+00   
 4.223000E+00   
 4.224000E+00   
 4.225000E+00   
 4.226000E+00   
 4.227000E+00   
 4.228000E+00   
 4.229000E+00   
 4.230000E+00   
 4.231000E+00   
 4.232000E+00   
 4.233000E+00   
 4.234000E+00   
 4.235000E+00   
 4.236000E+00   
 4.237000E+00   
 4.238000E+00   
 4.239000E+00   
 4.240000E+00   
 4.241000E+00   
 4.242000E+00   
 4.243000E+00   
 4.244000E+00   
 4.245000E+00   
 4.246000E+00   
 4.247000E+00   
 4.248000E+00   
 4.249000E+00   
 4.250000E+00   
 4.251000E+00   
 4.252000E+00   
 4.253000E+00   
 4.254000E+00   
 4.255000E+00   
 4.256000E+00   
 4.257000E+00   
 4.258000E+00   
 4.259000E+00   
 4.260000E+00   
 4.261000E+00   
 4.262000E+00   
 4.263000E+00   
 4.264000E+00   
 4.265000E+00   
 4.266000E+00   
 4.267000E+00   
 4.268000E+00   
 4.269000E+00   
 4.270000E+00   
 4.271000E+00   
 4.272000E+00   
 4.273000E+00   
 4.274000E+00   
 4.275000E+00   
 4.276000E+00   
 4.277000E+00   
 4.278000E+00   
 4.279000E+00   
 4.280000E+00   
 4.281000E+00   
 4.282000E+00   
 4.283000E+00   
 4.284000E+00   
 4.285000E+00   
 4.286000E+00   
 4.287000E+00   
 4.288000E+00   
 4.289000E+00   
 4.290000E+00   
 4.291000E+00   
 4.292000E+00   
 4.293000E+00   
 4.294000E+00   
 4.295000E+00   
 4.296000E+00   
 4.297000E+00   
 4.298000E+00   
 4.299000E+00   
 4.300000E+00   
 4.301000E+00   
 4.302000E+00   
 4.303000E+00   
 4.304000E+00   
 4.305000E+00   
 4.306000E+00   
 4.307000E+00   
 4.308000E+00   
 4.309000E+00   
 4.310000E+00   
 4.311000E+00   
 4.312000E+00   
 4.313000E+00   
 4.314000E+00   
 4.315000E+00   
 4.316000E+00   
 4.317000E+00   
 4.318000E+00   
 4.319000E+00   
 4.320000E+00   
 4.321000E+00   
 4.322000E+00   
 4.323000E+00   
 4.324000E+00   
 4.325000E+00   
 4.326000E+00   
 4.327000E+00   
 4.328000E+00   
 4.329000E+00   
 4.330000E+00   
 4.331000E+00   
 4.332000E+00   
 4.333000E+00   
 4.334000E+00   
 4.335000E+00   
 4.336000E+00   
 4.337000E+00   
 4.338000E+00   
 4.339000E+00   
 4.340000E+00   
 4.341000E+00   
 4.342000E+00   
 4.343000E+00   
 4.344000E+00   
 4.345000E+00   
 4.346000E+00   
 4.347000E+00   
 4.348000E+00   
 4.349000E+00   
 4.350000E+00   
 4.351000E+00   
 4.352000E+00   
 4.353000E+00   
 4.354000E+00   
 4.355000E+00   
 4.356000E+00   
 4.357000E+00   
 4.358000E+00   
 4.359000E+00   
 4.360000E+00   
 4.361000E+00   
 4.362000E+00   
 4.363000E+00   
 4.364000E+00   
 4.365000E+00   
 4.366000E+00   
 4.367000E+00   
 4.368000E+00   
 4.369000E+00   
 4.370000E+00   
 4.371000E+00   
 4.372000E+00   
 4.373000E+00   
 4.374000E+00   
 4.375000E+00   
 4.376000E+00   
 4.377000E+00   
 4.378000E+00   
 4.379000E+00   
 4.380000E+00   
 4.381000E+00   
 4.382000E+00   
 4.383000E+00   
 4.384000E+00   
 4.385000E+00   
 4.386000E+00   
 4.387000E+00   
 4.388000E+00   
 4.389000E+00   
 4.390000E+00   
 4.391000E+00   
 4.392000E+00   
 4.393000E+00   
 4.394000E+00   
 4.395000E+00   
 4.396000E+00   
 4.397000E+00   
 4.398000E+00   
 4.399000E+00   
 4.400000E+00   
 4.401000E+00   
 4.402000E+00   
 4.403000E+00   
 4.404000E+00   
 4.405000E+00   
 4.406000E+00   
 4.407000E+00   
 4.408000E+00   
 4.409000E+00   
 4.410000E+00   
 4.411000E+00   
 4.412000E+00   
 4.413000E+00   
 4.414000E+00   
 4.415000E+00   
 4.416000E+00   
 4.417000E+00   
 4.418000E+00   
 4.419000E+00   
 4.420000E+00   
 4.421000E+00   
 4.422000E+00   
 4.423000E+00   
 4.424000E+00   
 4.425000E+00   
 4.426000E+00   
 4.427000E+00   
 4.428000E+00   
 4.429000E+00   
 4.430000E+00   
 4.431000E+00   
 4.432000E+00   
 4.433000E+00   
 4.434000E+00   
 4.435000E+00   
 4.436000E+00   
 4.437000E+00   
 4.438000E+00   
 4.439000E+00   
 4.440000E+00   
 4.441000E+00   
 4.442000E+00   
 4.443000E+00   
 4.444000E+00   
 4.445000E+00   
 4.446000E+00   
 4.447000E+00   
 4.448000E+00   
 4.449000E+00   
 4.450000E+00   
 4.451000E+00   
 4.452000E+00   
 4.453000E+00   
 4.454000E+00   
 4.455000E+00   
 4.456000E+00   
 4.457000E+00   
 4.458000E+00   
 4.459000E+00   
 4.460000E+00   
 4.461000E+00   
 4.462000E+00   
 4.463000E+00   
 4.464000E+00   
 4.465000E+00   
 4.466000E+00   
 4.467000E+00   
 4.468000E+00   
 4.469000E+00   
 4.470000E+00   
 4.471000E+00   
 4.472000E+00   
 4.473000E+00   
 4.474000E+00   
 4.475000E+00   
 4.476000E+00   
 4.477000E+00   
 4.478000E+00   
 4.479000E+00   
 4.480000E+00   
 4.481000E+00   
 4.482000E+00   
 4.483000E+00   
 4.484000E+00   
 4.485000E+00   
 4.486000E+00   
 4.487000E+00   
 4.488000E+00   
 4.489000E+00   
 4.490000E+00   
 4.491000E+00   
 4.492000E+00   
 4.493000E+00   
 4.494000E+00   
 4.495000E+00   
 4.496000E+00   
 4.497000E+00   
 4.498000E+00   
 4.499000E+00   
 4.500000E+00   
 4.501000E+00   
 4.502000E+00   
 4.503000E+00   
 4.504000E+00   
 4.505000E+00   
 4.506000E+00   
 4.507000E+00   
 4.508000E+00   
 4.509000E+00   
 4.510000E+00   
 4.511000E+00   
 4.512000E+00   
 4.513000E+00   
 4.514000E+00   
 4.515000E+00   
 4.516000E+00   
 4.517000E+00   
 4.518000E+00   
 4.519000E+00   
 4.520000E+00   
 4.521000E+00   
 4.522000E+00   
 4.523000E+00   
 4.524000E+00   
 4.525000E+00   
 4.526000E+00   
 4.527000E+00   
 4.528000E+00   
 4.529000E+00   
 4.530000E+00   
 4.531000E+00   
 4.532000E+00   
 4.533000E+00   
 4.534000E+00   
 4.535000E+00   
 4.536000E+00   
 4.537000E+00   
 4.538000E+00   
 4.539000E+00   
 4.540000E+00   
 4.541000E+00   
 4.542000E+00   
 4.543000E+00   
 4.544000E+00   
 4.545000E+00   
 4.546000E+00   
 4.547000E+00   
 4.548000E+00   
 4.549000E+00   
 4.550000E+00   
 4.551000E+00   
 4.552000E+00   
 4.553000E+00   
 4.554000E+00   
 4.555000E+00   
 4.556000E+00   
 4.557000E+00   
 4.558000E+00   
 4.559000E+00   
 4.560000E+00   
 4.561000E+00   
 4.562000E+00   
 4.563000E+00   
 4.564000E+00   
 4.565000E+00   
 4.566000E+00   
 4.567000E+00   
 4.568000E+00   
 4.569000E+00   
 4.570000E+00   
 4.571000E+00   
 4.572000E+00   
 4.573000E+00   
 4.574000E+00   
 4.575000E+00   
 4.576000E+00   
 4.577000E+00   
 4.578000E+00   
 4.579000E+00   
 4.580000E+00   
 4.581000E+00   
 4.582000E+00   
 4.583000E+00   
 4.584000E+00   
 4.585000E+00   
 4.586000E+00   
 4.587000E+00   
 4.588000E+00   
 4.589000E+00   
 4.590000E+00   
 4.591000E+00   
 4.592000E+00   
 4.593000E+00   
 4.594000E+00   
 4.595000E+00   
 4.596000E+00   
 4.597000E+00   
 4.598000E+00   
 4.599000E+00   
 4.600000E+00   
 4.601000E+00   
 4.602000E+00   
 4.603000E+00   
 4.604000E+00   
 4.605000E+00   
 4.606000E+00   
 4.607000E+00   
 4.608000E+00   
 4.609000E+00   
 4.610000E+00   
 4.611000E+00   
 4.612000E+00   
 4.613000E+00   
 4.614000E+00   
 4.615000E+00   
 4.616000E+00   
 4.617000E+00   
 4.618000E+00   
 4.619000E+00   
 4.620000E+00   
 4.621000E+00   
 4.622000E+00   
 4.623000E+00   
 4.624000E+00   
 4.625000E+00   
 4.626000E+00   
 4.627000E+00   
 4.628000E+00   
 4.629000E+00   
 4.630000E+00   
 4.631000E+00   
 4.632000E+00   
 4.633000E+00   
 4.634000E+00   
 4.635000E+00   
 4.636000E+00   
 4.637000E+00   
 4.638000E+00   
 4.639000E+00   
 4.640000E+00   
 4.641000E+00   
 4.642000E+00   
 4.643000E+00   
 4.644000E+00   
 4.645000E+00   
 4.646000E+00   
 4.647000E+00   
 4.648000E+00   
 4.649000E+00   
 4.650000E+00   
 4.651000E+00   
 4.652000E+00   
 4.653000E+00   
 4.654000E+00   
 4.655000E+00   
 4.656000E+00   
 4.657000E+00   
 4.658000E+00   
 4.659000E+00   
 4.660000E+00   
 4.661000E+00   
 4.662000E+00   
 4.663000E+00   
 4.664000E+00   
 4.665000E+00   
 4.666000E+00   
 4.667000E+00   
 4.668000E+00   
 4.669000E+00   
 4.670000E+00   
 4.671000E+00   
 4.672000E+00   
 4.673000E+00   
 4.674000E+00   
 4.675000E+00   
 4.676000E+00   
 4.677000E+00   
 4.678000E+00   
 4.679000E+00   
 4.680000E+00   
 4.681000E+00   
 4.682000E+00   
 4.683000E+00   
 4.684000E+00   
 4.685000E+00   
 4.686000E+00   
 4.687000E+00   
 4.688000E+00   
 4.689000E+00   
 4.690000E+00   
 4.691000E+00   
 4.692000E+00   
 4.693000E+00   
 4.694000E+00   
 4.695000E+00   
 4.696000E+00   
 4.697000E+00   
 4.698000E+00   
 4.699000E+00   
 4.700000E+00   
 4.701000E+00   
 4.702000E+00   
 4.703000E+00   
 4.704000E+00   
 4.705000E+00   
 4.706000E+00   
 4.707000E+00   
 4.708000E+00   
 4.709000E+00   
 4.710000E+00   
 4.711000E+00   
 4.712000E+00   
 4.713000E+00   
 4.714000E+00   
 4.715000E+00   
 4.716000E+00   
 4.717000E+00   
 4.718000E+00   
 4.719000E+00   
 4.720000E+00   
 4.721000E+00   
 4.722000E+00   
 4.723000E+00   
 4.724000E+00   
 4.725000E+00   
 4.726000E+00   
 4.727000E+00   
 4.728000E+00   
 4.729000E+00   
 4.730000E+00   
 4.731000E+00   
 4.732000E+00   
 4.733000E+00   
 4.734000E+00   
 4.735000E+00   
 4.736000E+00   
 4.737000E+00   
 4.738000E+00   
 4.739000E+00   
 4.740000E+00   
 4.741000E+00   
 4.742000E+00   
 4.743000E+00   
 4.744000E+00   
 4.745000E+00   
 4.746000E+00   
 4.747000E+00   
 4.748000E+00   
 4.749000E+00   
 4.750000E+00   
 4.751000E+00   
 4.752000E+00   
 4.753000E+00   
 4.754000E+00   
 4.755000E+00   
 4.756000E+00   
 4.757000E+00   
 4.758000E+00   
 4.759000E+00   
 4.760000E+00   
 4.761000E+00   
 4.762000E+00   
 4.763000E+00   
 4.764000E+00   
 4.765000E+00   
 4.766000E+00   
 4.767000E+00   
 4.768000E+00   
 4.769000E+00   
 4.770000E+00   
 4.771000E+00   
 4.772000E+00   
 4.773000E+00   
 4.774000E+00   
 4.775000E+00   
 4.776000E+00   
 4.777000E+00   
 4.778000E+00   
 4.779000E+00   
 4.780000E+00   
 4.781000E+00   
 4.782000E+00   
 4.783000E+00   
 4.784000E+00   
 4.785000E+00   
 4.786000E+00   
 4.787000E+00   
 4.788000E+00   
 4.789000E+00   
 4.790000E+00   
 4.791000E+00   
 4.792000E+00   
 4.793000E+00   
 4.794000E+00   
 4.795000E+00   
 4.796000E+00   
 4.797000E+00   
 4.798000E+00   
 4.799000E+00   
 4.800000E+00   
 4.801000E+00   
 4.802000E+00   
 4.803000E+00   
 4.804000E+00   
 4.805000E+00   
 4.806000E+00   
 4.807000E+00   
 4.808000E+00   
 4.809000E+00   
 4.810000E+00   
 4.811000E+00   
 4.812000E+00   
 4.813000E+00   
 4.814000E+00   
 4.815000E+00   
 4.816000E+00   
 4.817000E+00   
 4.818000E+00   
 4.819000E+00   
 4.820000E+00   
 4.821000E+00   
 4.822000E+00   
 4.823000E+00   
 4.824000E+00   
 4.825000E+00   
 4.826000E+00   
 4.827000E+00   
 4.828000E+00   
 4.829000E+00   
 4.830000E+00   
 4.831000E+00   
 4.832000E+00   
 4.833000E+00   
 4.834000E+00   
 4.835000E+00   
 4.836000E+00   
 4.837000E+00   
 4.838000E+00   
 4.839000E+00   
 4.840000E+00   
 4.841000E+00   
 4.842000E+00   
 4.843000E+00   
 4.844000E+00   
 4.845000E+00   
 4.846000E+00   
 4.847000E+00   
 4.848000E+00   
 4.849000E+00   
 4.850000E+00   
 4.851000E+00   
 4.852000E+00   
 4.853000E+00   
 4.854000E+00   
 4.855000E+00   
 4.856000E+00   
 4.857000E+00   
 4.858000E+00   
 4.859000E+00   
 4.860000E+00   
 4.861000E+00   
 4.862000E+00   
 4.863000E+00   
 4.864000E+00   
 4.865000E+00   
 4.866000E+00   
 4.867000E+00   
 4.868000E+00   
 4.869000E+00   
 4.870000E+00   
 4.871000E+00   
 4.872000E+00   
 4.873000E+00   
 4.874000E+00   
 4.875000E+00   
 4.876000E+00   
 4.877000E+00   
 4.878000E+00   
 4.879000E+00   
 4.880000E+00   
 4.881000E+00   
 4.882000E+00   
 4.883000E+00   
 4.884000E+00   
 4.885000E+00   
 4.886000E+00   
 4.887000E+00   
 4.888000E+00   
 4.889000E+00   
 4.890000E+00   
 4.891000E+00   
 4.892000E+00   
 4.893000E+00   
 4.894000E+00   
 4.895000E+00   
 4.896000E+00   
 4.897000E+00   
 4.898000E+00   
 4.899000E+00   
 4.900000E+00   
 4.901000E+00   
 4.902000E+00   
 4.903000E+00   
 4.904000E+00   
 4.905000E+00   
 4.906000E+00   
 4.907000E+00   
 4.908000E+00   
 4.909000E+00   
 4.910000E+00   
 4.911000E+00   
 4.912000E+00   
 4.913000E+00   
 4.914000E+00   
 4.915000E+00   
 4.916000E+00   
 4.917000E+00   
 4.918000E+00   
 4.919000E+00   
 4.920000E+00   
 4.921000E+00   
 4.922000E+00   
 4.923000E+00   
 4.924000E+00   
 4.925000E+00   
 4.926000E+00   
 4.927000E+00   
 4.928000E+00   
 4.929000E+00   
 4.930000E+00   
 4.931000E+00   
 4.932000E+00   
 4.933000E+00   
 4.934000E+00   
 4.935000E+00   
 4.936000E+00   
 4.937000E+00   
 4.938000E+00   
 4.939000E+00   
 4.940000E+00   
 4.941000E+00   
 4.942000E+00   
 4.943000E+00   
 4.944000E+00   
 4.945000E+00   
 4.946000E+00   
 4.947000E+00   
 4.948000E+00   
 4.949000E+00   
 4.950000E+00   
 4.951000E+00   
 4.952000E+00   
 4.953000E+00   
 4.954000E+00   
 4.955000E+00   
 4.956000E+00   
 4.957000E+00   
 4.958000E+00   
 4.959000E+00   
 4.960000E+00   
 4.961000E+00   
 4.962000E+00   
 4.963000E+00   
 4.964000E+00   
 4.965000E+00   
 4.966000E+00   
 4.967000E+00   
 4.968000E+00   
 4.969000E+00   
 4.970000E+00   
 4.971000E+00   
 4.972000E+00   
 4.973000E+00   
 4.974000E+00   
 4.975000E+00   
 4.976000E+00   
 4.977000E+00   
 4.978000E+00   
 4.979000E+00   
 4.980000E+00   
 4.981000E+00   
 4.982000E+00   
 4.983000E+00   
 4.984000E+00   
 4.985000E+00   
 4.986000E+00   
 4.987000E+00   
 4.988000E+00   
 4.989000E+00   
 4.990000E+00   
 4.991000E+00   
 4.992000E+00   
 4.993000E+00   
 4.994000E+00   
 4.995000E+00   
 4.996000E+00   
 4.997000E+00   
 4.998000E+00   
 4.999000E+00   
 5.000000E+00   