 5.176242E-01   
 5.177231E-01   
 5.178373E-01   
 5.179493E-01   
 5.180644E-01   
 5.181827E-01   
 5.183043E-01   
 5.184328E-01   
 5.185658E-01   
 5.187026E-01   
 5.188428E-01   
 5.189866E-01   
 5.191338E-01   
 5.192845E-01   
 5.194388E-01   
 5.195967E-01   
 5.197581E-01   
 5.199232E-01   
 5.200920E-01   
 5.202645E-01   
 5.204408E-01   
 5.206208E-01   
 5.208046E-01   
 5.209923E-01   
 5.211838E-01   
 5.213791E-01   
 5.215784E-01   
 5.217816E-01   
 5.219888E-01   
 5.221999E-01   
 5.224150E-01   
 5.226341E-01   
 5.228572E-01   
 5.230843E-01   
 5.233155E-01   
 5.235508E-01   
 5.237902E-01   
 5.240336E-01   
 5.242812E-01   
 5.245329E-01   
 5.247887E-01   
 5.250486E-01   
 5.253127E-01   
 5.255810E-01   
 5.258534E-01   
 5.261300E-01   
 5.264107E-01   
 5.266957E-01   
 5.269848E-01   
 5.272782E-01   
 5.275757E-01   
 5.278774E-01   
 5.281834E-01   
 5.284935E-01   
 5.288079E-01   
 5.291264E-01   
 5.294492E-01   
 5.297762E-01   
 5.301074E-01   
 5.304428E-01   
 5.307824E-01   
 5.311262E-01   
 5.314742E-01   
 5.318264E-01   
 5.321828E-01   
 5.325434E-01   
 5.329081E-01   
 5.332771E-01   
 5.336502E-01   
 5.340275E-01   
 5.344089E-01   
 5.347945E-01   
 5.351843E-01   
 5.355782E-01   
 5.359762E-01   
 5.363783E-01   
 5.367846E-01   
 5.371949E-01   
 5.376094E-01   
 5.380279E-01   
 5.384505E-01   
 5.388772E-01   
 5.393079E-01   
 5.397427E-01   
 5.401815E-01   
 5.406243E-01   
 5.410711E-01   
 5.415219E-01   
 5.419767E-01   
 5.424354E-01   
 5.428981E-01   
 5.433647E-01   
 5.438353E-01   
 5.443097E-01   
 5.447881E-01   
 5.452703E-01   
 5.457563E-01   
 5.462463E-01   
 5.467400E-01   
 5.472375E-01   
 5.477389E-01   
 5.482440E-01   
 5.487529E-01   
 5.492655E-01   
 5.497818E-01   
 5.503019E-01   
 5.508256E-01   
 5.513530E-01   
 5.518841E-01   
 5.524187E-01   
 5.529570E-01   
 5.534989E-01   
 5.540444E-01   
 5.545934E-01   
 5.551459E-01   
 5.557019E-01   
 5.562614E-01   
 5.568244E-01   
 5.573909E-01   
 5.579607E-01   
 5.585340E-01   
 5.591106E-01   
 5.596906E-01   
 5.602740E-01   
 5.608606E-01   
 5.614505E-01   
 5.620438E-01   
 5.626402E-01   
 5.632399E-01   
 5.638428E-01   
 5.644488E-01   
 5.650580E-01   
 5.656704E-01   
 5.662858E-01   
 5.669043E-01   
 5.675259E-01   
 5.681505E-01   
 5.687781E-01   
 5.694087E-01   
 5.700423E-01   
 5.706787E-01   
 5.713181E-01   
 5.719604E-01   
 5.726055E-01   
 5.732535E-01   
 5.739042E-01   
 5.745578E-01   
 5.752141E-01   
 5.758731E-01   
 5.765348E-01   
 5.771992E-01   
 5.778662E-01   
 5.785359E-01   
 5.792081E-01   
 5.798829E-01   
 5.805603E-01   
 5.812401E-01   
 5.819225E-01   
 5.826073E-01   
 5.832945E-01   
 5.839841E-01   
 5.846761E-01   
 5.853705E-01   
 5.860672E-01   
 5.867661E-01   
 5.874674E-01   
 5.881708E-01   
 5.888765E-01   
 5.895843E-01   
 5.902943E-01   
 5.910065E-01   
 5.917207E-01   
 5.924370E-01   
 5.931553E-01   
 5.938756E-01   
 5.945979E-01   
 5.953222E-01   
 5.960483E-01   
 5.967764E-01   
 5.975063E-01   
 5.982381E-01   
 5.989717E-01   
 5.997070E-01   
 6.004441E-01   
 6.011829E-01   
 6.019234E-01   
 6.026656E-01   
 6.034094E-01   
 6.041548E-01   
 6.049017E-01   
 6.056502E-01   
 6.064002E-01   
 6.071517E-01   
 6.079047E-01   
 6.086590E-01   
 6.094148E-01   
 6.101719E-01   
 6.109304E-01   
 6.116901E-01   
 6.124512E-01   
 6.132134E-01   
 6.139769E-01   
 6.147416E-01   
 6.155074E-01   
 6.162744E-01   
 6.170424E-01   
 6.178115E-01   
 6.185817E-01   
 6.193528E-01   
 6.201250E-01   
 6.208980E-01   
 6.216720E-01   
 6.224469E-01   
 6.232226E-01   
 6.239991E-01   
 6.247765E-01   
 6.255546E-01   
 6.263334E-01   
 6.271130E-01   
 6.278932E-01   
 6.286741E-01   
 6.294555E-01   
 6.302376E-01   
 6.310202E-01   
 6.318034E-01   
 6.325870E-01   
 6.333711E-01   
 6.341557E-01   
 6.349406E-01   
 6.357259E-01   
 6.365116E-01   
 6.372976E-01   
 6.380838E-01   
 6.388704E-01   
 6.396571E-01   
 6.404441E-01   
 6.412312E-01   
 6.420185E-01   
 6.428058E-01   
 6.435933E-01   
 6.443808E-01   
 6.451683E-01   
 6.459558E-01   
 6.467433E-01   
 6.475307E-01   
 6.483180E-01   
 6.491051E-01   
 6.498921E-01   
 6.506790E-01   
 6.514656E-01   
 6.522507E-01   
 6.530368E-01   
 6.538225E-01   
 6.546080E-01   
 6.553930E-01   
 6.561777E-01   
 6.569619E-01   
 6.577458E-01   
 6.585292E-01   
 6.593121E-01   
 6.600944E-01   
 6.608762E-01   
 6.616574E-01   
 6.624380E-01   
 6.632179E-01   
 6.639972E-01   
 6.647757E-01   
 6.655536E-01   
 6.663306E-01   
 6.671069E-01   
 6.678824E-01   
 6.686570E-01   
 6.694307E-01   
 6.702036E-01   
 6.709755E-01   
 6.717465E-01   
 6.725164E-01   
 6.732854E-01   
 6.740534E-01   
 6.748202E-01   
 6.755860E-01   
 6.763507E-01   
 6.771142E-01   
 6.778765E-01   
 6.786377E-01   
 6.793976E-01   
 6.801562E-01   
 6.809136E-01   
 6.816697E-01   
 6.824244E-01   
 6.831778E-01   
 6.839298E-01   
 6.846804E-01   
 6.854295E-01   
 6.861771E-01   
 6.869233E-01   
 6.876680E-01   
 6.884111E-01   
 6.891526E-01   
 6.898925E-01   
 6.906309E-01   
 6.913675E-01   
 6.921025E-01   
 6.928358E-01   
 6.935674E-01   
 6.942972E-01   
 6.950252E-01   
 6.957515E-01   
 6.964759E-01   
 6.971984E-01   
 6.979191E-01   
 6.986379E-01   
 6.993548E-01   
 7.000697E-01   
 7.007826E-01   
 7.014936E-01   
 7.022025E-01   
 7.029094E-01   
 7.036142E-01   
 7.043169E-01   
 7.050175E-01   
 7.057159E-01   
 7.064122E-01   
 7.071063E-01   
 7.077981E-01   
 7.084878E-01   
 7.091751E-01   
 7.098602E-01   
 7.105430E-01   
 7.112235E-01   
 7.119016E-01   
 7.125773E-01   
 7.132506E-01   
 7.139215E-01   
 7.145900E-01   
 7.152560E-01   
 7.159195E-01   
 7.165805E-01   
 7.172390E-01   
 7.178949E-01   
 7.185482E-01   
 7.191989E-01   
 7.198471E-01   
 7.204925E-01   
 7.211353E-01   
 7.217755E-01   
 7.224129E-01   
 7.230476E-01   
 7.236795E-01   
 7.243087E-01   
 7.249351E-01   
 7.255587E-01   
 7.261795E-01   
 7.267974E-01   
 7.274124E-01   
 7.280245E-01   
 7.286338E-01   
 7.292401E-01   
 7.298434E-01   
 7.304438E-01   
 7.310411E-01   
 7.316355E-01   
 7.322269E-01   
 7.328152E-01   
 7.334004E-01   
 7.339825E-01   
 7.345615E-01   
 7.351374E-01   
 7.357102E-01   
 7.362798E-01   
 7.368462E-01   
 7.374094E-01   
 7.379694E-01   
 7.385262E-01   
 7.390797E-01   
 7.396299E-01   
 7.401769E-01   
 7.407205E-01   
 7.412608E-01   
 7.417978E-01   
 7.423314E-01   
 7.428617E-01   
 7.433885E-01   
 7.439119E-01   
 7.444319E-01   
 7.449485E-01   
 7.454616E-01   
 7.459712E-01   
 7.464773E-01   
 7.469799E-01   
 7.474790E-01   
 7.479746E-01   
 7.484666E-01   
 7.489550E-01   
 7.494398E-01   
 7.499210E-01   
 7.503986E-01   
 7.508726E-01   
 7.513429E-01   
 7.518095E-01   
 7.522725E-01   
 7.527318E-01   
 7.531873E-01   
 7.536392E-01   
 7.540873E-01   
 7.545316E-01   
 7.549722E-01   
 7.554090E-01   
 7.558420E-01   
 7.562712E-01   
 7.566965E-01   
 7.571181E-01   
 7.575358E-01   
 7.579496E-01   
 7.583595E-01   
 7.587656E-01   
 7.591677E-01   
 7.595660E-01   
 7.599603E-01   
 7.603507E-01   
 7.607371E-01   
 7.611196E-01   
 7.614981E-01   
 7.618726E-01   
 7.622431E-01   
 7.626095E-01   
 7.629720E-01   
 7.633305E-01   
 7.636848E-01   
 7.640352E-01   
 7.643814E-01   
 7.647236E-01   
 7.650617E-01   
 7.653957E-01   
 7.657256E-01   
 7.660514E-01   
 7.663730E-01   
 7.666905E-01   
 7.670039E-01   
 7.673131E-01   
 7.676181E-01   
 7.679189E-01   
 7.682156E-01   
 7.685081E-01   
 7.687963E-01   
 7.690803E-01   
 7.693601E-01   
 7.696357E-01   
 7.699071E-01   
 7.701741E-01   
 7.704370E-01   
 7.706955E-01   
 7.709498E-01   
 7.711998E-01   
 7.714455E-01   
 7.716869E-01   
 7.719240E-01   
 7.721568E-01   
 7.723853E-01   
 7.726094E-01   
 7.728292E-01   
 7.730447E-01   
 7.732558E-01   
 7.734626E-01   
 7.736649E-01   
 7.738630E-01   
 7.740566E-01   
 7.742459E-01   
 7.744308E-01   
 7.746113E-01   
 7.747874E-01   
 7.749591E-01   
 7.751264E-01   
 7.752893E-01   
 7.754478E-01   
 7.756018E-01   
 7.757514E-01   
 7.758966E-01   
 7.760373E-01   
 7.761736E-01   
 7.763055E-01   
 7.764329E-01   
 7.765559E-01   
 7.766744E-01   
 7.767884E-01   
 7.768980E-01   
 7.770031E-01   
 7.771037E-01   
 7.771999E-01   
 7.772915E-01   
 7.773787E-01   
 7.774615E-01   
 7.775397E-01   
 7.776134E-01   
 7.776827E-01   
 7.777475E-01   
 7.778077E-01   
 7.778635E-01   
 7.779148E-01   
 7.779616E-01   
 7.780038E-01   
 7.780416E-01   
 7.780749E-01   
 7.781037E-01   
 7.781279E-01   
 7.781477E-01   
 7.781629E-01   
 7.781737E-01   
 7.781799E-01   
 7.781817E-01   
 7.781789E-01   
 7.781716E-01   
 7.781598E-01   
 7.781435E-01   
 7.781227E-01   
 7.780974E-01   
 7.780676E-01   
 7.780332E-01   
 7.779944E-01   
 7.779511E-01   
 7.779033E-01   
 7.778510E-01   
 7.777941E-01   
 7.777328E-01   
 7.776670E-01   
 7.775967E-01   
 7.775219E-01   
 7.774427E-01   
 7.773589E-01   
 7.772706E-01   
 7.771779E-01   
 7.770807E-01   
 7.769791E-01   
 7.768729E-01   
 7.767623E-01   
 7.766472E-01   
 7.765277E-01   
 7.764037E-01   
 7.762753E-01   
 7.761424E-01   
 7.760051E-01   
 7.758633E-01   
 7.757171E-01   
 7.755664E-01   
 7.754114E-01   
 7.752519E-01   
 7.750880E-01   
 7.749197E-01   
 7.747469E-01   
 7.745698E-01   
 7.743883E-01   
 7.742024E-01   
 7.740121E-01   
 7.738174E-01   
 7.736184E-01   
 7.734150E-01   
 7.732072E-01   
 7.729951E-01   
 7.727786E-01   
 7.725578E-01   
 7.723327E-01   
 7.721032E-01   
 7.718694E-01   
 7.716313E-01   
 7.713889E-01   
 7.711422E-01   
 7.708912E-01   
 7.706360E-01   
 7.703764E-01   
 7.701126E-01   
 7.698446E-01   
 7.695723E-01   
 7.692957E-01   
 7.690149E-01   
 7.687299E-01   
 7.684407E-01   
 7.681473E-01   
 7.678497E-01   
 7.675479E-01   
 7.672419E-01   
 7.669317E-01   
 7.666174E-01   
 7.662990E-01   
 7.659764E-01   
 7.656497E-01   
 7.653188E-01   
 7.649839E-01   
 7.646449E-01   
 7.643017E-01   
 7.639545E-01   
 7.636033E-01   
 7.632480E-01   
 7.628886E-01   
 7.625252E-01   
 7.621578E-01   
 7.617864E-01   
 7.614110E-01   
 7.610316E-01   
 7.606482E-01   
 7.602609E-01   
 7.598696E-01   
 7.594744E-01   
 7.590753E-01   
 7.586723E-01   
 7.582653E-01   
 7.578545E-01   
 7.574398E-01   
 7.570213E-01   
 7.565989E-01   
 7.561726E-01   
 7.557426E-01   
 7.553087E-01   
 7.548711E-01   
 7.544297E-01   
 7.539845E-01   
 7.535355E-01   
 7.530829E-01   
 7.526265E-01   
 7.521664E-01   
 7.517026E-01   
 7.512352E-01   
 7.507640E-01   
 7.502893E-01   
 7.498109E-01   
 7.493288E-01   
 7.488432E-01   
 7.483540E-01   
 7.478613E-01   
 7.473649E-01   
 7.468651E-01   
 7.463617E-01   
 7.458548E-01   
 7.453444E-01   
 7.448306E-01   
 7.443133E-01   
 7.437925E-01   
 7.432684E-01   
 7.427408E-01   
 7.422098E-01   
 7.416755E-01   
 7.411378E-01   
 7.405968E-01   
 7.400524E-01   
 7.395048E-01   
 7.389539E-01   
 7.383997E-01   
 7.378422E-01   
 7.372815E-01   
 7.367177E-01   
 7.361506E-01   
 7.355803E-01   
 7.350069E-01   
 7.344304E-01   
 7.338507E-01   
 7.332679E-01   
 7.326821E-01   
 7.320931E-01   
 7.315012E-01   
 7.309062E-01   
 7.303082E-01   
 7.297073E-01   
 7.291033E-01   
 7.284964E-01   
 7.278866E-01   
 7.272739E-01   
 7.266583E-01   
 7.260399E-01   
 7.254186E-01   
 7.247945E-01   
 7.241675E-01   
 7.235378E-01   
 7.229054E-01   
 7.222701E-01   
 7.216322E-01   
 7.209916E-01   
 7.203483E-01   
 7.197023E-01   
 7.190537E-01   
 7.184025E-01   
 7.177487E-01   
 7.170924E-01   
 7.164335E-01   
 7.157720E-01   
 7.151081E-01   
 7.144417E-01   
 7.137728E-01   
 7.131015E-01   
 7.124278E-01   
 7.117517E-01   
 7.110732E-01   
 7.103924E-01   
 7.097093E-01   
 7.090238E-01   
 7.083361E-01   
 7.076461E-01   
 7.069540E-01   
 7.062596E-01   
 7.055630E-01   
 7.048642E-01   
 7.041634E-01   
 7.034604E-01   
 7.027553E-01   
 7.020482E-01   
 7.013391E-01   
 7.006279E-01   
 6.999147E-01   
 6.991996E-01   
 6.984825E-01   
 6.977636E-01   
 6.970427E-01   
 6.963200E-01   
 6.955954E-01   
 6.948690E-01   
 6.941408E-01   
 6.934109E-01   
 6.926792E-01   
 6.919458E-01   
 6.912107E-01   
 6.904740E-01   
 6.897356E-01   
 6.889956E-01   
 6.882540E-01   
 6.875109E-01   
 6.867662E-01   
 6.860201E-01   
 6.852724E-01   
 6.845233E-01   
 6.837728E-01   
 6.830208E-01   
 6.822675E-01   
 6.815128E-01   
 6.807569E-01   
 6.799996E-01   
 6.792410E-01   
 6.784813E-01   
 6.777203E-01   
 6.769581E-01   
 6.761947E-01   
 6.754302E-01   
 6.746647E-01   
 6.738980E-01   
 6.731303E-01   
 6.723616E-01   
 6.715918E-01   
 6.708212E-01   
 6.700495E-01   
 6.692770E-01   
 6.685036E-01   
 6.677293E-01   
 6.669542E-01   
 6.661783E-01   
 6.654016E-01   
 6.646242E-01   
 6.638461E-01   
 6.630672E-01   
 6.622878E-01   
 6.615077E-01   
 6.607270E-01   
 6.599457E-01   
 6.591639E-01   
 6.583816E-01   
 6.575987E-01   
 6.568155E-01   
 6.560318E-01   
 6.552477E-01   
 6.544632E-01   
 6.536784E-01   
 6.528933E-01   
 6.521079E-01   
 6.513223E-01   
 6.505364E-01   
 6.497504E-01   
 6.489641E-01   
 6.481778E-01   
 6.473913E-01   
 6.466048E-01   
 6.458182E-01   
 6.450316E-01   
 6.442450E-01   
 6.434585E-01   
 6.426720E-01   
 6.418857E-01   
 6.410995E-01   
 6.403134E-01   
 6.395275E-01   
 6.387419E-01   
 6.379565E-01   
 6.371714E-01   
 6.363866E-01   
 6.356021E-01   
 6.348181E-01   
 6.340344E-01   
 6.332511E-01   
 6.324684E-01   
 6.316861E-01   
 6.309043E-01   
 6.301231E-01   
 6.293425E-01   
 6.285625E-01   
 6.277832E-01   
 6.270045E-01   
 6.262266E-01   
 6.254493E-01   
 6.246729E-01   
 6.238972E-01   
 6.231224E-01   
 6.223484E-01   
 6.215753E-01   
 6.208032E-01   
 6.200320E-01   
 6.192617E-01   
 6.184925E-01   
 6.177244E-01   
 6.169573E-01   
 6.161913E-01   
 6.154264E-01   
 6.146627E-01   
 6.139002E-01   
 6.131389E-01   
 6.123789E-01   
 6.116202E-01   
 6.108628E-01   
 6.101067E-01   
 6.093520E-01   
 6.085988E-01   
 6.078469E-01   
 6.070966E-01   
 6.063477E-01   
 6.056004E-01   
 6.048546E-01   
 6.041104E-01   
 6.033679E-01   
 6.026270E-01   
 6.018878E-01   
 6.011502E-01   
 6.004145E-01   
 5.996805E-01   
 5.989483E-01   
 5.982179E-01   
 5.974895E-01   
 5.967629E-01   
 5.960382E-01   
 5.953155E-01   
 5.945947E-01   
 5.938760E-01   
 5.931593E-01   
 5.924447E-01   
 5.917322E-01   
 5.910219E-01   
 5.903137E-01   
 5.896077E-01   
 5.889039E-01   
 5.882024E-01   
 5.875031E-01   
 5.868062E-01   
 5.861116E-01   
 5.854193E-01   
 5.847295E-01   
 5.840421E-01   
 5.833571E-01   
 5.826747E-01   
 5.819947E-01   
 5.813173E-01   
 5.806425E-01   
 5.799703E-01   
 5.793007E-01   
 5.786337E-01   
 5.779695E-01   
 5.773080E-01   
 5.766492E-01   
 5.759931E-01   
 5.753399E-01   
 5.746895E-01   
 5.740420E-01   
 5.733974E-01   
 5.727556E-01   
 5.721168E-01   
 5.714810E-01   
 5.708482E-01   
 5.702184E-01   
 5.695916E-01   
 5.689680E-01   
 5.683474E-01   
 5.677300E-01   
 5.671157E-01   
 5.665046E-01   
 5.658967E-01   
 5.652921E-01   
 5.646907E-01   
 5.640927E-01   
 5.634979E-01   
 5.629065E-01   
 5.623185E-01   
 5.617338E-01   
 5.611526E-01   
 5.605748E-01   
 5.600005E-01   
 5.594297E-01   
 5.588625E-01   
 5.582988E-01   
 5.577386E-01   
 5.571821E-01   
 5.566292E-01   
 5.560799E-01   
 5.555343E-01   
 5.549924E-01   
 5.544543E-01   
 5.539199E-01   
 5.533892E-01   
 5.528624E-01   
 5.523393E-01   
 5.518201E-01   
 5.513048E-01   
 5.507934E-01   
 5.502859E-01   
 5.497823E-01   
 5.492827E-01   
 5.487870E-01   
 5.482954E-01   
 5.478078E-01   
 5.473242E-01   
 5.468447E-01   
 5.463693E-01   
 5.458980E-01   
 5.454309E-01   
 5.449679E-01   
 5.445090E-01   
 5.440544E-01   
 5.436040E-01   
 5.431579E-01   
 5.427159E-01   
 5.422783E-01   
 5.418450E-01   
 5.414160E-01   
 5.409913E-01   
 5.405710E-01   
 5.401551E-01   
 5.397436E-01   
 5.393365E-01   
 5.389338E-01   
 5.385356E-01   
 5.381418E-01   
 5.377526E-01   
 5.373678E-01   
 5.369876E-01   
 5.366119E-01   
 5.362408E-01   
 5.358743E-01   
 5.355124E-01   
 5.351550E-01   
 5.348023E-01   
 5.344543E-01   
 5.341109E-01   
 5.337722E-01   
 5.334382E-01   
 5.331089E-01   
 5.327843E-01   
 5.324645E-01   
 5.321494E-01   
 5.318391E-01   
 5.315336E-01   
 5.312328E-01   
 5.309369E-01   
 5.306458E-01   
 5.303596E-01   
 5.300782E-01   
 5.298017E-01   
 5.295300E-01   
 5.292633E-01   
 5.290014E-01   
 5.287445E-01   
 5.284925E-01   
 5.282454E-01   
 5.280033E-01   
 5.277662E-01   
 5.275340E-01   
 5.273069E-01   
 5.270847E-01   
 5.268675E-01   
 5.266554E-01   
 5.264482E-01   
 5.262462E-01   
 5.260491E-01   
 5.258571E-01   
 5.256702E-01   
 5.254884E-01   
 5.253116E-01   
 5.251400E-01   
 5.249734E-01   
 5.248120E-01   
 5.246556E-01   
 5.245044E-01   
 5.243583E-01   
 5.242174E-01   
 5.240816E-01   
 5.239509E-01   
 5.238254E-01   
 5.237051E-01   
 5.235900E-01   
 5.234800E-01   
 5.233752E-01   
 5.232755E-01   
 5.231811E-01   
 5.230918E-01   
 5.230078E-01   
 5.229290E-01   
 5.228553E-01   
 5.227869E-01   
 5.227237E-01   
 5.226657E-01   
 5.226129E-01   
 5.225653E-01   
 5.225230E-01   
 5.224859E-01   
 5.224540E-01   
 5.224273E-01   
 5.224059E-01   
 5.223897E-01   
 5.223787E-01   
 5.223730E-01   
 5.223725E-01   
 5.223772E-01   
 5.223871E-01   
 5.224023E-01   
 5.224228E-01   
 5.224484E-01   
 5.224793E-01   
 5.225154E-01   
 5.225567E-01   
 5.226033E-01   
 5.226550E-01   
 5.227120E-01   
 5.227742E-01   
 5.228416E-01   
 5.229143E-01   
 5.229921E-01   
 5.230751E-01   
 5.231634E-01   
 5.232568E-01   
 5.233554E-01   
 5.234592E-01   
 5.235682E-01   
 5.236824E-01   
 5.238017E-01   
 5.239262E-01   
 5.240559E-01   
 5.241907E-01   
 5.243306E-01   
 5.244757E-01   
 5.246259E-01   
 5.247813E-01   
 5.249417E-01   
 5.251073E-01   
 5.252780E-01   
 5.254537E-01   
 5.256346E-01   
 5.258205E-01   
 5.260115E-01   
 5.262076E-01   
 5.264087E-01   
 5.266148E-01   
 5.268260E-01   
 5.270422E-01   
 5.272634E-01   
 5.274896E-01   
 5.277208E-01   
 5.279570E-01   
 5.281981E-01   
 5.284442E-01   
 5.286952E-01   
 5.289512E-01   
 5.292121E-01   
 5.294779E-01   
 5.297486E-01   
 5.300242E-01   
 5.303046E-01   
 5.305900E-01   
 5.308801E-01   
 5.311751E-01   
 5.314749E-01   
 5.317795E-01   
 5.320889E-01   
 5.324030E-01   
 5.327219E-01   
 5.330456E-01   
 5.333740E-01   
 5.337071E-01   
 5.340449E-01   
 5.343873E-01   
 5.347345E-01   
 5.350863E-01   
 5.354427E-01   
 5.358037E-01   
 5.361694E-01   
 5.365396E-01   
 5.369144E-01   
 5.372937E-01   
 5.376776E-01   
 5.380660E-01   
 5.384589E-01   
 5.388562E-01   
 5.392580E-01   
 5.396643E-01   
 5.400750E-01   
 5.404900E-01   
 5.409095E-01   
 5.413333E-01   
 5.417615E-01   
 5.421940E-01   
 5.426307E-01   
 5.430718E-01   
 5.435172E-01   
 5.439667E-01   
 5.444206E-01   
 5.448786E-01   
 5.453408E-01   
 5.458071E-01   
 5.462776E-01   
 5.467522E-01   
 5.472309E-01   
 5.477137E-01   
 5.482005E-01   
 5.486914E-01   
 5.491862E-01   
 5.496851E-01   
 5.501879E-01   
 5.506947E-01   
 5.512053E-01   
 5.517199E-01   
 5.522383E-01   
 5.527606E-01   
 5.532867E-01   
 5.538166E-01   
 5.543503E-01   
 5.548878E-01   
 5.554289E-01   
 5.559738E-01   
 5.565224E-01   
 5.570746E-01   
 5.576304E-01   
 5.581899E-01   
 5.587529E-01   
 5.593195E-01   
 5.598896E-01   
 5.604632E-01   
 5.610403E-01   
 5.616208E-01   
 5.622048E-01   
 5.627922E-01   
 5.633829E-01   
 5.639770E-01   
 5.645745E-01   
 5.651752E-01   
 5.657792E-01   
 5.663865E-01   
 5.669969E-01   
 5.676106E-01   
 5.682274E-01   
 5.688474E-01   
 5.694704E-01   
 5.700966E-01   
 5.707258E-01   
 5.713580E-01   
 5.719933E-01   
 5.726315E-01   
 5.732727E-01   
 5.739168E-01   
 5.745637E-01   
 5.752136E-01   
 5.758662E-01   
 5.765217E-01   
 5.771800E-01   
 5.778410E-01   
 5.785047E-01   
 5.791711E-01   
 5.798402E-01   
 5.805119E-01   
 5.811862E-01   
 5.818631E-01   
 5.825426E-01   
 5.832246E-01   
 5.839090E-01   
 5.845960E-01   
 5.852853E-01   
 5.859771E-01   
 5.866712E-01   
 5.873677E-01   
 5.880665E-01   
 5.887676E-01   
 5.894710E-01   
 5.901766E-01   
 5.908843E-01   
 5.915943E-01   
 5.923064E-01   
 5.930206E-01   
 5.937368E-01   
 5.944552E-01   
 5.951755E-01   
 5.958978E-01   
 5.966221E-01   
 5.973483E-01   
 5.980765E-01   
 5.988065E-01   
 5.995383E-01   
 6.002719E-01   
 6.010074E-01   
 6.017445E-01   
 6.024834E-01   
 6.032240E-01   
 6.039662E-01   
 6.047101E-01   
 6.054556E-01   
 6.062026E-01   
 6.069512E-01   
 6.077012E-01   
 6.084528E-01   
 6.092058E-01   
 6.099602E-01   
 6.107160E-01   
 6.114731E-01   
 6.122316E-01   
 6.129914E-01   
 6.137524E-01   
 6.145147E-01   
 6.152781E-01   
 6.160427E-01   
 6.168085E-01   
 6.175754E-01   
 6.183434E-01   
 6.191124E-01   
 6.198824E-01   
 6.206534E-01   
 6.214254E-01   
 6.221983E-01   
 6.229721E-01   
 6.237468E-01   
 6.245223E-01   
 6.252986E-01   
 6.260756E-01   
 6.268535E-01   
 6.276320E-01   
 6.284112E-01   
 6.291911E-01   
 6.299716E-01   
 6.307526E-01   
 6.315343E-01   
 6.323165E-01   
 6.330991E-01   
 6.338823E-01   
 6.346659E-01   
 6.354499E-01   
 6.362343E-01   
 6.370190E-01   
 6.378040E-01   
 6.385894E-01   
 6.393750E-01   
 6.401608E-01   
 6.409468E-01   
 6.417330E-01   
 6.425193E-01   
 6.433058E-01   
 6.440923E-01   
 6.448789E-01   
 6.456655E-01   
 6.464520E-01   
 6.472386E-01   
 6.480250E-01   
 6.488114E-01   
 6.495977E-01   
 6.503838E-01   
 6.511697E-01   
 6.519553E-01   
 6.527408E-01   
 6.535259E-01   
 6.543108E-01   
 6.550953E-01   
 6.558795E-01   
 6.566632E-01   
 6.574466E-01   
 6.582295E-01   
 6.590119E-01   
 6.597938E-01   
 6.605752E-01   
 6.613560E-01   
 6.621362E-01   
 6.629158E-01   
 6.636947E-01   
 6.644730E-01   
 6.652506E-01   
 6.660274E-01   
 6.668034E-01   
 6.675787E-01   
 6.683531E-01   
 6.691267E-01   
 6.698994E-01   
 6.706712E-01   
 6.714421E-01   
 6.722120E-01   
 6.729809E-01   
 6.737488E-01   
 6.745157E-01   
 6.752815E-01   
 6.760461E-01   
 6.768097E-01   
 6.775721E-01   
 6.783333E-01   
 6.790933E-01   
 6.798521E-01   
 6.806096E-01   
 6.813659E-01   
 6.821208E-01   
 6.828744E-01   
 6.836266E-01   
 6.843774E-01   
 6.851267E-01   
 6.858747E-01   
 6.866211E-01   
 6.873661E-01   
 6.881095E-01   
 6.888514E-01   
 6.895917E-01   
 6.903304E-01   
 6.910674E-01   
 6.918028E-01   
 6.925365E-01   
 6.932685E-01   
 6.939988E-01   
 6.947273E-01   
 6.954541E-01   
 6.961790E-01   
 6.969021E-01   
 6.976233E-01   
 6.983426E-01   
 6.990601E-01   
 6.997755E-01   
 7.004891E-01   
 7.012006E-01   
 7.019102E-01   
 7.026177E-01   
 7.033231E-01   
 7.040265E-01   
 7.047278E-01   
 7.054269E-01   
 7.061239E-01   
 7.068187E-01   
 7.075113E-01   
 7.082017E-01   
 7.088899E-01   
 7.095758E-01   
 7.102593E-01   
 7.109406E-01   
 7.116195E-01   
 7.122961E-01   
 7.129703E-01   
 7.136420E-01   
 7.143114E-01   
 7.149782E-01   
 7.156427E-01   
 7.163046E-01   
 7.169640E-01   
 7.176208E-01   
 7.182751E-01   
 7.189268E-01   
 7.195759E-01   
 7.202223E-01   
 7.208661E-01   
 7.215073E-01   
 7.221457E-01   
 7.227814E-01   
 7.234144E-01   
 7.240446E-01   
 7.246721E-01   
 7.252967E-01   
 7.259186E-01   
 7.265376E-01   
 7.271537E-01   
 7.277670E-01   
 7.283773E-01   
 7.289848E-01   
 7.295893E-01   
 7.301908E-01   
 7.307894E-01   
 7.313849E-01   
 7.319775E-01   
 7.325670E-01   
 7.331534E-01   
 7.337368E-01   
 7.343170E-01   
 7.348942E-01   
 7.354682E-01   
 7.360391E-01   
 7.366067E-01   
 7.371712E-01   
 7.377325E-01   
 7.382906E-01   
 7.388454E-01   
 7.393970E-01   
 7.399453E-01   
 7.404902E-01   
 7.410319E-01   
 7.415702E-01   
 7.421052E-01   
 7.426368E-01   
 7.431650E-01   
 7.436899E-01   
 7.442113E-01   
 7.447292E-01   
 7.452437E-01   
 7.457548E-01   
 7.462624E-01   
 7.467664E-01   
 7.472669E-01   
 7.477639E-01   
 7.482574E-01   
 7.487473E-01   
 7.492336E-01   
 7.497163E-01   
 7.501954E-01   
 7.506709E-01   
 7.511427E-01   
 7.516109E-01   
 7.520753E-01   
 7.525361E-01   
 7.529932E-01   
 7.534466E-01   
 7.538963E-01   
 7.543422E-01   
 7.547843E-01   
 7.552227E-01   
 7.556573E-01   
 7.560881E-01   
 7.565150E-01   
 7.569382E-01   
 7.573575E-01   
 7.577729E-01   
 7.581845E-01   
 7.585922E-01   
 7.589960E-01   
 7.593958E-01   
 7.597918E-01   
 7.601838E-01   
 7.605719E-01   
 7.609561E-01   
 7.613362E-01   
 7.617124E-01   
 7.620846E-01   
 7.624528E-01   
 7.628169E-01   
 7.631771E-01   
 7.635331E-01   
 7.638852E-01   
 7.642332E-01   
 7.645771E-01   
 7.649169E-01   
 7.652526E-01   
 7.655843E-01   
 7.659118E-01   
 7.662352E-01   
 7.665544E-01   
 7.668695E-01   
 7.671805E-01   
 7.674873E-01   
 7.677899E-01   
 7.680883E-01   
 7.683825E-01   
 7.686726E-01   
 7.689584E-01   
 7.692400E-01   
 7.695174E-01   
 7.697905E-01   
 7.700594E-01   
 7.703240E-01   
 7.705844E-01   
 7.708405E-01   
 7.710923E-01   
 7.713398E-01   
 7.715831E-01   
 7.718220E-01   
 7.720566E-01   
 7.722869E-01   
 7.725129E-01   
 7.727345E-01   
 7.729518E-01   
 7.731648E-01   
 7.733734E-01   
 7.735777E-01   
 7.737776E-01   
 7.739731E-01   
 7.741642E-01   
 7.743510E-01   
 7.745334E-01   
 7.747113E-01   
 7.748849E-01   
 7.750541E-01   
 7.752189E-01   
 7.753792E-01   
 7.755351E-01   
 7.756866E-01   
 7.758337E-01   
 7.759763E-01   
 7.761145E-01   
 7.762483E-01   
 7.763776E-01   
 7.765025E-01   
 7.766229E-01   
 7.767388E-01   
 7.768503E-01   
 7.769573E-01   
 7.770598E-01   
 7.771579E-01   
 7.772515E-01   
 7.773406E-01   
 7.774252E-01   
 7.775054E-01   
 7.775810E-01   
 7.776522E-01   
 7.777189E-01   
 7.777811E-01   
 7.778388E-01   
 7.778920E-01   
 7.779407E-01   
 7.779849E-01   
 7.780246E-01   
 7.780598E-01   
 7.780905E-01   
 7.781167E-01   
 7.781384E-01   
 7.781555E-01   
 7.781682E-01   
 7.781764E-01   
 7.781800E-01   
 7.781792E-01   
 7.781738E-01   
 7.781640E-01   
 7.781496E-01   
 7.781307E-01   
 7.781074E-01   
 7.780795E-01   
 7.780471E-01   
 7.780102E-01   
 7.779688E-01   
 7.779229E-01   
 7.778725E-01   
 7.778176E-01   
 7.777582E-01   
 7.776943E-01   
 7.776260E-01   
 7.775531E-01   
 7.774757E-01   
 7.773939E-01   
 7.773076E-01   
 7.772168E-01   
 7.771215E-01   
 7.770217E-01   
 7.769175E-01   
 7.768088E-01   
 7.766957E-01   
 7.765780E-01   
 7.764560E-01   
 7.763294E-01   
 7.761985E-01   
 7.760630E-01   
 7.759232E-01   
 7.757789E-01   
 7.756301E-01   
 7.754769E-01   
 7.753194E-01   
 7.751573E-01   
 7.749909E-01   
 7.748201E-01   
 7.746449E-01   
 7.744652E-01   
 7.742812E-01   
 7.740928E-01   
 7.739000E-01   
 7.737028E-01   
 7.735013E-01   
 7.732954E-01   
 7.730851E-01   
 7.728705E-01   
 7.726516E-01   
 7.724283E-01   
 7.722007E-01   
 7.719688E-01   
 7.717325E-01   
 7.714920E-01   
 7.712471E-01   
 7.709980E-01   
 7.707446E-01   
 7.704868E-01   
 7.702249E-01   
 7.699586E-01   
 7.696882E-01   
 7.694134E-01   
 7.691345E-01   
 7.688513E-01   
 7.685639E-01   
 7.682722E-01   
 7.679764E-01   
 7.676764E-01   
 7.673722E-01   
 7.670639E-01   
 7.667514E-01   
 7.664347E-01   
 7.661139E-01   
 7.657889E-01   
 7.654599E-01   
 7.651267E-01   
 7.647894E-01   
 7.644480E-01   
 7.641026E-01   
 7.637531E-01   
 7.633995E-01   
 7.630419E-01   
 7.626802E-01   
 7.623146E-01   
 7.619449E-01   
 7.615712E-01   
 7.611935E-01   
 7.608118E-01   
 7.604262E-01   
 7.600366E-01   
 7.596431E-01   
 7.592457E-01   
 7.588443E-01   
 7.584391E-01   
 7.580299E-01   
 7.576169E-01   
 7.572000E-01   
 7.567792E-01   
 7.563547E-01   
 7.559263E-01   
 7.554940E-01   
 7.550580E-01   
 7.546182E-01   
 7.541747E-01   
 7.537273E-01   
 7.532763E-01   
 7.528215E-01   
 7.523630E-01   
 7.519008E-01   
 7.514349E-01   
 7.509654E-01   
 7.504922E-01   
 7.500153E-01   
 7.495349E-01   
 7.490508E-01   
 7.485631E-01   
 7.480719E-01   
 7.475771E-01   
 7.470788E-01   
 7.465769E-01   
 7.460715E-01   
 7.455626E-01   
 7.450503E-01   
 7.445345E-01   
 7.440152E-01   
 7.434925E-01   
 7.429664E-01   
 7.424369E-01   
 7.419040E-01   
 7.413678E-01   
 7.408282E-01   
 7.402853E-01   
 7.397390E-01   
 7.391895E-01   
 7.386367E-01   
 7.380807E-01   
 7.375214E-01   
 7.369589E-01   
 7.363932E-01   
 7.358243E-01   
 7.352522E-01   
 7.346770E-01   
 7.340987E-01   
 7.335173E-01   
 7.329328E-01   
 7.323452E-01   
 7.317545E-01   
 7.311608E-01   
 7.305641E-01   
 7.299645E-01   
 7.293618E-01   
 7.287562E-01   
 7.281476E-01   
 7.275362E-01   
 7.269218E-01   
 7.263046E-01   
 7.256845E-01   
 7.250616E-01   
 7.244359E-01   
 7.238074E-01   
 7.231761E-01   
 7.225421E-01   
 7.219053E-01   
 7.212659E-01   
 7.206237E-01   
 7.199789E-01   
 7.193315E-01   
 7.186814E-01   
 7.180287E-01   
 7.173735E-01   
 7.167156E-01   
 7.160553E-01   
 7.153924E-01   
 7.147271E-01   
 7.140593E-01   
 7.133890E-01   
 7.127164E-01   
 7.120413E-01   
 7.113638E-01   
 7.106840E-01   
 7.100019E-01   
 7.093174E-01   
 7.086307E-01   
 7.079417E-01   
 7.072505E-01   
 7.065570E-01   
 7.058614E-01   
 7.051636E-01   
 7.044636E-01   
 7.037616E-01   
 7.030574E-01   
 7.023512E-01   
 7.016429E-01   
 7.009326E-01   
 7.002203E-01   
 6.995060E-01   
 6.987898E-01   
 6.980716E-01   
 6.973516E-01   
 6.966297E-01   
 6.959059E-01   
 6.951803E-01   
 6.944529E-01   
 6.937237E-01   
 6.929928E-01   
 6.922601E-01   
 6.915258E-01   
 6.907897E-01   
 6.900521E-01   
 6.893128E-01   
 6.885719E-01   
 6.878294E-01   
 6.870854E-01   
 6.863399E-01   
 6.855929E-01   
 6.848444E-01   
 6.840945E-01   
 6.833431E-01   
 6.825904E-01   
 6.818363E-01   
 6.810809E-01   
 6.803242E-01   
 6.795662E-01   
 6.788070E-01   
 6.780465E-01   
 6.772848E-01   
 6.765220E-01   
 6.757580E-01   
 6.749929E-01   
 6.742267E-01   
 6.734595E-01   
 6.726912E-01   
 6.719219E-01   
 6.711516E-01   
 6.703804E-01   
 6.696082E-01   
 6.688352E-01   
 6.680613E-01   
 6.672865E-01   
 6.665110E-01   
 6.657347E-01   
 6.649576E-01   
 6.641797E-01   
 6.634012E-01   
 6.626220E-01   
 6.618422E-01   
 6.610618E-01   
 6.602808E-01   
 6.594992E-01   
 6.587171E-01   
 6.579345E-01   
 6.571514E-01   
 6.563679E-01   
 6.555840E-01   
 6.547997E-01   
 6.540150E-01   
 6.532301E-01   
 6.524448E-01   
 6.516593E-01   
 6.508735E-01   
 6.500875E-01   
 6.493014E-01   
 6.485151E-01   
 6.477287E-01   
 6.469422E-01   
 6.461556E-01   
 6.453691E-01   
 6.445825E-01   
 6.437959E-01   
 6.430094E-01   
 6.422230E-01   
 6.414368E-01   
 6.406506E-01   
 6.398647E-01   
 6.390790E-01   
 6.382935E-01   
 6.375082E-01   
 6.367233E-01   
 6.359387E-01   
 6.351545E-01   
 6.343706E-01   
 6.335872E-01   
 6.328043E-01   
 6.320218E-01   
 6.312398E-01   
 6.304584E-01   
 6.296775E-01   
 6.288973E-01   
 6.281176E-01   
 6.273387E-01   
 6.265604E-01   
 6.257829E-01   
 6.250061E-01   
 6.242301E-01   
 6.234549E-01   
 6.226806E-01   
 6.219071E-01   
 6.211346E-01   
 6.203630E-01   
 6.195923E-01   
 6.188227E-01   
 6.180541E-01   
 6.172865E-01   
 6.165200E-01   
 6.157547E-01   
 6.149905E-01   
 6.142275E-01   
 6.134657E-01   
 6.127052E-01   
 6.119459E-01   
 6.111879E-01   
 6.104313E-01   
 6.096760E-01   
 6.089221E-01   
 6.081697E-01   
 6.074187E-01   
 6.066692E-01   
 6.059212E-01   
 6.051748E-01   
 6.044299E-01   
 6.036867E-01   
 6.029451E-01   
 6.022051E-01   
 6.014669E-01   
 6.007304E-01   
 5.999956E-01   
 5.992627E-01   
 5.985315E-01   
 5.978023E-01   
 5.970749E-01   
 5.963494E-01   
 5.956258E-01   
 5.949042E-01   
 5.941846E-01   
 5.934671E-01   
 5.927516E-01   
 5.920382E-01   
 5.913269E-01   
 5.906178E-01   
 5.899109E-01   
 5.892061E-01   
 5.885036E-01   
 5.878034E-01   
 5.871055E-01   
 5.864099E-01   
 5.857166E-01   
 5.850258E-01   
 5.843373E-01   
 5.836513E-01   
 5.829678E-01   
 5.822868E-01   
 5.816083E-01   
 5.809324E-01   
 5.802590E-01   
 5.795883E-01   
 5.789202E-01   
 5.782548E-01   
 5.775921E-01   
 5.769322E-01   
 5.762750E-01   
 5.756205E-01   
 5.749689E-01   
 5.743202E-01   
 5.736743E-01   
 5.730313E-01   
 5.723913E-01   
 5.717542E-01   
 5.711201E-01   
 5.704890E-01   
 5.698609E-01   
 5.692359E-01   
 5.686140E-01   
 5.679953E-01   
 5.673796E-01   
 5.667672E-01   
 5.661579E-01   
 5.655519E-01   
 5.649492E-01   
 5.643497E-01   
 5.637535E-01   
 5.631606E-01   
 5.625712E-01   
 5.619851E-01   
 5.614024E-01   
 5.608231E-01   
 5.602474E-01   
 5.596751E-01   
 5.591063E-01   
 5.585411E-01   
 5.579794E-01   
 5.574213E-01   
 5.568668E-01   
 5.563160E-01   
 5.557688E-01   
 5.552254E-01   
 5.546856E-01   
 5.541496E-01   
 5.536173E-01   
 5.530889E-01   
 5.525642E-01   
 5.520434E-01   
 5.515264E-01   
 5.510133E-01   
 5.505041E-01   
 5.499988E-01   
 5.494975E-01   
 5.490002E-01   
 5.485068E-01   
 5.480175E-01   
 5.475322E-01   
 5.470509E-01   
 5.465738E-01   
 5.461007E-01   
 5.456318E-01   
 5.451670E-01   
 5.447064E-01   
 5.442500E-01   
 5.437977E-01   
 5.433498E-01   
 5.429060E-01   
 5.424666E-01   
 5.420314E-01   
 5.416005E-01   
 5.411740E-01   
 5.407519E-01   
 5.403340E-01   
 5.399206E-01   
 5.395116E-01   
 5.391071E-01   
 5.387069E-01   
 5.383113E-01   
 5.379201E-01   
 5.375334E-01   
 5.371512E-01   
 5.367736E-01   
 5.364006E-01   
 5.360321E-01   
 5.356682E-01   
 5.353089E-01   
 5.349542E-01   
 5.346041E-01   
 5.342587E-01   
 5.339180E-01   
 5.335820E-01   
 5.332507E-01   
 5.329241E-01   
 5.326022E-01   
 5.322851E-01   
 5.319727E-01   
 5.316652E-01   
 5.313624E-01   
 5.310644E-01   
 5.307712E-01   
 5.304829E-01   
 5.301994E-01   
 5.299208E-01   
 5.296471E-01   
 5.293782E-01   
 5.291143E-01   
 5.288552E-01   
 5.286011E-01   
 5.283520E-01   
 5.281077E-01   
 5.278685E-01   
 5.276342E-01   
 5.274048E-01   
 5.271805E-01   
 5.269612E-01   
 5.267469E-01   
 5.265376E-01   
 5.263334E-01   
 5.261342E-01   
 5.259400E-01   
 5.257509E-01   
 5.255669E-01   
 5.253880E-01   
 5.252141E-01   
 5.250454E-01   
 5.248817E-01   
 5.247232E-01   
 5.245698E-01   
 5.244215E-01   
 5.242784E-01   
 5.241404E-01   
 5.240075E-01   
 5.238798E-01   
 5.237572E-01   
 5.236399E-01   
 5.235276E-01   
 5.234206E-01   
 5.233188E-01   
 5.232221E-01   
 5.231306E-01   
 5.230444E-01   
 5.229633E-01   
 5.228874E-01   
 5.228167E-01   
 5.227513E-01   
 5.226910E-01   
 5.226360E-01   
 5.225862E-01   
 5.225416E-01   
 5.225023E-01   
 5.224681E-01   
 5.224392E-01   
 5.224155E-01   
 5.223971E-01   
 5.223839E-01   
 5.223759E-01   
 5.223731E-01   
 5.223756E-01   
 5.223833E-01   
 5.223963E-01   
 5.224144E-01   
 5.224378E-01   
 5.224665E-01   
 5.225003E-01   
 5.225394E-01   
 5.225837E-01   
 5.226333E-01   
 5.226880E-01   
 5.227480E-01   
 5.228132E-01   
 5.228835E-01   
 5.229591E-01   
 5.230399E-01   
 5.231260E-01   
 5.232172E-01   
 5.233135E-01   
 5.234151E-01   
 5.235219E-01   
 5.236338E-01   
 5.237509E-01   
 5.238732E-01   
 5.240006E-01   
 5.241332E-01   
 5.242710E-01   
 5.244138E-01   
 5.245619E-01   
 5.247150E-01   
 5.248733E-01   
 5.250366E-01   
 5.252051E-01   
 5.253787E-01   
 5.255574E-01   
 5.257411E-01   
 5.259299E-01   
 5.261238E-01   
 5.263228E-01   
 5.265267E-01   
 5.267357E-01   
 5.269498E-01   
 5.271688E-01   
 5.273929E-01   
 5.276220E-01   
 5.278560E-01   
 5.280950E-01   
 5.283390E-01   
 5.285879E-01   
 5.288417E-01   
 5.291005E-01   
 5.293642E-01   
 5.296328E-01   
 5.299063E-01   
 5.301846E-01   
 5.304679E-01   
 5.307559E-01   
 5.310488E-01   
 5.313466E-01   
 5.316491E-01   
 5.319564E-01   
 5.322685E-01   
 5.325854E-01   
 5.329070E-01   
 5.332334E-01   
 5.335644E-01   
 5.339002E-01   
 5.342407E-01   
 5.345858E-01   
 5.349356E-01   
 5.352900E-01   
 5.356491E-01   
 5.360128E-01   
 5.363810E-01   
 5.367539E-01   
 5.371312E-01   
 5.375132E-01   
 5.378996E-01   
 5.382905E-01   
 5.386860E-01   
 5.390859E-01   
 5.394902E-01   
 5.398990E-01   
 5.403122E-01   
 5.407297E-01   
 5.411517E-01   
 5.415780E-01   
 5.420086E-01   
 5.424435E-01   
 5.428828E-01   
 5.433263E-01   
 5.437740E-01   
 5.442260E-01   
 5.446822E-01   
 5.451426E-01   
 5.456072E-01   
 5.460759E-01   
 5.465487E-01   
 5.470257E-01   
 5.475067E-01   
 5.479918E-01   
 5.484809E-01   
 5.489741E-01   
 5.494712E-01   
 5.499723E-01   
 5.504774E-01   
 5.509864E-01   
 5.514992E-01   
 5.520160E-01   
 5.525366E-01   
 5.530611E-01   
 5.535894E-01   
 5.541214E-01   
 5.546573E-01   
 5.551968E-01   
 5.557401E-01   
 5.562871E-01   
 5.568377E-01   
 5.573920E-01   
 5.579499E-01   
 5.585114E-01   
 5.590764E-01   
 5.596450E-01   
 5.602171E-01   
 5.607927E-01   
 5.613718E-01   
 5.619543E-01   
 5.625402E-01   
 5.631295E-01   
 5.637222E-01   
 5.643182E-01   
 5.649175E-01   
 5.655201E-01   
 5.661259E-01   
 5.667350E-01   
 5.673473E-01   
 5.679627E-01   
 5.685813E-01   
 5.692031E-01   
 5.698279E-01   
 5.704558E-01   
 5.710867E-01   
 5.717207E-01   
 5.723576E-01   
 5.729975E-01   
 5.736403E-01   
 5.742861E-01   
 5.749347E-01   
 5.755861E-01   
 5.762404E-01   
 5.768974E-01   
 5.775573E-01   
 5.782198E-01   
 5.788851E-01   
 5.795530E-01   
 5.802236E-01   
 5.808968E-01   
 5.815726E-01   
 5.822509E-01   
 5.829318E-01   
 5.836152E-01   
 5.843011E-01   
 5.849894E-01   
 5.856801E-01   
 5.863733E-01   
 5.870687E-01   
 5.877665E-01   
 5.884666E-01   
 5.891690E-01   
 5.898736E-01   
 5.905805E-01   
 5.912895E-01   
 5.920006E-01   
 5.927139E-01   
 5.934293E-01   
 5.941467E-01   
 5.948662E-01   
 5.955877E-01   
 5.963111E-01   
 5.970365E-01   
 5.977638E-01   
 5.984930E-01   
 5.992240E-01   
 5.999569E-01   
 6.006916E-01   
 6.014280E-01   
 6.021661E-01   
 6.029060E-01   
 6.036475E-01   
 6.043907E-01   
 6.051354E-01   
 6.058818E-01   
 6.066297E-01   
 6.073791E-01   
 6.081300E-01   
 6.088824E-01   
 6.096362E-01   
 6.103914E-01   
 6.111479E-01   
 6.119058E-01   
 6.126650E-01   
 6.134255E-01   
 6.141872E-01   
 6.149502E-01   
 6.157143E-01   
 6.164796E-01   
 6.172460E-01   
 6.180135E-01   
 6.187820E-01   
 6.195516E-01   
 6.203222E-01   
 6.210938E-01   
 6.218663E-01   
 6.226397E-01   
 6.234140E-01   
 6.241891E-01   
 6.249650E-01   
 6.257418E-01   
 6.265193E-01   
 6.272975E-01   
 6.280764E-01   
 6.288560E-01   
 6.296362E-01   
 6.304171E-01   
 6.311985E-01   
 6.319804E-01   
 6.327629E-01   
 6.335458E-01   
 6.343292E-01   
 6.351130E-01   
 6.358972E-01   
 6.366818E-01   
 6.374667E-01   
 6.382519E-01   
 6.390374E-01   
 6.398231E-01   
 6.406090E-01   
 6.413951E-01   
 6.421814E-01   
 6.429678E-01   
 6.437543E-01   
 6.445408E-01   
 6.453274E-01   
 6.461140E-01   
 6.469005E-01   
 6.476870E-01   
 6.484734E-01   
 6.492597E-01   
 6.500459E-01   
 6.508319E-01   
 6.516176E-01   
 6.524032E-01   
 6.531884E-01   
 6.539734E-01   
 6.547581E-01   
 6.555424E-01   
 6.563263E-01   
 6.571099E-01   
 6.578929E-01   
 6.586756E-01   
 6.594577E-01   
 6.602393E-01   
 6.610203E-01   
 6.618008E-01   
 6.625806E-01   
 6.633599E-01   
 6.641384E-01   
 6.649163E-01   
 6.656934E-01   
 6.664698E-01   
 6.672453E-01   
 6.680201E-01   
 6.687941E-01   
 6.695672E-01   
 6.703393E-01   
 6.711106E-01   
 6.718809E-01   
 6.726503E-01   
 6.734186E-01   
 6.741859E-01   
 6.749521E-01   
 6.757173E-01   
 6.764813E-01   
 6.772442E-01   
 6.780060E-01   
 6.787665E-01   
 6.795258E-01   
 6.802838E-01   
 6.810406E-01   
 6.817961E-01   
 6.825502E-01   
 6.833030E-01   
 6.840544E-01   
 6.848044E-01   
 6.855530E-01   
 6.863000E-01   
 6.870456E-01   
 6.877897E-01   
 6.885323E-01   
 6.892732E-01   
 6.900126E-01   
 6.907503E-01   
 6.914865E-01   
 6.922209E-01   
 6.929536E-01   
 6.936846E-01   
 6.944139E-01   
 6.951414E-01   
 6.958671E-01   
 6.965909E-01   
 6.973130E-01   
 6.980331E-01   
 6.987513E-01   
 6.994677E-01   
 7.001820E-01   
 7.008944E-01   
 7.016048E-01   
 7.023132E-01   
 7.030196E-01   
 7.037238E-01   
 7.044260E-01   
 7.051260E-01   
 7.058240E-01   
 7.065197E-01   
 7.072132E-01   
 7.079046E-01   
 7.085937E-01   
 7.092805E-01   
 7.099651E-01   
 7.106473E-01   
 7.113273E-01   
 7.120048E-01   
 7.126800E-01   
 7.133528E-01   
 7.140232E-01   
 7.146911E-01   
 7.153566E-01   
 7.160196E-01   
 7.166801E-01   
 7.173380E-01   
 7.179934E-01   
 7.186462E-01   
 7.192964E-01   
 7.199440E-01   
 7.205889E-01   
 7.212312E-01   
 7.218708E-01   
 7.225077E-01   
 7.231418E-01   
 7.237733E-01   
 7.244019E-01   
 7.250278E-01   
 7.256508E-01   
 7.262710E-01   
 7.268884E-01   
 7.275029E-01   
 7.281145E-01   
 7.287232E-01   
 7.293289E-01   
 7.299317E-01   
 7.305316E-01   
 7.311284E-01   
 7.317222E-01   
 7.323130E-01   
 7.329008E-01   
 7.334855E-01   
 7.340671E-01   
 7.346455E-01   
 7.352209E-01   
 7.357931E-01   
 7.363622E-01   
 7.369280E-01   
 7.374907E-01   
 7.380501E-01   
 7.386063E-01   
 7.391593E-01   
 7.397090E-01   
 7.402554E-01   
 7.407985E-01   
 7.413382E-01   
 7.418746E-01   
 7.424077E-01   
 7.429374E-01   
 7.434636E-01   
 7.439865E-01   
 7.445059E-01   
 7.450219E-01   
 7.455345E-01   
 7.460435E-01   
 7.465491E-01   
 7.470511E-01   
 7.475496E-01   
 7.480446E-01   
 7.485360E-01   
 7.490239E-01   
 7.495081E-01   
 7.499887E-01   
 7.504658E-01   
 7.509392E-01   
 7.514089E-01   
 7.518750E-01   
 7.523373E-01   
 7.527960E-01   
 7.532510E-01   
 7.537023E-01   
 7.541498E-01   
 7.545935E-01   
 7.550335E-01   
 7.554697E-01   
 7.559021E-01   
 7.563307E-01   
 7.567555E-01   
 7.571765E-01   
 7.575935E-01   
 7.580068E-01   
 7.584161E-01   
 7.588216E-01   
 7.592231E-01   
 7.596208E-01   
 7.600145E-01   
 7.604043E-01   
 7.607901E-01   
 7.611720E-01   
 7.615499E-01   
 7.619238E-01   
 7.622936E-01   
 7.626595E-01   
 7.630214E-01   
 7.633792E-01   
 7.637330E-01   
 7.640827E-01   
 7.644284E-01   
 7.647700E-01   
 7.651074E-01   
 7.654408E-01   
 7.657701E-01   
 7.660953E-01   
 7.664163E-01   
 7.667332E-01   
 7.670459E-01   
 7.673545E-01   
 7.676589E-01   
 7.679591E-01   
 7.682551E-01   
 7.685470E-01   
 7.688346E-01   
 7.691180E-01   
 7.693972E-01   
 7.696721E-01   
 7.699429E-01   
 7.702093E-01   
 7.704715E-01   
 7.707294E-01   
 7.709831E-01   
 7.712325E-01   
 7.714775E-01   
 7.717183E-01   
 7.719548E-01   
 7.721869E-01   
 7.724148E-01   
 7.726383E-01   
 7.728574E-01   
 7.730723E-01   
 7.732828E-01   
 7.734889E-01   
 7.736906E-01   
 7.738880E-01   
 7.740811E-01   
 7.742697E-01   
 7.744540E-01   
 7.746338E-01   
 7.748093E-01   
 7.749804E-01   
 7.751470E-01   
 7.753092E-01   
 7.754671E-01   
 7.756205E-01   
 7.757694E-01   
 7.759140E-01   
 7.760541E-01   
 7.761897E-01   
 7.763209E-01   
 7.764477E-01   
 7.765700E-01   
 7.766879E-01   
 7.768012E-01   
 7.769102E-01   
 7.770146E-01   
 7.771146E-01   
 7.772101E-01   
 7.773012E-01   
 7.773877E-01   
 7.774698E-01   
 7.775474E-01   
 7.776205E-01   
 7.776891E-01   
 7.777532E-01   
 7.778128E-01   
 7.778680E-01   
 7.779186E-01   
 7.779647E-01   
 7.780064E-01   
 7.780435E-01   
 7.780761E-01   
 7.781042E-01   
 7.781279E-01   
 7.781470E-01   
 7.781616E-01   
 7.781717E-01   
 7.781773E-01   
 7.781784E-01   
 7.781750E-01   
 7.781670E-01   
 7.781546E-01   
 7.781377E-01   
 7.781162E-01   
 7.780903E-01   
 7.780598E-01   
 7.780248E-01   
 7.779854E-01   
 7.779414E-01   
 7.778930E-01   
 7.778400E-01   
 7.777825E-01   
 7.777206E-01   
 7.776541E-01   
 7.775832E-01   
 7.775078E-01   
 7.774279E-01   
 7.773435E-01   
 7.772546E-01   
 7.771612E-01   
 7.770634E-01   
 7.769611E-01   
 7.768543E-01   
 7.767431E-01   
 7.766274E-01   
 7.765072E-01   
 7.763826E-01   
 7.762535E-01   
 7.761200E-01   
 7.759820E-01   
 7.758396E-01   
 7.756928E-01   
 7.755415E-01   
 7.753859E-01   
 7.752257E-01   
 7.750612E-01   
 7.748923E-01   
 7.747189E-01   
 7.745412E-01   
 7.743591E-01   
 7.741725E-01   
 7.739816E-01   
 7.737863E-01   
 7.735867E-01   
 7.733826E-01   
 7.731743E-01   
 7.729615E-01   
 7.727445E-01   
 7.725230E-01   
 7.722973E-01   
 7.720672E-01   
 7.718328E-01   
 7.715941E-01   
 7.713511E-01   
 7.711038E-01   
 7.708522E-01   
 7.705964E-01   
 7.703362E-01   
 7.700718E-01   
 7.698032E-01   
 7.695303E-01   
 7.692531E-01   
 7.689717E-01   
 7.686861E-01   
 7.683963E-01   
 7.681023E-01   
 7.678041E-01   
 7.675017E-01   
 7.671952E-01   
 7.668844E-01   
 7.665696E-01   
 7.662505E-01   
 7.659274E-01   
 7.656001E-01   
 7.652686E-01   
 7.649331E-01   
 7.645935E-01   
 7.642498E-01   
 7.639021E-01   
 7.635502E-01   
 7.631944E-01   
 7.628344E-01   
 7.624705E-01   
 7.621025E-01   
 7.617306E-01   
 7.613546E-01   
 7.609746E-01   
 7.605907E-01   
 7.602029E-01   
 7.598110E-01   
 7.594153E-01   
 7.590156E-01   
 7.586120E-01   
 7.582045E-01   
 7.577932E-01   
 7.573779E-01   
 7.569589E-01   
 7.565359E-01   
 7.561092E-01   
 7.556786E-01   
 7.552442E-01   
 7.548060E-01   
 7.543641E-01   
 7.539184E-01   
 7.534689E-01   
 7.530157E-01   
 7.525588E-01   
 7.520982E-01   
 7.516339E-01   
 7.511659E-01   
 7.506943E-01   
 7.502190E-01   
 7.497401E-01   
 7.492576E-01   
 7.487715E-01   
 7.482818E-01   
 7.477885E-01   
 7.472917E-01   
 7.467914E-01   
 7.462875E-01   
 7.457801E-01   
 7.452693E-01   
 7.447549E-01   
 7.442371E-01   
 7.437159E-01   
 7.431913E-01   
 7.426632E-01   
 7.421318E-01   
 7.415970E-01   
 7.410589E-01   
 7.405174E-01   
 7.399726E-01   
 7.394245E-01   
 7.388731E-01   
 7.383185E-01   
 7.377606E-01   
 7.371994E-01   
 7.366351E-01   
 7.360676E-01   
 7.354969E-01   
 7.349231E-01   
 7.343461E-01   
 7.337660E-01   
 7.331828E-01   
 7.325965E-01   
 7.320072E-01   
 7.314148E-01   
 7.308194E-01   
 7.302210E-01   
 7.296196E-01   
 7.290153E-01   
 7.284080E-01   
 7.277978E-01   
 7.271847E-01   
 7.265687E-01   
 7.259499E-01   
 7.253282E-01   
 7.247037E-01   
 7.240764E-01   
 7.234463E-01   
 7.228135E-01   
 7.221779E-01   
 7.215396E-01   
 7.208986E-01   
 7.202549E-01   
 7.196086E-01   
 7.189597E-01   
 7.183081E-01   
 7.176540E-01   
 7.169973E-01   
 7.163380E-01   
 7.156762E-01   
 7.150120E-01   
 7.143452E-01   
 7.136760E-01   
 7.130044E-01   
 7.123303E-01   
 7.116539E-01   
 7.109751E-01   
 7.102940E-01   
 7.096105E-01   
 7.089248E-01   
 7.082368E-01   
 7.075465E-01   
 7.068540E-01   
 7.061593E-01   
 7.054624E-01   
 7.047634E-01   
 7.040623E-01   
 7.033590E-01   
 7.026537E-01   
 7.019463E-01   
 7.012369E-01   
 7.005254E-01   
 6.998120E-01   
 6.990966E-01   
 6.983793E-01   
 6.976601E-01   
 6.969389E-01   
 6.962160E-01   
 6.954911E-01   
 6.947645E-01   
 6.940361E-01   
 6.933059E-01   
 6.925740E-01   
 6.918404E-01   
 6.911051E-01   
 6.903681E-01   
 6.896296E-01   
 6.888894E-01   
 6.881476E-01   
 6.874042E-01   
 6.866594E-01   
 6.859130E-01   
 6.851652E-01   
 6.844159E-01   
 6.836651E-01   
 6.829130E-01   
 6.821595E-01   
 6.814047E-01   
 6.806485E-01   
 6.798911E-01   
 6.791324E-01   
 6.783725E-01   
 6.776113E-01   
 6.768490E-01   
 6.760855E-01   
 6.753209E-01   
 6.745551E-01   
 6.737884E-01   
 6.730205E-01   
 6.722517E-01   
 6.714818E-01   
 6.707110E-01   
 6.699393E-01   
 6.691666E-01   
 6.683931E-01   
 6.676187E-01   
 6.668435E-01   
 6.660675E-01   
 6.652907E-01   
 6.645132E-01   
 6.637350E-01   
 6.629561E-01   
 6.621766E-01   
 6.613964E-01   
 6.606157E-01   
 6.598343E-01   
 6.590525E-01   
 6.582701E-01   
 6.574872E-01   
 6.567039E-01   
 6.559202E-01   
 6.551360E-01   
 6.543515E-01   
 6.535667E-01   
 6.527816E-01   
 6.519962E-01   
 6.512105E-01   
 6.504246E-01   
 6.496386E-01   
 6.488524E-01   
 6.480660E-01   
 6.472795E-01   
 6.464930E-01   
 6.457065E-01   
 6.449199E-01   
 6.441333E-01   
 6.433468E-01   
 6.425604E-01   
 6.417741E-01   
 6.409879E-01   
 6.402018E-01   
 6.394160E-01   
 6.386304E-01   
 6.378451E-01   
 6.370600E-01   
 6.362753E-01   
 6.354909E-01   
 6.347069E-01   
 6.339233E-01   
 6.331402E-01   
 6.323575E-01   
 6.315753E-01   
 6.307936E-01   
 6.300125E-01   
 6.292320E-01   
 6.284521E-01   
 6.276729E-01   
 6.268944E-01   
 6.261165E-01   
 6.253394E-01   
 6.245631E-01   
 6.237876E-01   
 6.230129E-01   
 6.222390E-01   
 6.214661E-01   
 6.206941E-01   
 6.199230E-01   
 6.191530E-01   
 6.183839E-01   
 6.176159E-01   
 6.168490E-01   
 6.160832E-01   
 6.153185E-01   
 6.145550E-01   
 6.137927E-01   
 6.130316E-01   
 6.122718E-01   
 6.115133E-01   
 6.107561E-01   
 6.100002E-01   
 6.092457E-01   
 6.084927E-01   
 6.077411E-01   
 6.069909E-01   
 6.062423E-01   
 6.054952E-01   
 6.047497E-01   
 6.040057E-01   
 6.032634E-01   
 6.025228E-01   
 6.017838E-01   
 6.010466E-01   
 6.003111E-01   
 5.995774E-01   
 5.988454E-01   
 5.981154E-01   
 5.973872E-01   
 5.966609E-01   
 5.959365E-01   
 5.952140E-01   
 5.944936E-01   
 5.937752E-01   
 5.930588E-01   
 5.923445E-01   
 5.916324E-01   
 5.909223E-01   
 5.902144E-01   
 5.895088E-01   
 5.888053E-01   
 5.881041E-01   
 5.874052E-01   
 5.867086E-01   
 5.860144E-01   
 5.853225E-01   
 5.846330E-01   
 5.839460E-01   
 5.832614E-01   
 5.825793E-01   
 5.818997E-01   
 5.812227E-01   
 5.805482E-01   
 5.798764E-01   
 5.792072E-01   
 5.785406E-01   
 5.778768E-01   
 5.772156E-01   
 5.765573E-01   
 5.759017E-01   
 5.752489E-01   
 5.745989E-01   
 5.739518E-01   
 5.733076E-01   
 5.726663E-01   
 5.720279E-01   
 5.713925E-01   
 5.707601E-01   
 5.701308E-01   
 5.695045E-01   
 5.688812E-01   
 5.682611E-01   
 5.676442E-01   
 5.670303E-01   
 5.664197E-01   
 5.658123E-01   
 5.652082E-01   
 5.646073E-01   
 5.640097E-01   
 5.634154E-01   
 5.628245E-01   
 5.622369E-01   
 5.616528E-01   
 5.610721E-01   
 5.604948E-01   
 5.599210E-01   
 5.593507E-01   
 5.587840E-01   
 5.582208E-01   
 5.576612E-01   
 5.571052E-01   
 5.565528E-01   
 5.560040E-01   
 5.554590E-01   
 5.549176E-01   
 5.543800E-01   
 5.538461E-01   
 5.533160E-01   
 5.527897E-01   
 5.522673E-01   
 5.517486E-01   
 5.512339E-01   
 5.507230E-01   
 5.502161E-01   
 5.497131E-01   
 5.492140E-01   
 5.487189E-01   
 5.482279E-01   
 5.477408E-01   
 5.472579E-01   
 5.467790E-01   
 5.463041E-01   
 5.458334E-01   
 5.453669E-01   
 5.449045E-01   
 5.444463E-01   
 5.439923E-01   
 5.435425E-01   
 5.430969E-01   
 5.426556E-01   
 5.422186E-01   
 5.417859E-01   
 5.413575E-01   
 5.409335E-01   
 5.405138E-01   
 5.400985E-01   
 5.396876E-01   
 5.392811E-01   
 5.388791E-01   
 5.384815E-01   
 5.380884E-01   
 5.376998E-01   
 5.373157E-01   
 5.369362E-01   
 5.365611E-01   
 5.361907E-01   
 5.358248E-01   
 5.354635E-01   
 5.351069E-01   
 5.347548E-01   
 5.344075E-01   
 5.340647E-01   
 5.337267E-01   
 5.333934E-01   
 5.330647E-01   
 5.327408E-01   
 5.324217E-01   
 5.321073E-01   
 5.317976E-01   
 5.314928E-01   
 5.311928E-01   
 5.308975E-01   
 5.306071E-01   
 5.303216E-01   
 5.300409E-01   
 5.297651E-01   
 5.294941E-01   
 5.292281E-01   
 5.289669E-01   
 5.287107E-01   
 5.284594E-01   
 5.282130E-01   
 5.279716E-01   
 5.277352E-01   
 5.275038E-01   
 5.272773E-01   
 5.270558E-01   
 5.268394E-01   
 5.266279E-01   
 5.264215E-01   
 5.262202E-01   
 5.260238E-01   
 5.258326E-01   
 5.256464E-01   
 5.254653E-01   
 5.252892E-01   
 5.251183E-01   
 5.249525E-01   
 5.247918E-01   
 5.246361E-01   
 5.244857E-01   
 5.243403E-01   
 5.242001E-01   
 5.240650E-01   
 5.239351E-01   
 5.238103E-01   
 5.236907E-01   
 5.235763E-01   
 5.234671E-01   
 5.233630E-01   
 5.232641E-01   
 5.231704E-01   
 5.230819E-01   
 5.229986E-01   
 5.229205E-01   
 5.228476E-01   
 5.227799E-01   
 5.227174E-01   
 5.226601E-01   
 5.226081E-01   
 5.225613E-01   
 5.225197E-01   
 5.224833E-01   
 5.224521E-01   
 5.224262E-01   
 5.224055E-01   
 5.223900E-01   
 5.223798E-01   
 5.223748E-01   
 5.223750E-01   
 5.223805E-01   
 5.223912E-01   
 5.224071E-01   
 5.224283E-01   
 5.224547E-01   
 5.224863E-01   
 5.225231E-01   
 5.225652E-01   
 5.226125E-01   
 5.226650E-01   
 5.227227E-01   
 5.227857E-01   
 5.228538E-01   
 5.229272E-01   
 5.230057E-01   
 5.230895E-01   
 5.231785E-01   
 5.232726E-01   
 5.233720E-01   
 5.234765E-01   
 5.235862E-01   
 5.237011E-01   
 5.238212E-01   
 5.239464E-01   
 5.240768E-01   
 5.242123E-01   
 5.243530E-01   
 5.244988E-01   
 5.246497E-01   
 5.248058E-01   
 5.249670E-01   
 5.251333E-01   
 5.253046E-01   
 5.254811E-01   
 5.256627E-01   
 5.258493E-01   
 5.260410E-01   
 5.262378E-01   
 5.264396E-01   
 5.266465E-01   
 5.268583E-01   
 5.270752E-01   
 5.272972E-01   
 5.275241E-01   
 5.277560E-01   
 5.279928E-01   
 5.282347E-01   
 5.284815E-01   
 5.287332E-01   
 5.289899E-01   
 5.292514E-01   
 5.295179E-01   
 5.297893E-01   
 5.300656E-01   
 5.303467E-01   
 5.306327E-01   
 5.309235E-01   
 5.312192E-01   
 5.315196E-01   
 5.318249E-01   
 5.321349E-01   
 5.324498E-01   
 5.327693E-01   
 5.330937E-01   
 5.334227E-01   
 5.337565E-01   
 5.340949E-01   
 5.344380E-01   
 5.347858E-01   
 5.351383E-01   
 5.354953E-01   
 5.358570E-01   
 5.362233E-01   
 5.365942E-01   
 5.369696E-01   
 5.373496E-01   
 5.377341E-01   
 5.381231E-01   
 5.385166E-01   
 5.389145E-01   
 5.393170E-01   
 5.397238E-01   
 5.401351E-01   
 5.405508E-01   
 5.409709E-01   
 5.413953E-01   
 5.418241E-01   
 5.422571E-01   
 5.426945E-01   
 5.431362E-01   
 5.435821E-01   
 5.440323E-01   
 5.444867E-01   
 5.449453E-01   
 5.454081E-01   
 5.458750E-01   
 5.463460E-01   
 5.468212E-01   
 5.473005E-01   
 5.477838E-01   
 5.482712E-01   
 5.487626E-01   
 5.492581E-01   
 5.497575E-01   
 5.502608E-01   
 5.507681E-01   
 5.512793E-01   
 5.517944E-01   
 5.523134E-01   
 5.528362E-01   
 5.533629E-01   
 5.538933E-01   
 5.544275E-01   
 5.549654E-01   
 5.555071E-01   
 5.560525E-01   
 5.566016E-01   
 5.571543E-01   
 5.577106E-01   
 5.582705E-01   
 5.588341E-01   
 5.594011E-01   
 5.599717E-01   
 5.605458E-01   
 5.611234E-01   
 5.617044E-01   
 5.622889E-01   
 5.628767E-01   
 5.634679E-01   
 5.640625E-01   
 5.646604E-01   
 5.652615E-01   
 5.658660E-01   
 5.664737E-01   
 5.670846E-01   
 5.676987E-01   
 5.683159E-01   
 5.689363E-01   
 5.695598E-01   
 5.701864E-01   
 5.708160E-01   
 5.714487E-01   
 5.720843E-01   
 5.727229E-01   
 5.733645E-01   
 5.740090E-01   
 5.746563E-01   
 5.753066E-01   
 5.759596E-01   
 5.766155E-01   
 5.772741E-01   
 5.779355E-01   
 5.785996E-01   
 5.792663E-01   
 5.799358E-01   
 5.806079E-01   
 5.812825E-01   
 5.819598E-01   
 5.826396E-01   
 5.833219E-01   
 5.840067E-01   
 5.846940E-01   
 5.853836E-01   
 5.860757E-01   
 5.867702E-01   
 5.874670E-01   
 5.881661E-01   
 5.888675E-01   
 5.895712E-01   
 5.902770E-01   
 5.909851E-01   
 5.916953E-01   
 5.924077E-01   
 5.931222E-01   
 5.938387E-01   
 5.945573E-01   
 5.952779E-01   
 5.960005E-01   
 5.967251E-01   
 5.974515E-01   
 5.981799E-01   
 5.989102E-01   
 5.996422E-01   
 6.003761E-01   
 6.011118E-01   
 6.018492E-01   
 6.025883E-01   
 6.033291E-01   
 6.040715E-01   
 6.048156E-01   
 6.055613E-01   
 6.063085E-01   
 6.070573E-01   
 6.078075E-01   
 6.085593E-01   
 6.093124E-01   
 6.100670E-01   
 6.108230E-01   
 6.115803E-01   
 6.123390E-01   
 6.130989E-01   
 6.138601E-01   
 6.146225E-01   
 6.153861E-01   
 6.161509E-01   
 6.169168E-01   
 6.176838E-01   
 6.184519E-01   
 6.192210E-01   
 6.199912E-01   
 6.207623E-01   
 6.215344E-01   
 6.223074E-01   
 6.230813E-01   
 6.238561E-01   
 6.246317E-01   
 6.254081E-01   
 6.261853E-01   
 6.269632E-01   
 6.277418E-01   
 6.285211E-01   
 6.293010E-01   
 6.300816E-01   
 6.308627E-01   
 6.316444E-01   
 6.324267E-01   
 6.332094E-01   
 6.339926E-01   
 6.347762E-01   
 6.355602E-01   
 6.363447E-01   
 6.371294E-01   
 6.379145E-01   
 6.386998E-01   
 6.394855E-01   
 6.402713E-01   
 6.410573E-01   
 6.418435E-01   
 6.426298E-01   
 6.434163E-01   
 6.442028E-01   
 6.449894E-01   
 6.457759E-01   
 6.465625E-01   
 6.473490E-01   
 6.481354E-01   
 6.489218E-01   
 6.497080E-01   
 6.504940E-01   
 6.512799E-01   
 6.520655E-01   
 6.528509E-01   
 6.536360E-01   
 6.544208E-01   
 6.552053E-01   
 6.559893E-01   
 6.567730E-01   
 6.575563E-01   
 6.583391E-01   
 6.591215E-01   
 6.599033E-01   
 6.606846E-01   
 6.614653E-01   
 6.622454E-01   
 6.630249E-01   
 6.638037E-01   
 6.645818E-01   
 6.653593E-01   
 6.661359E-01   
 6.669119E-01   
 6.676870E-01   
 6.684613E-01   
 6.692347E-01   
 6.700073E-01   
 6.707790E-01   
 6.715497E-01   
 6.723194E-01   
 6.730882E-01   
 6.738559E-01   
 6.746226E-01   
 6.753882E-01   
 6.761528E-01   
 6.769161E-01   
 6.776784E-01   
 6.784394E-01   
 6.791992E-01   
 6.799578E-01   
 6.807151E-01   
 6.814712E-01   
 6.822259E-01   
 6.829792E-01   
 6.837312E-01   
 6.844818E-01   
 6.852310E-01   
 6.859787E-01   
 6.867249E-01   
 6.874696E-01   
 6.882128E-01   
 6.889545E-01   
 6.896945E-01   
 6.904330E-01   
 6.911698E-01   
 6.919049E-01   
 6.926384E-01   
 6.933701E-01   
 6.941001E-01   
 6.948284E-01   
 6.955548E-01   
 6.962795E-01   
 6.970023E-01   
 6.977232E-01   
 6.984423E-01   
 6.991594E-01   
 6.998746E-01   
 7.005879E-01   
 7.012991E-01   
 7.020084E-01   
 7.027156E-01   
 7.034207E-01   
 7.041238E-01   
 7.048247E-01   
 7.055236E-01   
 7.062202E-01   
 7.069147E-01   
 7.076070E-01   
 7.082971E-01   
 7.089849E-01   
 7.096704E-01   
 7.103536E-01   
 7.110346E-01   
 7.117131E-01   
 7.123894E-01   
 7.130632E-01   
 7.137346E-01   
 7.144036E-01   
 7.150701E-01   
 7.157341E-01   
 7.163957E-01   
 7.170547E-01   
 7.177112E-01   
 7.183651E-01   
 7.190164E-01   
 7.196651E-01   
 7.203112E-01   
 7.209546E-01   
 7.215953E-01   
 7.222334E-01   
 7.228687E-01   
 7.235013E-01   
 7.241311E-01   
 7.247582E-01   
 7.253824E-01   
 7.260039E-01   
 7.266224E-01   
 7.272382E-01   
 7.278510E-01   
 7.284609E-01   
 7.290679E-01   
 7.296720E-01   
 7.302731E-01   
 7.308712E-01   
 7.314664E-01   
 7.320585E-01   
 7.326475E-01   
 7.332335E-01   
 7.338164E-01   
 7.343962E-01   
 7.349729E-01   
 7.355465E-01   
 7.361169E-01   
 7.366841E-01   
 7.372481E-01   
 7.378090E-01   
 7.383666E-01   
 7.389209E-01   
 7.394720E-01   
 7.400198E-01   
 7.405643E-01   
 7.411055E-01   
 7.416433E-01   
 7.421778E-01   
 7.427089E-01   
 7.432367E-01   
 7.437610E-01   
 7.442819E-01   
 7.447994E-01   
 7.453134E-01   
 7.458239E-01   
 7.463310E-01   
 7.468345E-01   
 7.473346E-01   
 7.478311E-01   
 7.483240E-01   
 7.488134E-01   
 7.492992E-01   
 7.497813E-01   
 7.502599E-01   
 7.507349E-01   
 7.512062E-01   
 7.516738E-01   
 7.521378E-01   
 7.525980E-01   
 7.530546E-01   
 7.535074E-01   
 7.539566E-01   
 7.544019E-01   
 7.548435E-01   
 7.552814E-01   
 7.557154E-01   
 7.561456E-01   
 7.565720E-01   
 7.569946E-01   
 7.574134E-01   
 7.578283E-01   
 7.582393E-01   
 7.586464E-01   
 7.590496E-01   
 7.594489E-01   
 7.598444E-01   
 7.602358E-01   
 7.606233E-01   
 7.610069E-01   
 7.613865E-01   
 7.617621E-01   
 7.621337E-01   
 7.625013E-01   
 7.628649E-01   
 7.632245E-01   
 7.635800E-01   
 7.639314E-01   
 7.642788E-01   
 7.646222E-01   
 7.649614E-01   
 7.652965E-01   
 7.656276E-01   
 7.659545E-01   
 7.662773E-01   
 7.665960E-01   
 7.669105E-01   
 7.672208E-01   
 7.675270E-01   
 7.678290E-01   
 7.681269E-01   
 7.684205E-01   
 7.687099E-01   
 7.689952E-01   
 7.692762E-01   
 7.695529E-01   
 7.698254E-01   
 7.700937E-01   
 7.703577E-01   
 7.706175E-01   
 7.708730E-01   
 7.711242E-01   
 7.713711E-01   
 7.716137E-01   
 7.718521E-01   
 7.720861E-01   
 7.723158E-01   
 7.725411E-01   
 7.727621E-01   
 7.729788E-01   
 7.731912E-01   
 7.733992E-01   
 7.736028E-01   
 7.738021E-01   
 7.739970E-01   
 7.741875E-01   
 7.743736E-01   
 7.745554E-01   
 7.747327E-01   
 7.749057E-01   
 7.750742E-01   
 7.752384E-01   
 7.753981E-01   
 7.755534E-01   
 7.757043E-01   
 7.758507E-01   
 7.759927E-01   
 7.761303E-01   
 7.762634E-01   
 7.763921E-01   
 7.765163E-01   
 7.766361E-01   
 7.767514E-01   
 7.768622E-01   
 7.769686E-01   
 7.770705E-01   
 7.771679E-01   
 7.772609E-01   
 7.773494E-01   
 7.774334E-01   
 7.775129E-01   
 7.775879E-01   
 7.776585E-01   
 7.777245E-01   
 7.777861E-01   
 7.778431E-01   
 7.778957E-01   
 7.779438E-01   
 7.779873E-01   
 7.780264E-01   
 7.780610E-01   
 7.780910E-01   
 7.781166E-01   
 7.781376E-01   
 7.781542E-01   
 7.781662E-01   
 7.781737E-01   
 7.781767E-01   
 7.781753E-01   
 7.781693E-01   
 7.781588E-01   
 7.781438E-01   
 7.781243E-01   
 7.781002E-01   
 7.780717E-01   
 7.780387E-01   
 7.780012E-01   
 7.779591E-01   
 7.779126E-01   
 7.778616E-01   
 7.778060E-01   
 7.777460E-01   
 7.776815E-01   
 7.776125E-01   
 7.775390E-01   
 7.774610E-01   
 7.773785E-01   
 7.772916E-01   
 7.772002E-01   
 7.771042E-01   
 7.770039E-01   
 7.768990E-01   
 7.767897E-01   
 7.766759E-01   
 7.765576E-01   
 7.764349E-01   
 7.763078E-01   
 7.761762E-01   
 7.760401E-01   
 7.758996E-01   
 7.757547E-01   
 7.756053E-01   
 7.754516E-01   
 7.752933E-01   
 7.751307E-01   
 7.749637E-01   
 7.747922E-01   
 7.746164E-01   
 7.744361E-01   
 7.742515E-01   
 7.740624E-01   
 7.738690E-01   
 7.736713E-01   
 7.734691E-01   
 7.732626E-01   
 7.730517E-01   
 7.728365E-01   
 7.726170E-01   
 7.723931E-01   
 7.721649E-01   
 7.719323E-01   
 7.716955E-01   
 7.714543E-01   
 7.712089E-01   
 7.709591E-01   
 7.707051E-01   
 7.704468E-01   
 7.701842E-01   
 7.699174E-01   
 7.696463E-01   
 7.693710E-01   
 7.690914E-01   
 7.688077E-01   
 7.685197E-01   
 7.682275E-01   
 7.679311E-01   
 7.676305E-01   
 7.673257E-01   
 7.670168E-01   
 7.667037E-01   
 7.663864E-01   
 7.660650E-01   
 7.657395E-01   
 7.654099E-01   
 7.650761E-01   
 7.647383E-01   
 7.643963E-01   
 7.640503E-01   
 7.637002E-01   
 7.633461E-01   
 7.629879E-01   
 7.626257E-01   
 7.622594E-01   
 7.618892E-01   
 7.615149E-01   
 7.611367E-01   
 7.607545E-01   
 7.603683E-01   
 7.599782E-01   
 7.595841E-01   
 7.591862E-01   
 7.587842E-01   
 7.583784E-01   
 7.579688E-01   
 7.575552E-01   
 7.571378E-01   
 7.567165E-01   
 7.562914E-01   
 7.558624E-01   
 7.554297E-01   
 7.549931E-01   
 7.545528E-01   
 7.541087E-01   
 7.536609E-01   
 7.532093E-01   
 7.527540E-01   
 7.522950E-01   
 7.518323E-01   
 7.513659E-01   
 7.508958E-01   
 7.504221E-01   
 7.499448E-01   
 7.494638E-01   
 7.489793E-01   
 7.484911E-01   
 7.479994E-01   
 7.475041E-01   
 7.470053E-01   
 7.465029E-01   
 7.459971E-01   
 7.454877E-01   
 7.449749E-01   
 7.444586E-01   
 7.439388E-01   
 7.434157E-01   
 7.428891E-01   
 7.423591E-01   
 7.418258E-01   
 7.412891E-01   
 7.407490E-01   
 7.402056E-01   
 7.396590E-01   
 7.391090E-01   
 7.385557E-01   
 7.379992E-01   
 7.374395E-01   
 7.368766E-01   
 7.363104E-01   
 7.357411E-01   
 7.351686E-01   
 7.345930E-01   
 7.340142E-01   
 7.334324E-01   
 7.328474E-01   
 7.322594E-01   
 7.316683E-01   
 7.310742E-01   
 7.304771E-01   
 7.298770E-01   
 7.292740E-01   
 7.286680E-01   
 7.280590E-01   
 7.274472E-01   
 7.268324E-01   
 7.262148E-01   
 7.255944E-01   
 7.249711E-01   
 7.243450E-01   
 7.237161E-01   
 7.230844E-01   
 7.224500E-01   
 7.218129E-01   
 7.211731E-01   
 7.205305E-01   
 7.198854E-01   
 7.192376E-01   
 7.185871E-01   
 7.179341E-01   
 7.172785E-01   
 7.166203E-01   
 7.159596E-01   
 7.152965E-01   
 7.146308E-01   
 7.139626E-01   
 7.132920E-01   
 7.126190E-01   
 7.119436E-01   
 7.112659E-01   
 7.105857E-01   
 7.099033E-01   
 7.092185E-01   
 7.085315E-01   
 7.078422E-01   
 7.071507E-01   
 7.064569E-01   
 7.057610E-01   
 7.050629E-01   
 7.043627E-01   
 7.036603E-01   
 7.029559E-01   
 7.022494E-01   
 7.015408E-01   
 7.008302E-01   
 7.001177E-01   
 6.994031E-01   
 6.986867E-01   
 6.979683E-01   
 6.972480E-01   
 6.965258E-01   
 6.958018E-01   
 6.950759E-01   
 6.943483E-01   
 6.936189E-01   
 6.928877E-01   
 6.921548E-01   
 6.914202E-01   
 6.906840E-01   
 6.899461E-01   
 6.892066E-01   
 6.884655E-01   
 6.877228E-01   
 6.869786E-01   
 6.862329E-01   
 6.854857E-01   
 6.847370E-01   
 6.839869E-01   
 6.832354E-01   
 6.824825E-01   
 6.817283E-01   
 6.809727E-01   
 6.802158E-01   
 6.794577E-01   
 6.786983E-01   
 6.779376E-01   
 6.771758E-01   
 6.764128E-01   
 6.756487E-01   
 6.748835E-01   
 6.741171E-01   
 6.733497E-01   
 6.725813E-01   
 6.718119E-01   
 6.710415E-01   
 6.702702E-01   
 6.694979E-01   
 6.687248E-01   
 6.679508E-01   
 6.671759E-01   
 6.664003E-01   
 6.656239E-01   
 6.648467E-01   
 6.640688E-01   
 6.632902E-01   
 6.625109E-01   
 6.617310E-01   
 6.609505E-01   
 6.601694E-01   
 6.593878E-01   
 6.586056E-01   
 6.578230E-01   
 6.570399E-01   
 6.562563E-01   
 6.554724E-01   
 6.546880E-01   
 6.539034E-01   
 6.531184E-01   
 6.523331E-01   
 6.515475E-01   
 6.507618E-01   
 6.499758E-01   
 6.491896E-01   
 6.484033E-01   
 6.476169E-01   
 6.468304E-01   
 6.460439E-01   
 6.452573E-01   
 6.444708E-01   
 6.436842E-01   
 6.428978E-01   
 6.421114E-01   
 6.413252E-01   
 6.405391E-01   
 6.397532E-01   
 6.389675E-01   
 6.381821E-01   
 6.373969E-01   
 6.366120E-01   
 6.358275E-01   
 6.350433E-01   
 6.342596E-01   
 6.334762E-01   
 6.326933E-01   
 6.319109E-01   
 6.311291E-01   
 6.303477E-01   
 6.295670E-01   
 6.287868E-01   
 6.280073E-01   
 6.272285E-01   
 6.264503E-01   
 6.256729E-01   
 6.248963E-01   
 6.241204E-01   
 6.233453E-01   
 6.225711E-01   
 6.217978E-01   
 6.210254E-01   
 6.202540E-01   
 6.194835E-01   
 6.187140E-01   
 6.179456E-01   
 6.171782E-01   
 6.164119E-01   
 6.156467E-01   
 6.148827E-01   
 6.141199E-01   
 6.133583E-01   
 6.125979E-01   
 6.118389E-01   
 6.110811E-01   
 6.103247E-01   
 6.095696E-01   
 6.088160E-01   
 6.080637E-01   
 6.073130E-01   
 6.065637E-01   
 6.058159E-01   
 6.050698E-01   
 6.043251E-01   
 6.035821E-01   
 6.028408E-01   
 6.021011E-01   
 6.013631E-01   
 6.006269E-01   
 5.998924E-01   
 5.991597E-01   
 5.984288E-01   
 5.976998E-01   
 5.969727E-01   
 5.962475E-01   
 5.955243E-01   
 5.948030E-01   
 5.940837E-01   
 5.933665E-01   
 5.926513E-01   
 5.919382E-01   
 5.912272E-01   
 5.905184E-01   
 5.898118E-01   
 5.891074E-01   
 5.884052E-01   
 5.877054E-01   
 5.870078E-01   
 5.863125E-01   
 5.856196E-01   
 5.849291E-01   
 5.842410E-01   
 5.835554E-01   
 5.828722E-01   
 5.821916E-01   
 5.815135E-01   
 5.808379E-01   
 5.801650E-01   
 5.794946E-01   
 5.788270E-01   
 5.781619E-01   
 5.774997E-01   
 5.768401E-01   
 5.761833E-01   
 5.755293E-01   
 5.748781E-01   
 5.742298E-01   
 5.735843E-01   
 5.729418E-01   
 5.723022E-01   
 5.716655E-01   
 5.710318E-01   
 5.704012E-01   
 5.697736E-01   
 5.691490E-01   
 5.685276E-01   
 5.679093E-01   
 5.672941E-01   
 5.666821E-01   
 5.660733E-01   
 5.654678E-01   
 5.648655E-01   
 5.642665E-01   
 5.636708E-01   
 5.630784E-01   
 5.624894E-01   
 5.619038E-01   
 5.613217E-01   
 5.607429E-01   
 5.601676E-01   
 5.595958E-01   
 5.590276E-01   
 5.584629E-01   
 5.579017E-01   
 5.573442E-01   
 5.567902E-01   
 5.562399E-01   
 5.556933E-01   
 5.551503E-01   
 5.546111E-01   
 5.540756E-01   
 5.535439E-01   
 5.530160E-01   
 5.524919E-01   
 5.519716E-01   
 5.514552E-01   
 5.509427E-01   
 5.504340E-01   
 5.499293E-01   
 5.494286E-01   
 5.489318E-01   
 5.484390E-01   
 5.479503E-01   
 5.474656E-01   
 5.469849E-01   
 5.465083E-01   
 5.460359E-01   
 5.455675E-01   
 5.451034E-01   
 5.446433E-01   
 5.441875E-01   
 5.437359E-01   
 5.432885E-01   
 5.428454E-01   
 5.424066E-01   
 5.419720E-01   
 5.415418E-01   
 5.411159E-01   
 5.406944E-01   
 5.402772E-01   
 5.398644E-01   
 5.394560E-01   
 5.390521E-01   
 5.386526E-01   
 5.382576E-01   
 5.378670E-01   
 5.374810E-01   
 5.370995E-01   
 5.367225E-01   
 5.363501E-01   
 5.359823E-01   
 5.356190E-01   
 5.352604E-01   
 5.349064E-01   
 5.345570E-01   
 5.342123E-01   
 5.338722E-01   
 5.335369E-01   
 5.332062E-01   
 5.328803E-01   
 5.325591E-01   
 5.322427E-01   
 5.319310E-01   
 5.316241E-01   
 5.313220E-01   
 5.310247E-01   
 5.307322E-01   
 5.304446E-01   
 5.301618E-01   
 5.298839E-01   
 5.296109E-01   
 5.293427E-01   
 5.290795E-01   
 5.288211E-01   
 5.285677E-01   
 5.283192E-01   
 5.280757E-01   
 5.278372E-01   
 5.276036E-01   
 5.273750E-01   
 5.271514E-01   
 5.269328E-01   
 5.267192E-01   
 5.265106E-01   
 5.263071E-01   
 5.261086E-01   
 5.259152E-01   
 5.257268E-01   
 5.255435E-01   
 5.253653E-01   
 5.251922E-01   
 5.250241E-01   
 5.248612E-01   
 5.247034E-01   
 5.245507E-01   
 5.244032E-01   
 5.242607E-01   
 5.241235E-01   
 5.239913E-01   
 5.238644E-01   
 5.237425E-01   
 5.236259E-01   
 5.235144E-01   
 5.234081E-01   
 5.233070E-01   
 5.232111E-01   
 5.231203E-01   
 5.230348E-01   
 5.229545E-01   
 5.228793E-01   
 5.228094E-01   
 5.227447E-01   
 5.226852E-01   
 5.226309E-01   
 5.225818E-01   
 5.225380E-01   
 5.224994E-01   
 5.224660E-01   
 5.224378E-01   
 5.224149E-01   
 5.223972E-01   
 5.223847E-01   
 5.223774E-01   
 5.223754E-01   
 5.223786E-01   
 5.223871E-01   
 5.224008E-01   
 5.224197E-01   
 5.224438E-01   
 5.224732E-01   
 5.225078E-01   
 5.225476E-01   
 5.225926E-01   
 5.226429E-01   
 5.226984E-01   
 5.227591E-01   
 5.228250E-01   
 5.228961E-01   
 5.229725E-01   
 5.230540E-01   
 5.231407E-01   
 5.232327E-01   
 5.233298E-01   
 5.234321E-01   
 5.235396E-01   
 5.236523E-01   
 5.237701E-01   
 5.238931E-01   
 5.240213E-01   
 5.241546E-01   
 5.242930E-01   
 5.244366E-01   
 5.245854E-01   
 5.247392E-01   
 5.248982E-01   
 5.250623E-01   
 5.252315E-01   
 5.254058E-01   
 5.255852E-01   
 5.257696E-01   
 5.259592E-01   
 5.261538E-01   
 5.263534E-01   
 5.265581E-01   
 5.267678E-01   
 5.269826E-01   
 5.272023E-01   
 5.274271E-01   
 5.276568E-01   
 5.278916E-01   
 5.281313E-01   
 5.283759E-01   
 5.286255E-01   
 5.288801E-01   
 5.291396E-01   
 5.294039E-01   
 5.296732E-01   
 5.299474E-01   
 5.302264E-01   
 5.305103E-01   
 5.307991E-01   
 5.310926E-01   
 5.313910E-01   
 5.316942E-01   
 5.320022E-01   
 5.323150E-01   
 5.326325E-01   
 5.329548E-01   
 5.332818E-01   
 5.336136E-01   
 5.339500E-01   
 5.342911E-01   
 5.346369E-01   
 5.349874E-01   
 5.353424E-01   
 5.357021E-01   
 5.360664E-01   
 5.364353E-01   
 5.368088E-01   
 5.371868E-01   
 5.375694E-01   
 5.379564E-01   
 5.383480E-01   
 5.387441E-01   
 5.391446E-01   
 5.395495E-01   
 5.399589E-01   
 5.403727E-01   
 5.407909E-01   
 5.412134E-01   
 5.416403E-01   
 5.420716E-01   
 5.425071E-01   
 5.429469E-01   
 5.433910E-01   
 5.438394E-01   
 5.442919E-01   
 5.447487E-01   
 5.452097E-01   
 5.456748E-01   
 5.461441E-01   
 5.466175E-01   
 5.470950E-01   
 5.475766E-01   
 5.480623E-01   
 5.485520E-01   
 5.490457E-01   
 5.495434E-01   
 5.500450E-01   
 5.505506E-01   
 5.510601E-01   
 5.515736E-01   
 5.520909E-01   
 5.526120E-01   
 5.531370E-01   
 5.536658E-01   
 5.541984E-01   
 5.547348E-01   
 5.552748E-01   
 5.558186E-01   
 5.563661E-01   
 5.569172E-01   
 5.574720E-01   
 5.580304E-01   
 5.585924E-01   
 5.591579E-01   
 5.597270E-01   
 5.602996E-01   
 5.608757E-01   
 5.614552E-01   
 5.620382E-01   
 5.626245E-01   
 5.632143E-01   
 5.638074E-01   
 5.644039E-01   
 5.650037E-01   
 5.656067E-01   
 5.662130E-01   
 5.668225E-01   
 5.674352E-01   
 5.680511E-01   
 5.686702E-01   
 5.692923E-01   
 5.699176E-01   
 5.705459E-01   
 5.711772E-01   
 5.718116E-01   
 5.724489E-01   
 5.730892E-01   
 5.737324E-01   
 5.743786E-01   
 5.750275E-01   
 5.756794E-01   
 5.763340E-01   
 5.769915E-01   
 5.776517E-01   
 5.783146E-01   
 5.789802E-01   
 5.796485E-01   
 5.803194E-01   
 5.809930E-01   
 5.816691E-01   
 5.823478E-01   
 5.830291E-01   
 5.837128E-01   
 5.843990E-01   
 5.850876E-01   
 5.857787E-01   
 5.864721E-01   
 5.871679E-01   
 5.878660E-01   
 5.885664E-01   
 5.892691E-01   
 5.899740E-01   
 5.906812E-01   
 5.913905E-01   
 5.921019E-01   
 5.928155E-01   
 5.935311E-01   
 5.942488E-01   
 5.949686E-01   
 5.956903E-01   
 5.964140E-01   
 5.971397E-01   
 5.978672E-01   
 5.985967E-01   
 5.993279E-01   
 6.000610E-01   
 6.007959E-01   
 6.015326E-01   
 6.022709E-01   
 6.030110E-01   
 6.037527E-01   
 6.044961E-01   
 6.052411E-01   
 6.059876E-01   
 6.067358E-01   
 6.074854E-01   
 6.082365E-01   
 6.089890E-01   
 6.097430E-01   
 6.104984E-01   
 6.112551E-01   
 6.120132E-01   
 6.127725E-01   
 6.135332E-01   
 6.142951E-01   
 6.150582E-01   
 6.158224E-01   
 6.165879E-01   
 6.173544E-01   
 6.181220E-01   
 6.188907E-01   
 6.196604E-01   
 6.204311E-01   
 6.212028E-01   
 6.219754E-01   
 6.227489E-01   
 6.235233E-01   
 6.242986E-01   
 6.250746E-01   
 6.258514E-01   
 6.266290E-01   
 6.274073E-01   
 6.281863E-01   
 6.289660E-01   
 6.297463E-01   
 6.305272E-01   
 6.313086E-01   
 6.320906E-01   
 6.328731E-01   
 6.336561E-01   
 6.344396E-01   
 6.352234E-01   
 6.360077E-01   
 6.367923E-01   
 6.375772E-01   
 6.383624E-01   
 6.391479E-01   
 6.399337E-01   
 6.407196E-01   
 6.415057E-01   
 6.422920E-01   
 6.430784E-01   
 6.438648E-01   
 6.446514E-01   
 6.454379E-01   
 6.462245E-01   
 6.470110E-01   
 6.477975E-01   
 6.485839E-01   
 6.493701E-01   
 6.501562E-01   
 6.509422E-01   
 6.517279E-01   
 6.525134E-01   
 6.532986E-01   
 6.540835E-01   
 6.548681E-01   
 6.556524E-01   
 6.564362E-01   
 6.572197E-01   
 6.580027E-01   
 6.587852E-01   
 6.595672E-01   
 6.603487E-01   
 6.611297E-01   
 6.619101E-01   
 6.626898E-01   
 6.634689E-01   
 6.642473E-01   
 6.650251E-01   
 6.658021E-01   
 6.665783E-01   
 6.673538E-01   
 6.681284E-01   
 6.689022E-01   
 6.696752E-01   
 6.704472E-01   
 6.712183E-01   
 6.719885E-01   
 6.727577E-01   
 6.735259E-01   
 6.742930E-01   
 6.750591E-01   
 6.758240E-01   
 6.765879E-01   
 6.773506E-01   
 6.781122E-01   
 6.788725E-01   
 6.796316E-01   
 6.803895E-01   
 6.811461E-01   
 6.819013E-01   
 6.826553E-01   
 6.834078E-01   
 6.841590E-01   
 6.849088E-01   
 6.856571E-01   
 6.864040E-01   
 6.871494E-01   
 6.878932E-01   
 6.886355E-01   
 6.893762E-01   
 6.901154E-01   
 6.908529E-01   
 6.915887E-01   
 6.923229E-01   
 6.930554E-01   
 6.937861E-01   
 6.945151E-01   
 6.952423E-01   
 6.959678E-01   
 6.966914E-01   
 6.974131E-01   
 6.981330E-01   
 6.988509E-01   
 6.995669E-01   
 7.002810E-01   
 7.009931E-01   
 7.017032E-01   
 7.024113E-01   
 7.031173E-01   
 7.038213E-01   
 7.045231E-01   
 7.052229E-01   
 7.059205E-01   
 7.066159E-01   
 7.073091E-01   
 7.080001E-01   
 7.086889E-01   
 7.093754E-01   
 7.100596E-01   
 7.107415E-01   
 7.114211E-01   
 7.120983E-01   
 7.127732E-01   
 7.134456E-01   
 7.141156E-01   
 7.147832E-01   
 7.154483E-01   
 7.161109E-01   
 7.167710E-01   
 7.174286E-01   
 7.180836E-01   
 7.187360E-01   
 7.193858E-01   
 7.200330E-01   
 7.206776E-01   
 7.213195E-01   
 7.219587E-01   
 7.225952E-01   
 7.232289E-01   
 7.238599E-01   
 7.244882E-01   
 7.251136E-01   
 7.257363E-01   
 7.263561E-01   
 7.269730E-01   
 7.275871E-01   
 7.281983E-01   
 7.288065E-01   
 7.294119E-01   
 7.300142E-01   
 7.306136E-01   
 7.312100E-01   
 7.318034E-01   
 7.323938E-01   
 7.329811E-01   
 7.335653E-01   
 7.341465E-01   
 7.347245E-01   
 7.352994E-01   
 7.358711E-01   
 7.364397E-01   
 7.370051E-01   
 7.375673E-01   
 7.381263E-01   
 7.386821E-01   
 7.392345E-01   
 7.397837E-01   
 7.403297E-01   
 7.408723E-01   
 7.414115E-01   
 7.419475E-01   
 7.424800E-01   
 7.430092E-01   
 7.435350E-01   
 7.440574E-01   
 7.445763E-01   
 7.450918E-01   
 7.456038E-01   
 7.461124E-01   
 7.466174E-01   
 7.471190E-01   
 7.476170E-01   
 7.481114E-01   
 7.486023E-01   
 7.490897E-01   
 7.495734E-01   
 7.500535E-01   
 7.505300E-01   
 7.510029E-01   
 7.514721E-01   
 7.519376E-01   
 7.523995E-01   
 7.528576E-01   
 7.533121E-01   
 7.537628E-01   
 7.542097E-01   
 7.546530E-01   
 7.550924E-01   
 7.555281E-01   
 7.559599E-01   
 7.563880E-01   
 7.568122E-01   
 7.572326E-01   
 7.576491E-01   
 7.580618E-01   
 7.584706E-01   
 7.588755E-01   
 7.592765E-01   
 7.596736E-01   
 7.600667E-01   
 7.604560E-01   
 7.608412E-01   
 7.612225E-01   
 7.615998E-01   
 7.619731E-01   
 7.623425E-01   
 7.627078E-01   
 7.630691E-01   
 7.634263E-01   
 7.637795E-01   
 7.641287E-01   
 7.644737E-01   
 7.648147E-01   
 7.651516E-01   
 7.654844E-01   
 7.658131E-01   
 7.661377E-01   
 7.664581E-01   
 7.667744E-01   
 7.670865E-01   
 7.673945E-01   
 7.676983E-01   
 7.679980E-01   
 7.682934E-01   
 7.685846E-01   
 7.688716E-01   
 7.691545E-01   
 7.694330E-01   
 7.697074E-01   
 7.699775E-01   
 7.702433E-01   
 7.705049E-01   
 7.707622E-01   
 7.710153E-01   
 7.712640E-01   
 7.715085E-01   
 7.717487E-01   
 7.719845E-01   
 7.722161E-01   
 7.724433E-01   
 7.726662E-01   
 7.728847E-01   
 7.730989E-01   
 7.733088E-01   
 7.735143E-01   
 7.737154E-01   
 7.739122E-01   
 7.741046E-01   
 7.742926E-01   
 7.744763E-01   
 7.746555E-01   
 7.748303E-01   
 7.750008E-01   
 7.751668E-01   
 7.753284E-01   
 7.754856E-01   
 7.756384E-01   
 7.757867E-01   
 7.759306E-01   
 7.760701E-01   
 7.762051E-01   
 7.763357E-01   
 7.764619E-01   
 7.765835E-01   
 7.767008E-01   
 7.768135E-01   
 7.769218E-01   
 7.770256E-01   
 7.771250E-01   
 7.772199E-01   
 7.773103E-01   
 7.773962E-01   
 7.774777E-01   
 7.775546E-01   
 7.776271E-01   
 7.776951E-01   
 7.777585E-01   
 7.778175E-01   
 7.778720E-01   
 7.779220E-01   
 7.779675E-01   
 7.780085E-01   
 7.780450E-01   
 7.780770E-01   
 7.781045E-01   
 7.781275E-01   
 7.781459E-01   
 7.781599E-01   
 7.781694E-01   
 7.781743E-01   
 7.781748E-01   
 7.781707E-01   
 7.781622E-01   
 7.781491E-01   
 7.781315E-01   
 7.781094E-01   
 7.780828E-01   
 7.780518E-01   
 7.780162E-01   
 7.779761E-01   
 7.779315E-01   
 7.778824E-01   
 7.778288E-01   
 7.777707E-01   
 7.777081E-01   
 7.776410E-01   
 7.775694E-01   
 7.774934E-01   
 7.774128E-01   
 7.773278E-01   
 7.772383E-01   
 7.771443E-01   
 7.770459E-01   
 7.769429E-01   
 7.768355E-01   
 7.767236E-01   
 7.766073E-01   
 7.764865E-01   
 7.763613E-01   
 7.762316E-01   
 7.760974E-01   
 7.759589E-01   
 7.758158E-01   
 7.756684E-01   
 7.755165E-01   
 7.753602E-01   
 7.751994E-01   
 7.750343E-01   
 7.748647E-01   
 7.746908E-01   
 7.745124E-01   
 7.743297E-01   
 7.741425E-01   
 7.739510E-01   
 7.737551E-01   
 7.735548E-01   
 7.733502E-01   
 7.731412E-01   
 7.729278E-01   
 7.727102E-01   
 7.724881E-01   
 7.722618E-01   
 7.720311E-01   
 7.717961E-01   
 7.715568E-01   
 7.713132E-01   
 7.710653E-01   
 7.708131E-01   
 7.705566E-01   
 7.702959E-01   
 7.700309E-01   
 7.697616E-01   
 7.694881E-01   
 7.692104E-01   
 7.689284E-01   
 7.686423E-01   
 7.683519E-01   
 7.680573E-01   
 7.677585E-01   
 7.674555E-01   
 7.671483E-01   
 7.668370E-01   
 7.665216E-01   
 7.662020E-01   
 7.658782E-01   
 7.655503E-01   
 7.652184E-01   
 7.648823E-01   
 7.645421E-01   
 7.641978E-01   
 7.638495E-01   
 7.634971E-01   
 7.631407E-01   
 7.627802E-01   
 7.624157E-01   
 7.620472E-01   
 7.616746E-01   
 7.612981E-01   
 7.609176E-01   
 7.605331E-01   
 7.601447E-01   
 7.597523E-01   
 7.593560E-01   
 7.589558E-01   
 7.585517E-01   
 7.581437E-01   
 7.577318E-01   
 7.573160E-01   
 7.568964E-01   
 7.564729E-01   
 7.560456E-01   
 7.556145E-01   
 7.551796E-01   
 7.547409E-01   
 7.542984E-01   
 7.538522E-01   
 7.534022E-01   
 7.529485E-01   
 7.524911E-01   
 7.520300E-01   
 7.515652E-01   
 7.510967E-01   
 7.506246E-01   
 7.501488E-01   
 7.496694E-01   
 7.491864E-01   
 7.486998E-01   
 7.482096E-01   
 7.477158E-01   
 7.472185E-01   
 7.467177E-01   
 7.462133E-01   
 7.457055E-01   
 7.451941E-01   
 7.446793E-01   
 7.441611E-01   
 7.436394E-01   
 7.431143E-01   
 7.425858E-01   
 7.420539E-01   
 7.415186E-01   
 7.409800E-01   
 7.404381E-01   
 7.398928E-01   
 7.393442E-01   
 7.387924E-01   
 7.382373E-01   
 7.376790E-01   
 7.371174E-01   
 7.365526E-01   
 7.359847E-01   
 7.354136E-01   
 7.348393E-01   
 7.342619E-01   
 7.336813E-01   
 7.330977E-01   
 7.325110E-01   
 7.319213E-01   
 7.313285E-01   
 7.307327E-01   
 7.301339E-01   
 7.295321E-01   
 7.289274E-01   
 7.283197E-01   
 7.277091E-01   
 7.270956E-01   
 7.264792E-01   
 7.258600E-01   
 7.252379E-01   
 7.246130E-01   
 7.239853E-01   
 7.233548E-01   
 7.227216E-01   
 7.220857E-01   
 7.214470E-01   
 7.208057E-01   
 7.201616E-01   
 7.195149E-01   
 7.188656E-01   
 7.182137E-01   
 7.175592E-01   
 7.169022E-01   
 7.162426E-01   
 7.155805E-01   
 7.149159E-01   
 7.142488E-01   
 7.135793E-01   
 7.129073E-01   
 7.122329E-01   
 7.115562E-01   
 7.108771E-01   
 7.101956E-01   
 7.095119E-01   
 7.088258E-01   
 7.081375E-01   
 7.074469E-01   
 7.067541E-01   
 7.060591E-01   
 7.053620E-01   
 7.046627E-01   
 7.039612E-01   
 7.032577E-01   
 7.025521E-01   
 7.018444E-01   
 7.011347E-01   
 7.004230E-01   
 6.997093E-01   
 6.989937E-01   
 6.982761E-01   
 6.975566E-01   
 6.968352E-01   
 6.961120E-01   
 6.953870E-01   
 6.946601E-01   
 6.939314E-01   
 6.932010E-01   
 6.924689E-01   
 6.917351E-01   
 6.909995E-01   
 6.902624E-01   
 6.895236E-01   
 6.887832E-01   
 6.880412E-01   
 6.872976E-01   
 6.865526E-01   
 6.858060E-01   
 6.850580E-01   
 6.843085E-01   
 6.835576E-01   
 6.828053E-01   
 6.820516E-01   
 6.812966E-01   
 6.805403E-01   
 6.797827E-01   
 6.790238E-01   
 6.782637E-01   
 6.775024E-01   
 6.767399E-01   
 6.759763E-01   
 6.752115E-01   
 6.744457E-01   
 6.736788E-01   
 6.729108E-01   
 6.721418E-01   
 6.713719E-01   
 6.706009E-01   
 6.698291E-01   
 6.690563E-01   
 6.682827E-01   
 6.675082E-01   
 6.667329E-01   
 6.659568E-01   
 6.651800E-01   
 6.644024E-01   
 6.636241E-01   
 6.628451E-01   
 6.620655E-01   
 6.612852E-01   
 6.605044E-01   
 6.597230E-01   
 6.589411E-01   
 6.581587E-01   
 6.573758E-01   
 6.565924E-01   
 6.558086E-01   
 6.550245E-01   
 6.542399E-01   
 6.534551E-01   
 6.526699E-01   
 6.518845E-01   
 6.510988E-01   
 6.503129E-01   
 6.495269E-01   
 6.487406E-01   
 6.479543E-01   
 6.471678E-01   
 6.463813E-01   
 6.455948E-01   
 6.448082E-01   
 6.440217E-01   
 6.432352E-01   
 6.424488E-01   
 6.416625E-01   
 6.408763E-01   
 6.400904E-01   
 6.393046E-01   
 6.385190E-01   
 6.377338E-01   
 6.369488E-01   
 6.361641E-01   
 6.353798E-01   
 6.345959E-01   
 6.338124E-01   
 6.330293E-01   
 6.322467E-01   
 6.314646E-01   
 6.306830E-01   
 6.299020E-01   
 6.291216E-01   
 6.283418E-01   
 6.275627E-01   
 6.267843E-01   
 6.260065E-01   
 6.252296E-01   
 6.244534E-01   
 6.236780E-01   
 6.229034E-01   
 6.221297E-01   
 6.213569E-01   
 6.205851E-01   
 6.198142E-01   
 6.190443E-01   
 6.182754E-01   
 6.175075E-01   
 6.167408E-01   
 6.159752E-01   
 6.152107E-01   
 6.144473E-01   
 6.136852E-01   
 6.129243E-01   
 6.121647E-01   
 6.114064E-01   
 6.106494E-01   
 6.098937E-01   
 6.091395E-01   
 6.083867E-01   
 6.076353E-01   
 6.068854E-01   
 6.061370E-01   
 6.053901E-01   
 6.046448E-01   
 6.039011E-01   
 6.031591E-01   
 6.024187E-01   
 6.016800E-01   
 6.009430E-01   
 6.002077E-01   
 5.994743E-01   
 5.987426E-01   
 5.980129E-01   
 5.972849E-01   
 5.965589E-01   
 5.958348E-01   
 5.951127E-01   
 5.943926E-01   
 5.936744E-01   
 5.929584E-01   
 5.922444E-01   
 5.915325E-01   
 5.908228E-01   
 5.901153E-01   
 5.894099E-01   
 5.887068E-01   
 5.880059E-01   
 5.873074E-01   
 5.866111E-01   
 5.859172E-01   
 5.852257E-01   
 5.845366E-01   
 5.838499E-01   
 5.831657E-01   
 5.824839E-01   
 5.818047E-01   
 5.811281E-01   
 5.804540E-01   
 5.797826E-01   
 5.791138E-01   
 5.784476E-01   
 5.777841E-01   
 5.771234E-01   
 5.764654E-01   
 5.758102E-01   
 5.751578E-01   
 5.745083E-01   
 5.738616E-01   
 5.732178E-01   
 5.725769E-01   
 5.719390E-01   
 5.713041E-01   
 5.706721E-01   
 5.700432E-01   
 5.694174E-01   
 5.687946E-01   
 5.681749E-01   
 5.675584E-01   
 5.669451E-01   
 5.663349E-01   
 5.657280E-01   
 5.651243E-01   
 5.645239E-01   
 5.639268E-01   
 5.633330E-01   
 5.627426E-01   
 5.621555E-01   
 5.615718E-01   
 5.609916E-01   
 5.604149E-01   
 5.598416E-01   
 5.592718E-01   
 5.587056E-01   
 5.581429E-01   
 5.575838E-01   
 5.570283E-01   
 5.564765E-01   
 5.559282E-01   
 5.553837E-01   
 5.548429E-01   
 5.543058E-01   
 5.537725E-01   
 5.532430E-01   
 5.527172E-01   
 5.521953E-01   
 5.516772E-01   
 5.511630E-01   
 5.506527E-01   
 5.501463E-01   