 5.000000E-01   
 4.994325E-01   
 4.988104E-01   
 4.982161E-01   
 4.976401E-01   
 4.970821E-01   
 4.965418E-01   
 4.960132E-01   
 4.955000E-01   
 4.950033E-01   
 4.945233E-01   
 4.940599E-01   
 4.936128E-01   
 4.931818E-01   
 4.927666E-01   
 4.923669E-01   
 4.919827E-01   
 4.916135E-01   
 4.912592E-01   
 4.909196E-01   
 4.905944E-01   
 4.902833E-01   
 4.899862E-01   
 4.897029E-01   
 4.894331E-01   
 4.891767E-01   
 4.889335E-01   
 4.887033E-01   
 4.884858E-01   
 4.882810E-01   
 4.880885E-01   
 4.879084E-01   
 4.877403E-01   
 4.875842E-01   
 4.874398E-01   
 4.873071E-01   
 4.871857E-01   
 4.870757E-01   
 4.869769E-01   
 4.868890E-01   
 4.868120E-01   
 4.867457E-01   
 4.866900E-01   
 4.866447E-01   
 4.866098E-01   
 4.865850E-01   
 4.865703E-01   
 4.865656E-01   
 4.865706E-01   
 4.865854E-01   
 4.866097E-01   
 4.866435E-01   
 4.866866E-01   
 4.867389E-01   
 4.868004E-01   
 4.868709E-01   
 4.869503E-01   
 4.870385E-01   
 4.871354E-01   
 4.872410E-01   
 4.873550E-01   
 4.874774E-01   
 4.876082E-01   
 4.877472E-01   
 4.878943E-01   
 4.880494E-01   
 4.882125E-01   
 4.883835E-01   
 4.885622E-01   
 4.887486E-01   
 4.889426E-01   
 4.891442E-01   
 4.893531E-01   
 4.895695E-01   
 4.897931E-01   
 4.900239E-01   
 4.902619E-01   
 4.905068E-01   
 4.907588E-01   
 4.910177E-01   
 4.912834E-01   
 4.915558E-01   
 4.918350E-01   
 4.921207E-01   
 4.924130E-01   
 4.927118E-01   
 4.930169E-01   
 4.933284E-01   
 4.936462E-01   
 4.939702E-01   
 4.943004E-01   
 4.946366E-01   
 4.949789E-01   
 4.953271E-01   
 4.956812E-01   
 4.960411E-01   
 4.964068E-01   
 4.967782E-01   
 4.971553E-01   
 4.975380E-01   
 4.979262E-01   
 4.983199E-01   
 4.987190E-01   
 4.991235E-01   
 4.995333E-01   
 4.999484E-01   
 5.003686E-01   
 5.007940E-01   
 5.012245E-01   
 5.016601E-01   
 5.021006E-01   
 5.025461E-01   
 5.029964E-01   
 5.034516E-01   
 5.039116E-01   
 5.043763E-01   
 5.048457E-01   
 5.053197E-01   
 5.057983E-01   
 5.062814E-01   
 5.067690E-01   
 5.072610E-01   
 5.077574E-01   
 5.082582E-01   
 5.087632E-01   
 5.092725E-01   
 5.097860E-01   
 5.103036E-01   
 5.108254E-01   
 5.113512E-01   
 5.118810E-01   
 5.124147E-01   
 5.129524E-01   
 5.134940E-01   
 5.140394E-01   
 5.145885E-01   
 5.151414E-01   
 5.156980E-01   
 5.162583E-01   
 5.168222E-01   
 5.173896E-01   
 5.179605E-01   
 5.185350E-01   
 5.191128E-01   
 5.196941E-01   
 5.202787E-01   
 5.208666E-01   
 5.214578E-01   
 5.220522E-01   
 5.226498E-01   
 5.232505E-01   
 5.238544E-01   
 5.244613E-01   
 5.250712E-01   
 5.256841E-01   
 5.262999E-01   
 5.269186E-01   
 5.275402E-01   
 5.281645E-01   
 5.287917E-01   
 5.294216E-01   
 5.300542E-01   
 5.306894E-01   
 5.313273E-01   
 5.319677E-01   
 5.326107E-01   
 5.332561E-01   
 5.339041E-01   
 5.345544E-01   
 5.352071E-01   
 5.358622E-01   
 5.365196E-01   
 5.371792E-01   
 5.378410E-01   
 5.385051E-01   
 5.391713E-01   
 5.398396E-01   
 5.405100E-01   
 5.411824E-01   
 5.418569E-01   
 5.425332E-01   
 5.432116E-01   
 5.438918E-01   
 5.445738E-01   
 5.452577E-01   
 5.459433E-01   
 5.466307E-01   
 5.473198E-01   
 5.480105E-01   
 5.487029E-01   
 5.493969E-01   
 5.500924E-01   
 5.507895E-01   
 5.514880E-01   
 5.521880E-01   
 5.528894E-01   
 5.535922E-01   
 5.542964E-01   
 5.550018E-01   
 5.557085E-01   
 5.564164E-01   
 5.571256E-01   
 5.578359E-01   
 5.585473E-01   
 5.592599E-01   
 5.599735E-01   
 5.606881E-01   
 5.614037E-01   
 5.621203E-01   
 5.628378E-01   
 5.635561E-01   
 5.642754E-01   
 5.649954E-01   
 5.657163E-01   
 5.664379E-01   
 5.671602E-01   
 5.678832E-01   
 5.686068E-01   
 5.693311E-01   
 5.700559E-01   
 5.707813E-01   
 5.715072E-01   
 5.722336E-01   
 5.729605E-01   
 5.736878E-01   
 5.744154E-01   
 5.751434E-01   
 5.758718E-01   
 5.766004E-01   
 5.773292E-01   
 5.780583E-01   
 5.787876E-01   
 5.795171E-01   
 5.802466E-01   
 5.809763E-01   
 5.817060E-01   
 5.824358E-01   
 5.831656E-01   
 5.838953E-01   
 5.846250E-01   
 5.853546E-01   
 5.860840E-01   
 5.868133E-01   
 5.875424E-01   
 5.882713E-01   
 5.890000E-01   
 5.897283E-01   
 5.904564E-01   
 5.911841E-01   
 5.919115E-01   
 5.926384E-01   
 5.933649E-01   
 5.940909E-01   
 5.948165E-01   
 5.955415E-01   
 5.962660E-01   
 5.969899E-01   
 5.977132E-01   
 5.984359E-01   
 5.991579E-01   
 5.998792E-01   
 6.005998E-01   
 6.013197E-01   
 6.020388E-01   
 6.027570E-01   
 6.034745E-01   
 6.041910E-01   
 6.049067E-01   
 6.056215E-01   
 6.063353E-01   
 6.070481E-01   
 6.077600E-01   
 6.084708E-01   
 6.091805E-01   
 6.098892E-01   
 6.105968E-01   
 6.113032E-01   
 6.120084E-01   
 6.127125E-01   
 6.134154E-01   
 6.141170E-01   
 6.148173E-01   
 6.155164E-01   
 6.162141E-01   
 6.169105E-01   
 6.176055E-01   
 6.182991E-01   
 6.189913E-01   
 6.196820E-01   
 6.203713E-01   
 6.210591E-01   
 6.217453E-01   
 6.224300E-01   
 6.231131E-01   
 6.237947E-01   
 6.244746E-01   
 6.251528E-01   
 6.258294E-01   
 6.265043E-01   
 6.271775E-01   
 6.278490E-01   
 6.285186E-01   
 6.291865E-01   
 6.298526E-01   
 6.305169E-01   
 6.311793E-01   
 6.318398E-01   
 6.324984E-01   
 6.331551E-01   
 6.338099E-01   
 6.344627E-01   
 6.351134E-01   
 6.357622E-01   
 6.364090E-01   
 6.370537E-01   
 6.376963E-01   
 6.383368E-01   
 6.389752E-01   
 6.396115E-01   
 6.402456E-01   
 6.408775E-01   
 6.415072E-01   
 6.421347E-01   
 6.427600E-01   
 6.433830E-01   
 6.440037E-01   
 6.446221E-01   
 6.452382E-01   
 6.458519E-01   
 6.464633E-01   
 6.470723E-01   
 6.476790E-01   
 6.482831E-01   
 6.488849E-01   
 6.494842E-01   
 6.500810E-01   
 6.506754E-01   
 6.512672E-01   
 6.518565E-01   
 6.524433E-01   
 6.530274E-01   
 6.536091E-01   
 6.541881E-01   
 6.547645E-01   
 6.553382E-01   
 6.559093E-01   
 6.564778E-01   
 6.570435E-01   
 6.576066E-01   
 6.581669E-01   
 6.587246E-01   
 6.592794E-01   
 6.598315E-01   
 6.603808E-01   
 6.609274E-01   
 6.614711E-01   
 6.620119E-01   
 6.625500E-01   
 6.630852E-01   
 6.636175E-01   
 6.641469E-01   
 6.646734E-01   
 6.651970E-01   
 6.657177E-01   
 6.662354E-01   
 6.667501E-01   
 6.672619E-01   
 6.677707E-01   
 6.682765E-01   
 6.687793E-01   
 6.692790E-01   
 6.697758E-01   
 6.702694E-01   
 6.707600E-01   
 6.712475E-01   
 6.717319E-01   
 6.722132E-01   
 6.726914E-01   
 6.731665E-01   
 6.736384E-01   
 6.741071E-01   
 6.745727E-01   
 6.750351E-01   
 6.754943E-01   
 6.759503E-01   
 6.764031E-01   
 6.768527E-01   
 6.772990E-01   
 6.777421E-01   
 6.781820E-01   
 6.786185E-01   
 6.790518E-01   
 6.794818E-01   
 6.799085E-01   
 6.803319E-01   
 6.807519E-01   
 6.811686E-01   
 6.815820E-01   
 6.819920E-01   
 6.823987E-01   
 6.828020E-01   
 6.832019E-01   
 6.835985E-01   
 6.839916E-01   
 6.843813E-01   
 6.847676E-01   
 6.851505E-01   
 6.855299E-01   
 6.859060E-01   
 6.862785E-01   
 6.866476E-01   
 6.870132E-01   
 6.873754E-01   
 6.877340E-01   
 6.880892E-01   
 6.884409E-01   
 6.887891E-01   
 6.891337E-01   
 6.894749E-01   
 6.898125E-01   
 6.901465E-01   
 6.904770E-01   
 6.908040E-01   
 6.911274E-01   
 6.914473E-01   
 6.917636E-01   
 6.920763E-01   
 6.923854E-01   
 6.926909E-01   
 6.929928E-01   
 6.932911E-01   
 6.935859E-01   
 6.938769E-01   
 6.941644E-01   
 6.944483E-01   
 6.947285E-01   
 6.950051E-01   
 6.952780E-01   
 6.955473E-01   
 6.958129E-01   
 6.960749E-01   
 6.963332E-01   
 6.965878E-01   
 6.968388E-01   
 6.970860E-01   
 6.973296E-01   
 6.975695E-01   
 6.978057E-01   
 6.980382E-01   
 6.982670E-01   
 6.984921E-01   
 6.987135E-01   
 6.989312E-01   
 6.991451E-01   
 6.993554E-01   
 6.995619E-01   
 6.997646E-01   
 6.999637E-01   
 7.001589E-01   
 7.003505E-01   
 7.005383E-01   
 7.007223E-01   
 7.009026E-01   
 7.010792E-01   
 7.012520E-01   
 7.014210E-01   
 7.015862E-01   
 7.017477E-01   
 7.019054E-01   
 7.020593E-01   
 7.022095E-01   
 7.023559E-01   
 7.024985E-01   
 7.026373E-01   
 7.027723E-01   
 7.029035E-01   
 7.030310E-01   
 7.031546E-01   
 7.032745E-01   
 7.033905E-01   
 7.035028E-01   
 7.036112E-01   
 7.037158E-01   
 7.038167E-01   
 7.039137E-01   
 7.040069E-01   
 7.040963E-01   
 7.041819E-01   
 7.042637E-01   
 7.043417E-01   
 7.044158E-01   
 7.044861E-01   
 7.045526E-01   
 7.046153E-01   
 7.046742E-01   
 7.047292E-01   
 7.047804E-01   
 7.048278E-01   
 7.048714E-01   
 7.049111E-01   
 7.049470E-01   
 7.049791E-01   
 7.050074E-01   
 7.050318E-01   
 7.050524E-01   
 7.050692E-01   
 7.050821E-01   
 7.050912E-01   
 7.050965E-01   
 7.050980E-01   
 7.050956E-01   
 7.050894E-01   
 7.050793E-01   
 7.050654E-01   
 7.050477E-01   
 7.050262E-01   
 7.050009E-01   
 7.049717E-01   
 7.049387E-01   
 7.049018E-01   
 7.048611E-01   
 7.048166E-01   
 7.047683E-01   
 7.047162E-01   
 7.046602E-01   
 7.046004E-01   
 7.045368E-01   
 7.044693E-01   
 7.043981E-01   
 7.043230E-01   
 7.042441E-01   
 7.041614E-01   
 7.040749E-01   
 7.039845E-01   
 7.038904E-01   
 7.037924E-01   
 7.036907E-01   
 7.035851E-01   
 7.034757E-01   
 7.033625E-01   
 7.032455E-01   
 7.031248E-01   
 7.030002E-01   
 7.028718E-01   
 7.027396E-01   
 7.026037E-01   
 7.024639E-01   
 7.023204E-01   
 7.021731E-01   
 7.020220E-01   
 7.018671E-01   
 7.017085E-01   
 7.015461E-01   
 7.013799E-01   
 7.012099E-01   
 7.010362E-01   
 7.008587E-01   
 7.006775E-01   
 7.004925E-01   
 7.003038E-01   
 7.001113E-01   
 6.999150E-01   
 6.997151E-01   
 6.995114E-01   
 6.993039E-01   
 6.990927E-01   
 6.988779E-01   
 6.986592E-01   
 6.984369E-01   
 6.982109E-01   
 6.979811E-01   
 6.977477E-01   
 6.975105E-01   
 6.972696E-01   
 6.970251E-01   
 6.967769E-01   
 6.965250E-01   
 6.962694E-01   
 6.960101E-01   
 6.957472E-01   
 6.954806E-01   
 6.952104E-01   
 6.949365E-01   
 6.946589E-01   
 6.943778E-01   
 6.940930E-01   
 6.938045E-01   
 6.935125E-01   
 6.932168E-01   
 6.929175E-01   
 6.926146E-01   
 6.923081E-01   
 6.919980E-01   
 6.916843E-01   
 6.913671E-01   
 6.910463E-01   
 6.907219E-01   
 6.903939E-01   
 6.900624E-01   
 6.897274E-01   
 6.893888E-01   
 6.890467E-01   
 6.887010E-01   
 6.883519E-01   
 6.879992E-01   
 6.876430E-01   
 6.872833E-01   
 6.869202E-01   
 6.865536E-01   
 6.861835E-01   
 6.858099E-01   
 6.854329E-01   
 6.850524E-01   
 6.846685E-01   
 6.842812E-01   
 6.838905E-01   
 6.834963E-01   
 6.830988E-01   
 6.826978E-01   
 6.822935E-01   
 6.818858E-01   
 6.814747E-01   
 6.810603E-01   
 6.806425E-01   
 6.802214E-01   
 6.797970E-01   
 6.793692E-01   
 6.789382E-01   
 6.785038E-01   
 6.780662E-01   
 6.776253E-01   
 6.771812E-01   
 6.767337E-01   
 6.762831E-01   
 6.758292E-01   
 6.753721E-01   
 6.749118E-01   
 6.744483E-01   
 6.739816E-01   
 6.735117E-01   
 6.730387E-01   
 6.725625E-01   
 6.720832E-01   
 6.716007E-01   
 6.711152E-01   
 6.706265E-01   
 6.701348E-01   
 6.696400E-01   
 6.691421E-01   
 6.686412E-01   
 6.681372E-01   
 6.676302E-01   
 6.671203E-01   
 6.666073E-01   
 6.660913E-01   
 6.655724E-01   
 6.650505E-01   
 6.645257E-01   
 6.639979E-01   
 6.634672E-01   
 6.629337E-01   
 6.623972E-01   
 6.618579E-01   
 6.613158E-01   
 6.607708E-01   
 6.602230E-01   
 6.596723E-01   
 6.591189E-01   
 6.585627E-01   
 6.580038E-01   
 6.574421E-01   
 6.568777E-01   
 6.563105E-01   
 6.557407E-01   
 6.551682E-01   
 6.545930E-01   
 6.540152E-01   
 6.534348E-01   
 6.528517E-01   
 6.522661E-01   
 6.516779E-01   
 6.510871E-01   
 6.504938E-01   
 6.498979E-01   
 6.492996E-01   
 6.486987E-01   
 6.480954E-01   
 6.474897E-01   
 6.468815E-01   
 6.462709E-01   
 6.456579E-01   
 6.450425E-01   
 6.444247E-01   
 6.438047E-01   
 6.431823E-01   
 6.425576E-01   
 6.419306E-01   
 6.413014E-01   
 6.406699E-01   
 6.400362E-01   
 6.394003E-01   
 6.387622E-01   
 6.381220E-01   
 6.374796E-01   
 6.368351E-01   
 6.361885E-01   
 6.355398E-01   
 6.348891E-01   
 6.342363E-01   
 6.335816E-01   
 6.329248E-01   
 6.322661E-01   
 6.316054E-01   
 6.309428E-01   
 6.302782E-01   
 6.296118E-01   
 6.289436E-01   
 6.282735E-01   
 6.276015E-01   
 6.269278E-01   
 6.262524E-01   
 6.255751E-01   
 6.248962E-01   
 6.242155E-01   
 6.235332E-01   
 6.228492E-01   
 6.221636E-01   
 6.214764E-01   
 6.207875E-01   
 6.200972E-01   
 6.194053E-01   
 6.187119E-01   
 6.180170E-01   
 6.173206E-01   
 6.166228E-01   
 6.159236E-01   
 6.152230E-01   
 6.145210E-01   
 6.138177E-01   
 6.131131E-01   
 6.124072E-01   
 6.117000E-01   
 6.109916E-01   
 6.102820E-01   
 6.095712E-01   
 6.088592E-01   
 6.081461E-01   
 6.074319E-01   
 6.067166E-01   
 6.060003E-01   
 6.052829E-01   
 6.045645E-01   
 6.038451E-01   
 6.031248E-01   
 6.024036E-01   
 6.016815E-01   
 6.009585E-01   
 6.002346E-01   
 5.995100E-01   
 5.987845E-01   
 5.980583E-01   
 5.973314E-01   
 5.966038E-01   
 5.958754E-01   
 5.951465E-01   
 5.944169E-01   
 5.936867E-01   
 5.929559E-01   
 5.922246E-01   
 5.914928E-01   
 5.907605E-01   
 5.900278E-01   
 5.892946E-01   
 5.885611E-01   
 5.878271E-01   
 5.870929E-01   
 5.863583E-01   
 5.856234E-01   
 5.848883E-01   
 5.841530E-01   
 5.834174E-01   
 5.826817E-01   
 5.819459E-01   
 5.812099E-01   
 5.804739E-01   
 5.797378E-01   
 5.790017E-01   
 5.782657E-01   
 5.775296E-01   
 5.767936E-01   
 5.760578E-01   
 5.753220E-01   
 5.745864E-01   
 5.738510E-01   
 5.731158E-01   
 5.723809E-01   
 5.716463E-01   
 5.709119E-01   
 5.701779E-01   
 5.694443E-01   
 5.687110E-01   
 5.679782E-01   
 5.672459E-01   
 5.665140E-01   
 5.657827E-01   
 5.650519E-01   
 5.643217E-01   
 5.635921E-01   
 5.628631E-01   
 5.621348E-01   
 5.614073E-01   
 5.606804E-01   
 5.599543E-01   
 5.592291E-01   
 5.585046E-01   
 5.577810E-01   
 5.570583E-01   
 5.563365E-01   
 5.556156E-01   
 5.548958E-01   
 5.541769E-01   
 5.534591E-01   
 5.527423E-01   
 5.520267E-01   
 5.513122E-01   
 5.505989E-01   
 5.498867E-01   
 5.491758E-01   
 5.484661E-01   
 5.477577E-01   
 5.470507E-01   
 5.463450E-01   
 5.456406E-01   
 5.449377E-01   
 5.442362E-01   
 5.435362E-01   
 5.428377E-01   
 5.421408E-01   
 5.414454E-01   
 5.407516E-01   
 5.400594E-01   
 5.393689E-01   
 5.386800E-01   
 5.379929E-01   
 5.373076E-01   
 5.366240E-01   
 5.359422E-01   
 5.352623E-01   
 5.345842E-01   
 5.339080E-01   
 5.332338E-01   
 5.325615E-01   
 5.318913E-01   
 5.312230E-01   
 5.305568E-01   
 5.298927E-01   
 5.292307E-01   
 5.285708E-01   
 5.279131E-01   
 5.272577E-01   
 5.266044E-01   
 5.259534E-01   
 5.253047E-01   
 5.246584E-01   
 5.240143E-01   
 5.233727E-01   
 5.227335E-01   
 5.220967E-01   
 5.214624E-01   
 5.208306E-01   
 5.202013E-01   
 5.195746E-01   
 5.189504E-01   
 5.183289E-01   
 5.177100E-01   
 5.170938E-01   
 5.164803E-01   
 5.158696E-01   
 5.152615E-01   
 5.146563E-01   
 5.140539E-01   
 5.134544E-01   
 5.128577E-01   
 5.122639E-01   
 5.116730E-01   
 5.110851E-01   
 5.105002E-01   
 5.099183E-01   
 5.093394E-01   
 5.087637E-01   
 5.081910E-01   
 5.076214E-01   
 5.070550E-01   
 5.064917E-01   
 5.059317E-01   
 5.053748E-01   
 5.048213E-01   
 5.042710E-01   
 5.037240E-01   
 5.031804E-01   
 5.026401E-01   
 5.021032E-01   
 5.015698E-01   
 5.010397E-01   
 5.005132E-01   
 4.999901E-01   
 4.994705E-01   
 4.989545E-01   
 4.984420E-01   
 4.979332E-01   
 4.974279E-01   
 4.969263E-01   
 4.964284E-01   
 4.959341E-01   
 4.954436E-01   
 4.949568E-01   
 4.944737E-01   
 4.939944E-01   
 4.935190E-01   
 4.930473E-01   
 4.925796E-01   
 4.921157E-01   
 4.916557E-01   
 4.911996E-01   
 4.907475E-01   
 4.902993E-01   
 4.898551E-01   
 4.894149E-01   
 4.889788E-01   
 4.885467E-01   
 4.881187E-01   
 4.876948E-01   
 4.872750E-01   
 4.868594E-01   
 4.864479E-01   
 4.860405E-01   
 4.856374E-01   
 4.852385E-01   
 4.848439E-01   
 4.844535E-01   
 4.840673E-01   
 4.836855E-01   
 4.833080E-01   
 4.829348E-01   
 4.825660E-01   
 4.822016E-01   
 4.818415E-01   
 4.814859E-01   
 4.811347E-01   
 4.807879E-01   
 4.804456E-01   
 4.801077E-01   
 4.797744E-01   
 4.794456E-01   
 4.791213E-01   
 4.788015E-01   
 4.784863E-01   
 4.781757E-01   
 4.778697E-01   
 4.775683E-01   
 4.772715E-01   
 4.769794E-01   
 4.766919E-01   
 4.764091E-01   
 4.761309E-01   
 4.758575E-01   
 4.755887E-01   
 4.753247E-01   
 4.750655E-01   
 4.748109E-01   
 4.745612E-01   
 4.743162E-01   
 4.740760E-01   
 4.738406E-01   
 4.736100E-01   
 4.733843E-01   
 4.731634E-01   
 4.729473E-01   
 4.727361E-01   
 4.725297E-01   
 4.723283E-01   
 4.721317E-01   
 4.719400E-01   
 4.717533E-01   
 4.715714E-01   
 4.713945E-01   
 4.712225E-01   
 4.710555E-01   
 4.708934E-01   
 4.707363E-01   
 4.705842E-01   
 4.704370E-01   
 4.702949E-01   
 4.701577E-01   
 4.700255E-01   
 4.698983E-01   
 4.697762E-01   
 4.696590E-01   
 4.695469E-01   
 4.694398E-01   
 4.693378E-01   
 4.692408E-01   
 4.691489E-01   
 4.690620E-01   
 4.689801E-01   
 4.689033E-01   
 4.688316E-01   
 4.687650E-01   
 4.687034E-01   
 4.686469E-01   
 4.685955E-01   
 4.685492E-01   
 4.685079E-01   
 4.684718E-01   
 4.684407E-01   
 4.684147E-01   
 4.683938E-01   
 4.683780E-01   
 4.683673E-01   
 4.683617E-01   
 4.683611E-01   
 4.683657E-01   
 4.683754E-01   
 4.683901E-01   
 4.684099E-01   
 4.684349E-01   
 4.684649E-01   
 4.685000E-01   
 4.685402E-01   
 4.685855E-01   
 4.686358E-01   
 4.686913E-01   
 4.687518E-01   
 4.688174E-01   
 4.688881E-01   
 4.689638E-01   
 4.690446E-01   
 4.691304E-01   
 4.692213E-01   
 4.693173E-01   
 4.694183E-01   
 4.695243E-01   
 4.696354E-01   
 4.697515E-01   
 4.698726E-01   
 4.699987E-01   
 4.701298E-01   
 4.702660E-01   
 4.704071E-01   
 4.705533E-01   
 4.707044E-01   
 4.708604E-01   
 4.710215E-01   
 4.711875E-01   
 4.713584E-01   
 4.715343E-01   
 4.717151E-01   
 4.719009E-01   
 4.720915E-01   
 4.722871E-01   
 4.724875E-01   
 4.726929E-01   
 4.729031E-01   
 4.731181E-01   
 4.733380E-01   
 4.735628E-01   
 4.737924E-01   
 4.740268E-01   
 4.742660E-01   
 4.745099E-01   
 4.747587E-01   
 4.750122E-01   
 4.752705E-01   
 4.755336E-01   
 4.758013E-01   
 4.760738E-01   
 4.763509E-01   
 4.766328E-01   
 4.769193E-01   
 4.772105E-01   
 4.775063E-01   
 4.778068E-01   
 4.781118E-01   
 4.784215E-01   
 4.787357E-01   
 4.790545E-01   
 4.793779E-01   
 4.797057E-01   
 4.800381E-01   
 4.803750E-01   
 4.807164E-01   
 4.810623E-01   
 4.814126E-01   
 4.817673E-01   
 4.821264E-01   
 4.824900E-01   
 4.828579E-01   
 4.832301E-01   
 4.836067E-01   
 4.839877E-01   
 4.843729E-01   
 4.847624E-01   
 4.851562E-01   
 4.855542E-01   
 4.859564E-01   
 4.863629E-01   
 4.867735E-01   
 4.871883E-01   
 4.876072E-01   
 4.880303E-01   
 4.884574E-01   
 4.888887E-01   
 4.893240E-01   
 4.897633E-01   
 4.902066E-01   
 4.906540E-01   
 4.911053E-01   
 4.915605E-01   
 4.920197E-01   
 4.924828E-01   
 4.929498E-01   
 4.934206E-01   
 4.938952E-01   
 4.943737E-01   
 4.948560E-01   
 4.953420E-01   
 4.958318E-01   
 4.963252E-01   
 4.968224E-01   
 4.973233E-01   
 4.978277E-01   
 4.983359E-01   
 4.988476E-01   
 4.993628E-01   
 4.998817E-01   
 5.004040E-01   
 5.009298E-01   
 5.014591E-01   
 5.019919E-01   
 5.025281E-01   
 5.030676E-01   
 5.036106E-01   
 5.041568E-01   
 5.047064E-01   
 5.052593E-01   
 5.058154E-01   
 5.063748E-01   
 5.069374E-01   
 5.075031E-01   
 5.080720E-01   
 5.086441E-01   
 5.092192E-01   
 5.097974E-01   
 5.103787E-01   
 5.109630E-01   
 5.115503E-01   
 5.121405E-01   
 5.127337E-01   
 5.133297E-01   
 5.139287E-01   
 5.145305E-01   
 5.151351E-01   
 5.157425E-01   
 5.163527E-01   
 5.169657E-01   
 5.175813E-01   
 5.181996E-01   
 5.188206E-01   
 5.194442E-01   
 5.200703E-01   
 5.206991E-01   
 5.213304E-01   
 5.219641E-01   
 5.226004E-01   
 5.232391E-01   
 5.238802E-01   
 5.245237E-01   
 5.251696E-01   
 5.258178E-01   
 5.264683E-01   
 5.271211E-01   
 5.277761E-01   
 5.284333E-01   
 5.290927E-01   
 5.297543E-01   
 5.304179E-01   
 5.310837E-01   
 5.317515E-01   
 5.324213E-01   
 5.330932E-01   
 5.337670E-01   
 5.344428E-01   
 5.351204E-01   
 5.357999E-01   
 5.364813E-01   
 5.371645E-01   
 5.378495E-01   
 5.385363E-01   
 5.392247E-01   
 5.399149E-01   
 5.406067E-01   
 5.413002E-01   
 5.419952E-01   
 5.426918E-01   
 5.433900E-01   
 5.440897E-01   
 5.447909E-01   
 5.454935E-01   
 5.461975E-01   
 5.469029E-01   
 5.476097E-01   
 5.483178E-01   
 5.490271E-01   
 5.497378E-01   
 5.504497E-01   
 5.511628E-01   
 5.518770E-01   
 5.525924E-01   
 5.533089E-01   
 5.540265E-01   
 5.547451E-01   
 5.554648E-01   
 5.561854E-01   
 5.569070E-01   
 5.576295E-01   
 5.583529E-01   
 5.590772E-01   
 5.598023E-01   
 5.605282E-01   
 5.612549E-01   
 5.619823E-01   
 5.627104E-01   
 5.634392E-01   
 5.641687E-01   
 5.648987E-01   
 5.656294E-01   
 5.663606E-01   
 5.670923E-01   
 5.678246E-01   
 5.685573E-01   
 5.692904E-01   
 5.700240E-01   
 5.707579E-01   
 5.714922E-01   
 5.722267E-01   
 5.729616E-01   
 5.736967E-01   
 5.744321E-01   
 5.751676E-01   
 5.759033E-01   
 5.766391E-01   
 5.773751E-01   
 5.781111E-01   
 5.788472E-01   
 5.795833E-01   
 5.803193E-01   
 5.810554E-01   
 5.817913E-01   
 5.825272E-01   
 5.832629E-01   
 5.839984E-01   
 5.847338E-01   
 5.854690E-01   
 5.862039E-01   
 5.869385E-01   
 5.876728E-01   
 5.884068E-01   
 5.891405E-01   
 5.898737E-01   
 5.906065E-01   
 5.913389E-01   
 5.920708E-01   
 5.928022E-01   
 5.935331E-01   
 5.942634E-01   
 5.949931E-01   
 5.957222E-01   
 5.964506E-01   
 5.971784E-01   
 5.979055E-01   
 5.986318E-01   
 5.993574E-01   
 6.000822E-01   
 6.008063E-01   
 6.015294E-01   
 6.022517E-01   
 6.029731E-01   
 6.036936E-01   
 6.044132E-01   
 6.051318E-01   
 6.058494E-01   
 6.065659E-01   
 6.072814E-01   
 6.079959E-01   
 6.087092E-01   
 6.094214E-01   
 6.101324E-01   
 6.108423E-01   
 6.115510E-01   
 6.122584E-01   
 6.129646E-01   
 6.136694E-01   
 6.143730E-01   
 6.150753E-01   
 6.157761E-01   
 6.164756E-01   
 6.171737E-01   
 6.178704E-01   
 6.185656E-01   
 6.192593E-01   
 6.199516E-01   
 6.206422E-01   
 6.213314E-01   
 6.220189E-01   
 6.227049E-01   
 6.233892E-01   
 6.240719E-01   
 6.247529E-01   
 6.254322E-01   
 6.261098E-01   
 6.267856E-01   
 6.274597E-01   
 6.281320E-01   
 6.288025E-01   
 6.294712E-01   
 6.301379E-01   
 6.308029E-01   
 6.314659E-01   
 6.321270E-01   
 6.327861E-01   
 6.334433E-01   
 6.340985E-01   
 6.347517E-01   
 6.354029E-01   
 6.360520E-01   
 6.366990E-01   
 6.373439E-01   
 6.379868E-01   
 6.386274E-01   
 6.392660E-01   
 6.399023E-01   
 6.405365E-01   
 6.411685E-01   
 6.417982E-01   
 6.424256E-01   
 6.430508E-01   
 6.436737E-01   
 6.442942E-01   
 6.449125E-01   
 6.455283E-01   
 6.461418E-01   
 6.467530E-01   
 6.473617E-01   
 6.479679E-01   
 6.485718E-01   
 6.491731E-01   
 6.497720E-01   
 6.503684E-01   
 6.509622E-01   
 6.515536E-01   
 6.521423E-01   
 6.527285E-01   
 6.533121E-01   
 6.538931E-01   
 6.544715E-01   
 6.550472E-01   
 6.556203E-01   
 6.561907E-01   
 6.567584E-01   
 6.573233E-01   
 6.578856E-01   
 6.584451E-01   
 6.590019E-01   
 6.595559E-01   
 6.601071E-01   
 6.606556E-01   
 6.612011E-01   
 6.617439E-01   
 6.622838E-01   
 6.628209E-01   
 6.633550E-01   
 6.638863E-01   
 6.644147E-01   
 6.649401E-01   
 6.654626E-01   
 6.659822E-01   
 6.664988E-01   
 6.670124E-01   
 6.675230E-01   
 6.680306E-01   
 6.685352E-01   
 6.690368E-01   
 6.695353E-01   
 6.700308E-01   
 6.705232E-01   
 6.710125E-01   
 6.714987E-01   
 6.719818E-01   
 6.724617E-01   
 6.729386E-01   
 6.734123E-01   
 6.738828E-01   
 6.743502E-01   
 6.748144E-01   
 6.752753E-01   
 6.757331E-01   
 6.761877E-01   
 6.766390E-01   
 6.770871E-01   
 6.775320E-01   
 6.779736E-01   
 6.784119E-01   
 6.788469E-01   
 6.792786E-01   
 6.797071E-01   
 6.801322E-01   
 6.805540E-01   
 6.809725E-01   
 6.813876E-01   
 6.817994E-01   
 6.822078E-01   
 6.826128E-01   
 6.830145E-01   
 6.834127E-01   
 6.838076E-01   
 6.841991E-01   
 6.845871E-01   
 6.849717E-01   
 6.853529E-01   
 6.857306E-01   
 6.861049E-01   
 6.864757E-01   
 6.868431E-01   
 6.872070E-01   
 6.875674E-01   
 6.879243E-01   
 6.882776E-01   
 6.886275E-01   
 6.889739E-01   
 6.893168E-01   
 6.896561E-01   
 6.899919E-01   
 6.903241E-01   
 6.906528E-01   
 6.909779E-01   
 6.912995E-01   
 6.916175E-01   
 6.919319E-01   
 6.922427E-01   
 6.925500E-01   
 6.928536E-01   
 6.931536E-01   
 6.934501E-01   
 6.937429E-01   
 6.940321E-01   
 6.943176E-01   
 6.945995E-01   
 6.948778E-01   
 6.951525E-01   
 6.954235E-01   
 6.956908E-01   
 6.959545E-01   
 6.962145E-01   
 6.964708E-01   
 6.967235E-01   
 6.969725E-01   
 6.972178E-01   
 6.974594E-01   
 6.976973E-01   
 6.979315E-01   
 6.981620E-01   
 6.983888E-01   
 6.986119E-01   
 6.988313E-01   
 6.990469E-01   
 6.992588E-01   
 6.994670E-01   
 6.996715E-01   
 6.998722E-01   
 7.000692E-01   
 7.002625E-01   
 7.004520E-01   
 7.006377E-01   
 7.008197E-01   
 7.009980E-01   
 7.011724E-01   
 7.013432E-01   
 7.015101E-01   
 7.016733E-01   
 7.018327E-01   
 7.019883E-01   
 7.021402E-01   
 7.022883E-01   
 7.024326E-01   
 7.025731E-01   
 7.027098E-01   
 7.028427E-01   
 7.029718E-01   
 7.030972E-01   
 7.032187E-01   
 7.033365E-01   
 7.034504E-01   
 7.035606E-01   
 7.036669E-01   
 7.037694E-01   
 7.038681E-01   
 7.039630E-01   
 7.040541E-01   
 7.041414E-01   
 7.042249E-01   
 7.043045E-01   
 7.043804E-01   
 7.044524E-01   
 7.045206E-01   
 7.045850E-01   
 7.046455E-01   
 7.047022E-01   
 7.047552E-01   
 7.048042E-01   
 7.048495E-01   
 7.048909E-01   
 7.049285E-01   
 7.049623E-01   
 7.049922E-01   
 7.050183E-01   
 7.050406E-01   
 7.050591E-01   
 7.050737E-01   
 7.050845E-01   
 7.050914E-01   
 7.050946E-01   
 7.050939E-01   
 7.050893E-01   
 7.050810E-01   
 7.050688E-01   
 7.050528E-01   
 7.050329E-01   
 7.050092E-01   
 7.049817E-01   
 7.049504E-01   
 7.049152E-01   
 7.048762E-01   
 7.048334E-01   
 7.047867E-01   
 7.047362E-01   
 7.046819E-01   
 7.046238E-01   
 7.045619E-01   
 7.044961E-01   
 7.044265E-01   
 7.043531E-01   
 7.042758E-01   
 7.041948E-01   
 7.041099E-01   
 7.040213E-01   
 7.039288E-01   
 7.038325E-01   
 7.037324E-01   
 7.036284E-01   
 7.035207E-01   
 7.034092E-01   
 7.032939E-01   
 7.031747E-01   
 7.030518E-01   
 7.029251E-01   
 7.027945E-01   
 7.026602E-01   
 7.025221E-01   
 7.023802E-01   
 7.022346E-01   
 7.020851E-01   
 7.019319E-01   
 7.017749E-01   
 7.016141E-01   
 7.014495E-01   
 7.012812E-01   
 7.011091E-01   
 7.009333E-01   
 7.007537E-01   
 7.005703E-01   
 7.003832E-01   
 7.001923E-01   
 6.999977E-01   
 6.997994E-01   
 6.995973E-01   
 6.993914E-01   
 6.991819E-01   
 6.989686E-01   
 6.987516E-01   
 6.985309E-01   
 6.983064E-01   
 6.980783E-01   
 6.978464E-01   
 6.976109E-01   
 6.973716E-01   
 6.971287E-01   
 6.968821E-01   
 6.966317E-01   
 6.963777E-01   
 6.961201E-01   
 6.958587E-01   
 6.955937E-01   
 6.953251E-01   
 6.950528E-01   
 6.947768E-01   
 6.944972E-01   
 6.942140E-01   
 6.939271E-01   
 6.936366E-01   
 6.933425E-01   
 6.930447E-01   
 6.927434E-01   
 6.924385E-01   
 6.921299E-01   
 6.918178E-01   
 6.915021E-01   
 6.911828E-01   
 6.908600E-01   
 6.905335E-01   
 6.902036E-01   
 6.898701E-01   
 6.895330E-01   
 6.891924E-01   
 6.888483E-01   
 6.885006E-01   
 6.881495E-01   
 6.877948E-01   
 6.874367E-01   
 6.870750E-01   
 6.867099E-01   
 6.863413E-01   
 6.859692E-01   
 6.855937E-01   
 6.852147E-01   
 6.848323E-01   
 6.844465E-01   
 6.840572E-01   
 6.836645E-01   
 6.832684E-01   
 6.828689E-01   
 6.824661E-01   
 6.820598E-01   
 6.816502E-01   
 6.812372E-01   
 6.808209E-01   
 6.804012E-01   
 6.799782E-01   
 6.795519E-01   
 6.791223E-01   
 6.786894E-01   
 6.782532E-01   
 6.778137E-01   
 6.773709E-01   
 6.769249E-01   
 6.764756E-01   
 6.760231E-01   
 6.755674E-01   
 6.751085E-01   
 6.746464E-01   
 6.741810E-01   
 6.737125E-01   
 6.732409E-01   
 6.727660E-01   
 6.722881E-01   
 6.718070E-01   
 6.713228E-01   
 6.708355E-01   
 6.703451E-01   
 6.698516E-01   
 6.693550E-01   
 6.688554E-01   
 6.683528E-01   
 6.678471E-01   
 6.673384E-01   
 6.668267E-01   
 6.663120E-01   
 6.657944E-01   
 6.652737E-01   
 6.647502E-01   
 6.642237E-01   
 6.636943E-01   
 6.631620E-01   
 6.626268E-01   
 6.620887E-01   
 6.615478E-01   
 6.610040E-01   
 6.604574E-01   
 6.599080E-01   
 6.593558E-01   
 6.588008E-01   
 6.582430E-01   
 6.576825E-01   
 6.571193E-01   
 6.565533E-01   
 6.559846E-01   
 6.554133E-01   
 6.548393E-01   
 6.542626E-01   
 6.536833E-01   
 6.531014E-01   
 6.525168E-01   
 6.519297E-01   
 6.513401E-01   
 6.507478E-01   
 6.501531E-01   
 6.495558E-01   
 6.489560E-01   
 6.483538E-01   
 6.477491E-01   
 6.471419E-01   
 6.465324E-01   
 6.459204E-01   
 6.453061E-01   
 6.446893E-01   
 6.440703E-01   
 6.434489E-01   
 6.428252E-01   
 6.421992E-01   
 6.415709E-01   
 6.409404E-01   
 6.403077E-01   
 6.396727E-01   
 6.390356E-01   
 6.383963E-01   
 6.377548E-01   
 6.371112E-01   
 6.364656E-01   
 6.358178E-01   
 6.351679E-01   
 6.345161E-01   
 6.338621E-01   
 6.332062E-01   
 6.325483E-01   
 6.318885E-01   
 6.312267E-01   
 6.305630E-01   
 6.298974E-01   
 6.292300E-01   
 6.285607E-01   
 6.278895E-01   
 6.272166E-01   
 6.265419E-01   
 6.258654E-01   
 6.251872E-01   
 6.245073E-01   
 6.238257E-01   
 6.231424E-01   
 6.224575E-01   
 6.217709E-01   
 6.210828E-01   
 6.203931E-01   
 6.197019E-01   
 6.190091E-01   
 6.183149E-01   
 6.176191E-01   
 6.169220E-01   
 6.162234E-01   
 6.155234E-01   
 6.148220E-01   
 6.141193E-01   
 6.134152E-01   
 6.127099E-01   
 6.120032E-01   
 6.112954E-01   
 6.105863E-01   
 6.098760E-01   
 6.091645E-01   
 6.084519E-01   
 6.077382E-01   
 6.070234E-01   
 6.063075E-01   
 6.055905E-01   
 6.048726E-01   
 6.041537E-01   
 6.034338E-01   
 6.027129E-01   
 6.019912E-01   
 6.012686E-01   
 6.005451E-01   
 5.998208E-01   
 5.990957E-01   
 5.983698E-01   
 5.976432E-01   
 5.969159E-01   
 5.961878E-01   
 5.954591E-01   
 5.947298E-01   
 5.939999E-01   
 5.932694E-01   
 5.925383E-01   
 5.918067E-01   
 5.910747E-01   
 5.903421E-01   
 5.896091E-01   
 5.888758E-01   
 5.881420E-01   
 5.874079E-01   
 5.866734E-01   
 5.859387E-01   
 5.852037E-01   
 5.844684E-01   
 5.837330E-01   
 5.829974E-01   
 5.822616E-01   
 5.815257E-01   
 5.807897E-01   
 5.800537E-01   
 5.793176E-01   
 5.785815E-01   
 5.778454E-01   
 5.771094E-01   
 5.763735E-01   
 5.756377E-01   
 5.749021E-01   
 5.741666E-01   
 5.734313E-01   
 5.726963E-01   
 5.719615E-01   
 5.712271E-01   
 5.704929E-01   
 5.697591E-01   
 5.690257E-01   
 5.682927E-01   
 5.675602E-01   
 5.668281E-01   
 5.660966E-01   
 5.653655E-01   
 5.646351E-01   
 5.639052E-01   
 5.631760E-01   
 5.624474E-01   
 5.617196E-01   
 5.609924E-01   
 5.602660E-01   
 5.595404E-01   
 5.588156E-01   
 5.580916E-01   
 5.573685E-01   
 5.566463E-01   
 5.559251E-01   
 5.552048E-01   
 5.544855E-01   
 5.537672E-01   
 5.530500E-01   
 5.523339E-01   
 5.516189E-01   
 5.509051E-01   
 5.501924E-01   
 5.494810E-01   
 5.487708E-01   
 5.480619E-01   
 5.473543E-01   
 5.466480E-01   
 5.459431E-01   
 5.452395E-01   
 5.445374E-01   
 5.438368E-01   
 5.431377E-01   
 5.424401E-01   
 5.417440E-01   
 5.410495E-01   
 5.403566E-01   
 5.396654E-01   
 5.389758E-01   
 5.382880E-01   
 5.376019E-01   
 5.369175E-01   
 5.362350E-01   
 5.355543E-01   
 5.348754E-01   
 5.341984E-01   
 5.335234E-01   
 5.328503E-01   
 5.321791E-01   
 5.315100E-01   
 5.308429E-01   
 5.301779E-01   
 5.295150E-01   
 5.288543E-01   
 5.281956E-01   
 5.275392E-01   
 5.268850E-01   
 5.262331E-01   
 5.255834E-01   
 5.249360E-01   
 5.242910E-01   
 5.236483E-01   
 5.230081E-01   
 5.223703E-01   
 5.217349E-01   
 5.211020E-01   
 5.204716E-01   
 5.198438E-01   
 5.192186E-01   
 5.185959E-01   
 5.179759E-01   
 5.173586E-01   
 5.167439E-01   
 5.161320E-01   
 5.155228E-01   
 5.149164E-01   
 5.143128E-01   
 5.137120E-01   
 5.131141E-01   
 5.125190E-01   
 5.119269E-01   
 5.113378E-01   
 5.107516E-01   
 5.101684E-01   
 5.095882E-01   
 5.090111E-01   
 5.084371E-01   
 5.078662E-01   
 5.072984E-01   
 5.067338E-01   
 5.061724E-01   
 5.056142E-01   
 5.050592E-01   
 5.045075E-01   
 5.039591E-01   
 5.034141E-01   
 5.028723E-01   
 5.023340E-01   
 5.017991E-01   
 5.012676E-01   
 5.007395E-01   
 5.002149E-01   
 4.996939E-01   
 4.991763E-01   
 4.986624E-01   
 4.981520E-01   
 4.976452E-01   
 4.971420E-01   
 4.966425E-01   
 4.961466E-01   
 4.956545E-01   
 4.951661E-01   
 4.946814E-01   
 4.942005E-01   
 4.937234E-01   
 4.932502E-01   
 4.927807E-01   
 4.923152E-01   
 4.918535E-01   
 4.913957E-01   
 4.909419E-01   
 4.904920E-01   
 4.900462E-01   
 4.896043E-01   
 4.891664E-01   
 4.887326E-01   
 4.883028E-01   
 4.878772E-01   
 4.874556E-01   
 4.870382E-01   
 4.866249E-01   
 4.862158E-01   
 4.858109E-01   
 4.854102E-01   
 4.850137E-01   
 4.846215E-01   
 4.842335E-01   
 4.838498E-01   
 4.834705E-01   
 4.830954E-01   
 4.827248E-01   
 4.823584E-01   
 4.819965E-01   
 4.816390E-01   
 4.812858E-01   
 4.809372E-01   
 4.805929E-01   
 4.802532E-01   
 4.799179E-01   
 4.795871E-01   
 4.792609E-01   
 4.789392E-01   
 4.786221E-01   
 4.783095E-01   
 4.780015E-01   
 4.776981E-01   
 4.773993E-01   
 4.771052E-01   
 4.768157E-01   
 4.765309E-01   
 4.762507E-01   
 4.759753E-01   
 4.757045E-01   
 4.754385E-01   
 4.751772E-01   
 4.749206E-01   
 4.746688E-01   
 4.744218E-01   
 4.741796E-01   
 4.739421E-01   
 4.737095E-01   
 4.734816E-01   
 4.732586E-01   
 4.730405E-01   
 4.728272E-01   
 4.726188E-01   
 4.724152E-01   
 4.722165E-01   
 4.720228E-01   
 4.718339E-01   
 4.716499E-01   
 4.714709E-01   
 4.712968E-01   
 4.711277E-01   
 4.709635E-01   
 4.708042E-01   
 4.706500E-01   
 4.705007E-01   
 4.703563E-01   
 4.702170E-01   
 4.700827E-01   
 4.699534E-01   
 4.698291E-01   
 4.697098E-01   
 4.695955E-01   
 4.694863E-01   
 4.693821E-01   
 4.692829E-01   
 4.691888E-01   
 4.690997E-01   
 4.690157E-01   
 4.689368E-01   
 4.688629E-01   
 4.687941E-01   
 4.687303E-01   
 4.686716E-01   
 4.686180E-01   
 4.685695E-01   
 4.685261E-01   
 4.684877E-01   
 4.684545E-01   
 4.684263E-01   
 4.684032E-01   
 4.683852E-01   
 4.683723E-01   
 4.683645E-01   
 4.683618E-01   
 4.683642E-01   
 4.683717E-01   
 4.683842E-01   
 4.684019E-01   
 4.684246E-01   
 4.684525E-01   
 4.684854E-01   
 4.685234E-01   
 4.685665E-01   
 4.686147E-01   
 4.686679E-01   
 4.687263E-01   
 4.687897E-01   
 4.688582E-01   
 4.689317E-01   
 4.690103E-01   
 4.690940E-01   
 4.691827E-01   
 4.692765E-01   
 4.693753E-01   
 4.694792E-01   
 4.695881E-01   
 4.697021E-01   
 4.698210E-01   
 4.699450E-01   
 4.700740E-01   
 4.702080E-01   
 4.703470E-01   
 4.704909E-01   
 4.706399E-01   
 4.707939E-01   
 4.709528E-01   
 4.711166E-01   
 4.712855E-01   
 4.714592E-01   
 4.716379E-01   
 4.718216E-01   
 4.720101E-01   
 4.722036E-01   
 4.724019E-01   
 4.726051E-01   
 4.728132E-01   
 4.730262E-01   
 4.732440E-01   
 4.734667E-01   
 4.736942E-01   
 4.739265E-01   
 4.741637E-01   
 4.744056E-01   
 4.746523E-01   
 4.749038E-01   
 4.751600E-01   
 4.754210E-01   
 4.756867E-01   
 4.759572E-01   
 4.762323E-01   
 4.765122E-01   
 4.767967E-01   
 4.770859E-01   
 4.773797E-01   
 4.776781E-01   
 4.779812E-01   
 4.782889E-01   
 4.786012E-01   
 4.789180E-01   
 4.792394E-01   
 4.795653E-01   
 4.798958E-01   
 4.802308E-01   
 4.805702E-01   
 4.809141E-01   
 4.812625E-01   
 4.816153E-01   
 4.819726E-01   
 4.823342E-01   
 4.827003E-01   
 4.830707E-01   
 4.834454E-01   
 4.838245E-01   
 4.842078E-01   
 4.845955E-01   
 4.849874E-01   
 4.853836E-01   
 4.857841E-01   
 4.861887E-01   
 4.865975E-01   
 4.870105E-01   
 4.874277E-01   
 4.878490E-01   
 4.882743E-01   
 4.887038E-01   
 4.891374E-01   
 4.895750E-01   
 4.900166E-01   
 4.904622E-01   
 4.909118E-01   
 4.913654E-01   
 4.918228E-01   
 4.922843E-01   
 4.927496E-01   
 4.932187E-01   
 4.936917E-01   
 4.941686E-01   
 4.946492E-01   
 4.951336E-01   
 4.956217E-01   
 4.961136E-01   
 4.966092E-01   
 4.971085E-01   
 4.976114E-01   
 4.981180E-01   
 4.986281E-01   
 4.991419E-01   
 4.996592E-01   
 5.001800E-01   
 5.007043E-01   
 5.012321E-01   
 5.017634E-01   
 5.022981E-01   
 5.028362E-01   
 5.033777E-01   
 5.039225E-01   
 5.044707E-01   
 5.050221E-01   
 5.055769E-01   
 5.061348E-01   
 5.066960E-01   
 5.072604E-01   
 5.078280E-01   
 5.083987E-01   
 5.089725E-01   
 5.095494E-01   
 5.101293E-01   
 5.107123E-01   
 5.112983E-01   
 5.118873E-01   
 5.124792E-01   
 5.130740E-01   
 5.136717E-01   
 5.142723E-01   
 5.148757E-01   
 5.154819E-01   
 5.160909E-01   
 5.167026E-01   
 5.173171E-01   
 5.179343E-01   
 5.185541E-01   
 5.191766E-01   
 5.198016E-01   
 5.204293E-01   
 5.210594E-01   
 5.216921E-01   
 5.223273E-01   
 5.229650E-01   
 5.236051E-01   
 5.242476E-01   
 5.248924E-01   
 5.255396E-01   
 5.261891E-01   
 5.268409E-01   
 5.274949E-01   
 5.281512E-01   
 5.288097E-01   
 5.294703E-01   
 5.301330E-01   
 5.307979E-01   
 5.314648E-01   
 5.321338E-01   
 5.328048E-01   
 5.334777E-01   
 5.341527E-01   
 5.348295E-01   
 5.355082E-01   
 5.361888E-01   
 5.368712E-01   
 5.375554E-01   
 5.382414E-01   
 5.389291E-01   
 5.396186E-01   
 5.403097E-01   
 5.410024E-01   
 5.416968E-01   
 5.423927E-01   
 5.430902E-01   
 5.437893E-01   
 5.444898E-01   
 5.451918E-01   
 5.458952E-01   
 5.466000E-01   
 5.473062E-01   
 5.480137E-01   
 5.487225E-01   
 5.494326E-01   
 5.501440E-01   
 5.508565E-01   
 5.515703E-01   
 5.522852E-01   
 5.530012E-01   
 5.537183E-01   
 5.544365E-01   
 5.551557E-01   
 5.558759E-01   
 5.565971E-01   
 5.573192E-01   
 5.580422E-01   
 5.587661E-01   
 5.594908E-01   
 5.602164E-01   
 5.609427E-01   
 5.616698E-01   
 5.623976E-01   
 5.631262E-01   
 5.638553E-01   
 5.645851E-01   
 5.653155E-01   
 5.660465E-01   
 5.667780E-01   
 5.675100E-01   
 5.682425E-01   
 5.689755E-01   
 5.697088E-01   
 5.704426E-01   
 5.711767E-01   
 5.719111E-01   
 5.726459E-01   
 5.733809E-01   
 5.741161E-01   
 5.748516E-01   
 5.755872E-01   
 5.763230E-01   
 5.770589E-01   
 5.777949E-01   
 5.785309E-01   
 5.792670E-01   
 5.800031E-01   
 5.807391E-01   
 5.814751E-01   
 5.822110E-01   
 5.829467E-01   
 5.836824E-01   
 5.844178E-01   
 5.851531E-01   
 5.858881E-01   
 5.866228E-01   
 5.873573E-01   
 5.880914E-01   
 5.888252E-01   
 5.895586E-01   
 5.902916E-01   
 5.910242E-01   
 5.917563E-01   
 5.924879E-01   
 5.932189E-01   
 5.939495E-01   
 5.946794E-01   
 5.954088E-01   
 5.961375E-01   
 5.968656E-01   
 5.975930E-01   
 5.983196E-01   
 5.990455E-01   
 5.997707E-01   
 6.004950E-01   
 6.012186E-01   
 6.019412E-01   
 6.026630E-01   
 6.033839E-01   
 6.041039E-01   
 6.048229E-01   
 6.055409E-01   
 6.062579E-01   
 6.069738E-01   
 6.076887E-01   
 6.084025E-01   
 6.091152E-01   
 6.098267E-01   
 6.105371E-01   
 6.112463E-01   
 6.119542E-01   
 6.126609E-01   
 6.133663E-01   
 6.140705E-01   
 6.147733E-01   
 6.154748E-01   
 6.161749E-01   
 6.168736E-01   
 6.175708E-01   
 6.182667E-01   
 6.189610E-01   
 6.196539E-01   
 6.203452E-01   
 6.210350E-01   
 6.217232E-01   
 6.224099E-01   
 6.230949E-01   
 6.237783E-01   
 6.244600E-01   
 6.251400E-01   
 6.258184E-01   
 6.264949E-01   
 6.271698E-01   
 6.278428E-01   
 6.285141E-01   
 6.291835E-01   
 6.298511E-01   
 6.305168E-01   
 6.311807E-01   
 6.318426E-01   
 6.325026E-01   
 6.331606E-01   
 6.338166E-01   
 6.344707E-01   
 6.351227E-01   
 6.357727E-01   
 6.364206E-01   
 6.370664E-01   
 6.377102E-01   
 6.383518E-01   
 6.389912E-01   
 6.396285E-01   
 6.402636E-01   
 6.408965E-01   
 6.415272E-01   
 6.421556E-01   
 6.427817E-01   
 6.434056E-01   
 6.440272E-01   
 6.446464E-01   
 6.452633E-01   
 6.458778E-01   
 6.464899E-01   
 6.470997E-01   
 6.477070E-01   
 6.483119E-01   
 6.489143E-01   
 6.495142E-01   
 6.501117E-01   
 6.507066E-01   
 6.512990E-01   
 6.518889E-01   
 6.524761E-01   
 6.530609E-01   
 6.536430E-01   
 6.542225E-01   
 6.547993E-01   
 6.553735E-01   
 6.559451E-01   
 6.565139E-01   
 6.570801E-01   
 6.576435E-01   
 6.582042E-01   
 6.587622E-01   
 6.593173E-01   
 6.598698E-01   
 6.604194E-01   
 6.609662E-01   
 6.615101E-01   
 6.620513E-01   
 6.625895E-01   
 6.631249E-01   
 6.636575E-01   
 6.641871E-01   
 6.647138E-01   
 6.652375E-01   
 6.657584E-01   
 6.662762E-01   
 6.667911E-01   
 6.673030E-01   
 6.678119E-01   
 6.683178E-01   
 6.688207E-01   
 6.693205E-01   
 6.698173E-01   
 6.703110E-01   
 6.708016E-01   
 6.712891E-01   
 6.717736E-01   
 6.722549E-01   
 6.727331E-01   
 6.732081E-01   
 6.736800E-01   
 6.741487E-01   
 6.746143E-01   
 6.750766E-01   
 6.755358E-01   
 6.759917E-01   
 6.764444E-01   
 6.768939E-01   
 6.773402E-01   
 6.777832E-01   
 6.782229E-01   
 6.786593E-01   
 6.790925E-01   
 6.795223E-01   
 6.799489E-01   
 6.803721E-01   
 6.807920E-01   
 6.812085E-01   
 6.816217E-01   
 6.820316E-01   
 6.824381E-01   
 6.828412E-01   
 6.832409E-01   
 6.836372E-01   
 6.840301E-01   
 6.844197E-01   
 6.848057E-01   
 6.851884E-01   
 6.855676E-01   
 6.859434E-01   
 6.863157E-01   
 6.866845E-01   
 6.870499E-01   
 6.874118E-01   
 6.877702E-01   
 6.881251E-01   
 6.884764E-01   
 6.888243E-01   
 6.891687E-01   
 6.895095E-01   
 6.898468E-01   
 6.901806E-01   
 6.905108E-01   
 6.908375E-01   
 6.911605E-01   
 6.914801E-01   
 6.917960E-01   
 6.921084E-01   
 6.924172E-01   
 6.927223E-01   
 6.930239E-01   
 6.933219E-01   
 6.936163E-01   
 6.939070E-01   
 6.941941E-01   
 6.944776E-01   
 6.947574E-01   
 6.950336E-01   
 6.953062E-01   
 6.955751E-01   
 6.958403E-01   
 6.961019E-01   
 6.963598E-01   
 6.966141E-01   
 6.968646E-01   
 6.971115E-01   
 6.973547E-01   
 6.975942E-01   
 6.978300E-01   
 6.980621E-01   
 6.982905E-01   
 6.985152E-01   
 6.987361E-01   
 6.989534E-01   
 6.991669E-01   
 6.993767E-01   
 6.995828E-01   
 6.997851E-01   
 6.999837E-01   
 7.001786E-01   
 7.003697E-01   
 7.005570E-01   
 7.007406E-01   
 7.009205E-01   
 7.010966E-01   
 7.012689E-01   
 7.014375E-01   
 7.016023E-01   
 7.017633E-01   
 7.019206E-01   
 7.020740E-01   
 7.022237E-01   
 7.023696E-01   
 7.025118E-01   
 7.026501E-01   
 7.027847E-01   
 7.029154E-01   
 7.030424E-01   
 7.031656E-01   
 7.032850E-01   
 7.034005E-01   
 7.035123E-01   
 7.036203E-01   
 7.037244E-01   
 7.038248E-01   
 7.039213E-01   
 7.040141E-01   
 7.041030E-01   
 7.041881E-01   
 7.042694E-01   
 7.043469E-01   
 7.044205E-01   
 7.044903E-01   
 7.045564E-01   
 7.046185E-01   
 7.046769E-01   
 7.047315E-01   
 7.047822E-01   
 7.048291E-01   
 7.048721E-01   
 7.049114E-01   
 7.049468E-01   
 7.049784E-01   
 7.050061E-01   
 7.050301E-01   
 7.050502E-01   
 7.050664E-01   
 7.050789E-01   
 7.050875E-01   
 7.050922E-01   
 7.050932E-01   
 7.050903E-01   
 7.050836E-01   
 7.050730E-01   
 7.050586E-01   
 7.050404E-01   
 7.050184E-01   
 7.049925E-01   
 7.049628E-01   
 7.049293E-01   
 7.048919E-01   
 7.048508E-01   
 7.048058E-01   
 7.047569E-01   
 7.047043E-01   
 7.046478E-01   
 7.045875E-01   
 7.045233E-01   
 7.044554E-01   
 7.043836E-01   
 7.043080E-01   
 7.042286E-01   
 7.041454E-01   
 7.040583E-01   
 7.039675E-01   
 7.038728E-01   
 7.037744E-01   
 7.036721E-01   
 7.035660E-01   
 7.034561E-01   
 7.033424E-01   
 7.032249E-01   
 7.031036E-01   
 7.029785E-01   
 7.028496E-01   
 7.027169E-01   
 7.025804E-01   
 7.024402E-01   
 7.022961E-01   
 7.021483E-01   
 7.019967E-01   
 7.018413E-01   
 7.016821E-01   
 7.015192E-01   
 7.013525E-01   
 7.011820E-01   
 7.010078E-01   
 7.008298E-01   
 7.006481E-01   
 7.004626E-01   
 7.002733E-01   
 7.000803E-01   
 6.998836E-01   
 6.996831E-01   
 6.994789E-01   
 6.992709E-01   
 6.990592E-01   
 6.988438E-01   
 6.986247E-01   
 6.984019E-01   
 6.981753E-01   
 6.979450E-01   
 6.977111E-01   
 6.974734E-01   
 6.972321E-01   
 6.969870E-01   
 6.967383E-01   
 6.964859E-01   
 6.962298E-01   
 6.959700E-01   
 6.957066E-01   
 6.954395E-01   
 6.951687E-01   
 6.948943E-01   
 6.946163E-01   
 6.943346E-01   
 6.940493E-01   
 6.937604E-01   
 6.934678E-01   
 6.931716E-01   
 6.928719E-01   
 6.925685E-01   
 6.922615E-01   
 6.919509E-01   
 6.916367E-01   
 6.913190E-01   
 6.909977E-01   
 6.906728E-01   
 6.903443E-01   
 6.900123E-01   
 6.896768E-01   
 6.893377E-01   
 6.889951E-01   
 6.886490E-01   
 6.882994E-01   
 6.879462E-01   
 6.875895E-01   
 6.872294E-01   
 6.868658E-01   
 6.864987E-01   
 6.861281E-01   
 6.857540E-01   
 6.853766E-01   
 6.849956E-01   
 6.846113E-01   
 6.842235E-01   
 6.838322E-01   
 6.834376E-01   
 6.830396E-01   
 6.826382E-01   
 6.822334E-01   
 6.818252E-01   
 6.814137E-01   
 6.809988E-01   
 6.805806E-01   
 6.801590E-01   
 6.797341E-01   
 6.793059E-01   
 6.788744E-01   
 6.784396E-01   
 6.780015E-01   
 6.775602E-01   
 6.771156E-01   
 6.766677E-01   
 6.762166E-01   
 6.757623E-01   
 6.753047E-01   
 6.748440E-01   
 6.743800E-01   
 6.739129E-01   
 6.734426E-01   
 6.729691E-01   
 6.724925E-01   
 6.720128E-01   
 6.715299E-01   
 6.710439E-01   
 6.705548E-01   
 6.700627E-01   
 6.695674E-01   
 6.690691E-01   
 6.685678E-01   
 6.680634E-01   
 6.675560E-01   
 6.670456E-01   
 6.665322E-01   
 6.660158E-01   
 6.654965E-01   
 6.649742E-01   
 6.644490E-01   
 6.639208E-01   
 6.633898E-01   
 6.628558E-01   
 6.623190E-01   
 6.617793E-01   
 6.612367E-01   
 6.606913E-01   
 6.601431E-01   
 6.595921E-01   
 6.590383E-01   
 6.584818E-01   
 6.579224E-01   
 6.573604E-01   
 6.567956E-01   
 6.562281E-01   
 6.556579E-01   
 6.550850E-01   
 6.545095E-01   
 6.539313E-01   
 6.533505E-01   
 6.527671E-01   
 6.521811E-01   
 6.515925E-01   
 6.510014E-01   
 6.504078E-01   
 6.498116E-01   
 6.492129E-01   
 6.486117E-01   
 6.480081E-01   
 6.474020E-01   
 6.467934E-01   
 6.461825E-01   
 6.455692E-01   
 6.449535E-01   
 6.443354E-01   
 6.437150E-01   
 6.430923E-01   
 6.424673E-01   
 6.418400E-01   
 6.412105E-01   
 6.405787E-01   
 6.399447E-01   
 6.393085E-01   
 6.386702E-01   
 6.380296E-01   
 6.373870E-01   
 6.367422E-01   
 6.360953E-01   
 6.354464E-01   
 6.347954E-01   
 6.341423E-01   
 6.334873E-01   
 6.328302E-01   
 6.321712E-01   
 6.315103E-01   
 6.308474E-01   
 6.301826E-01   
 6.295160E-01   
 6.288475E-01   
 6.281771E-01   
 6.275050E-01   
 6.268310E-01   
 6.261553E-01   
 6.254779E-01   
 6.247987E-01   
 6.241178E-01   
 6.234352E-01   
 6.227510E-01   
 6.220652E-01   
 6.213778E-01   
 6.206888E-01   
 6.199982E-01   
 6.193061E-01   
 6.186125E-01   
 6.179174E-01   
 6.172208E-01   
 6.165228E-01   
 6.158234E-01   
 6.151227E-01   
 6.144205E-01   
 6.137170E-01   
 6.130123E-01   
 6.123062E-01   
 6.115989E-01   
 6.108903E-01   
 6.101805E-01   
 6.094696E-01   
 6.087574E-01   
 6.080442E-01   
 6.073299E-01   
 6.066144E-01   
 6.058979E-01   
 6.051804E-01   
 6.044619E-01   
 6.037425E-01   
 6.030220E-01   
 6.023007E-01   
 6.015785E-01   
 6.008553E-01   
 6.001314E-01   
 5.994067E-01   
 5.986811E-01   
 5.979548E-01   
 5.972278E-01   
 5.965001E-01   
 5.957717E-01   
 5.950426E-01   
 5.943130E-01   
 5.935827E-01   
 5.928519E-01   
 5.921205E-01   
 5.913887E-01   
 5.906563E-01   
 5.899236E-01   
 5.891904E-01   
 5.884568E-01   
 5.877228E-01   
 5.869885E-01   
 5.862539E-01   
 5.855190E-01   
 5.847839E-01   
 5.840485E-01   
 5.833130E-01   
 5.825773E-01   
 5.818414E-01   
 5.811055E-01   
 5.803695E-01   
 5.796334E-01   
 5.788973E-01   
 5.781613E-01   
 5.774252E-01   
 5.766893E-01   
 5.759534E-01   
 5.752177E-01   
 5.744822E-01   
 5.737468E-01   
 5.730117E-01   
 5.722768E-01   
 5.715422E-01   
 5.708079E-01   
 5.700740E-01   
 5.693404E-01   
 5.686073E-01   
 5.678745E-01   
 5.671423E-01   
 5.664105E-01   
 5.656793E-01   
 5.649486E-01   
 5.642185E-01   
 5.634890E-01   
 5.627601E-01   
 5.620320E-01   
 5.613045E-01   
 5.605778E-01   
 5.598518E-01   
 5.591267E-01   
 5.584023E-01   
 5.576789E-01   
 5.569563E-01   
 5.562347E-01   
 5.555140E-01   
 5.547943E-01   
 5.540756E-01   
 5.533579E-01   
 5.526413E-01   
 5.519259E-01   
 5.512115E-01   
 5.504984E-01   
 5.497864E-01   
 5.490757E-01   
 5.483662E-01   
 5.476580E-01   
 5.469512E-01   
 5.462457E-01   
 5.455416E-01   
 5.448389E-01   
 5.441376E-01   
 5.434379E-01   
 5.427396E-01   
 5.420429E-01   
 5.413477E-01   
 5.406541E-01   
 5.399622E-01   
 5.392719E-01   
 5.385834E-01   
 5.378965E-01   
 5.372114E-01   
 5.365281E-01   
 5.358466E-01   
 5.351669E-01   
 5.344891E-01   
 5.338133E-01   
 5.331393E-01   
 5.324674E-01   
 5.317974E-01   
 5.311294E-01   
 5.304635E-01   
 5.297997E-01   
 5.291380E-01   
 5.284785E-01   
 5.278211E-01   
 5.271660E-01   
 5.265131E-01   
 5.258624E-01   
 5.252141E-01   
 5.245681E-01   
 5.239244E-01   
 5.232831E-01   
 5.226442E-01   
 5.220078E-01   
 5.213739E-01   
 5.207424E-01   
 5.201135E-01   
 5.194872E-01   
 5.188634E-01   
 5.182423E-01   
 5.176238E-01   
 5.170080E-01   
 5.163949E-01   
 5.157845E-01   
 5.151769E-01   
 5.145721E-01   
 5.139701E-01   
 5.133710E-01   
 5.127747E-01   
 5.121813E-01   
 5.115909E-01   
 5.110035E-01   
 5.104190E-01   
 5.098375E-01   
 5.092591E-01   
 5.086838E-01   
 5.081115E-01   
 5.075424E-01   
 5.069764E-01   
 5.064136E-01   
 5.058541E-01   
 5.052977E-01   
 5.047446E-01   
 5.041948E-01   
 5.036483E-01   
 5.031052E-01   
 5.025654E-01   
 5.020290E-01   
 5.014960E-01   
 5.009665E-01   
 5.004404E-01   
 4.999179E-01   
 4.993988E-01   
 4.988833E-01   
 4.983714E-01   
 4.978630E-01   
 4.973583E-01   
 4.968572E-01   
 4.963598E-01   
 4.958661E-01   
 4.953761E-01   
 4.948898E-01   
 4.944073E-01   
 4.939286E-01   
 4.934537E-01   
 4.929826E-01   
 4.925154E-01   
 4.920520E-01   
 4.915926E-01   
 4.911371E-01   
 4.906855E-01   
 4.902379E-01   
 4.897943E-01   
 4.893547E-01   
 4.889192E-01   
 4.884877E-01   
 4.880603E-01   
 4.876370E-01   
 4.872178E-01   
 4.868027E-01   
 4.863918E-01   
 4.859851E-01   
 4.855826E-01   
 4.851843E-01   
 4.847902E-01   
 4.844004E-01   
 4.840149E-01   
 4.836337E-01   
 4.832568E-01   
 4.828843E-01   
 4.825161E-01   
 4.821523E-01   
 4.817929E-01   
 4.814378E-01   
 4.810873E-01   
 4.807411E-01   
 4.803994E-01   
 4.800623E-01   
 4.797296E-01   
 4.794014E-01   
 4.790777E-01   
 4.787586E-01   
 4.784441E-01   
 4.781342E-01   
 4.778288E-01   
 4.775280E-01   
 4.772319E-01   
 4.769404E-01   
 4.766536E-01   
 4.763715E-01   
 4.760940E-01   
 4.758212E-01   
 4.755532E-01   
 4.752898E-01   
 4.750312E-01   
 4.747774E-01   
 4.745283E-01   
 4.742840E-01   
 4.740445E-01   
 4.738098E-01   
 4.735799E-01   
 4.733548E-01   
 4.731346E-01   
 4.729192E-01   
 4.727087E-01   
 4.725031E-01   
 4.723023E-01   
 4.721064E-01   
 4.719154E-01   
 4.717294E-01   
 4.715482E-01   
 4.713720E-01   
 4.712008E-01   
 4.710344E-01   
 4.708731E-01   
 4.707166E-01   
 4.705652E-01   
 4.704188E-01   
 4.702773E-01   
 4.701408E-01   
 4.700094E-01   
 4.698829E-01   
 4.697615E-01   
 4.696450E-01   
 4.695336E-01   
 4.694273E-01   
 4.693259E-01   
 4.692297E-01   
 4.691384E-01   
 4.690523E-01   
 4.689711E-01   
 4.688951E-01   
 4.688241E-01   
 4.687582E-01   
 4.686973E-01   
 4.686415E-01   
 4.685908E-01   
 4.685452E-01   
 4.685047E-01   
 4.684692E-01   
 4.684389E-01   
 4.684136E-01   
 4.683934E-01   
 4.683783E-01   
 4.683683E-01   
 4.683634E-01   
 4.683636E-01   
 4.683689E-01   
 4.683793E-01   
 4.683948E-01   
 4.684153E-01   
 4.684410E-01   
 4.684717E-01   
 4.685076E-01   
 4.685485E-01   
 4.685945E-01   
 4.686455E-01   
 4.687017E-01   
 4.687629E-01   
 4.688292E-01   
 4.689006E-01   
 4.689770E-01   
 4.690586E-01   
 4.691451E-01   
 4.692367E-01   
 4.693334E-01   
 4.694351E-01   
 4.695418E-01   
 4.696536E-01   
 4.697704E-01   
 4.698922E-01   
 4.700191E-01   
 4.701509E-01   
 4.702877E-01   
 4.704296E-01   
 4.705764E-01   
 4.707282E-01   
 4.708850E-01   
 4.710467E-01   
 4.712134E-01   
 4.713851E-01   
 4.715617E-01   
 4.717432E-01   
 4.719296E-01   
 4.721209E-01   
 4.723172E-01   
 4.725183E-01   
 4.727243E-01   
 4.729352E-01   
 4.731510E-01   
 4.733716E-01   
 4.735970E-01   
 4.738272E-01   
 4.740623E-01   
 4.743022E-01   
 4.745468E-01   
 4.747963E-01   
 4.750505E-01   
 4.753094E-01   
 4.755731E-01   
 4.758415E-01   
 4.761146E-01   
 4.763924E-01   
 4.766749E-01   
 4.769621E-01   
 4.772540E-01   
 4.775504E-01   
 4.778515E-01   
 4.781572E-01   
 4.784675E-01   
 4.787824E-01   
 4.791018E-01   
 4.794258E-01   
 4.797543E-01   
 4.800873E-01   
 4.804249E-01   
 4.807669E-01   
 4.811133E-01   
 4.814643E-01   
 4.818196E-01   
 4.821793E-01   
 4.825435E-01   
 4.829120E-01   
 4.832849E-01   
 4.836621E-01   
 4.840436E-01   
 4.844294E-01   
 4.848195E-01   
 4.852139E-01   
 4.856125E-01   
 4.860153E-01   
 4.864224E-01   
 4.868336E-01   
 4.872489E-01   
 4.876684E-01   
 4.880921E-01   
 4.885198E-01   
 4.889516E-01   
 4.893874E-01   
 4.898273E-01   
 4.902712E-01   
 4.907191E-01   
 4.911710E-01   
 4.916268E-01   
 4.920865E-01   
 4.925501E-01   
 4.930176E-01   
 4.934890E-01   
 4.939641E-01   
 4.944431E-01   
 4.949259E-01   
 4.954125E-01   
 4.959027E-01   
 4.963967E-01   
 4.968944E-01   
 4.973958E-01   
 4.979008E-01   
 4.984094E-01   
 4.989216E-01   
 4.994373E-01   
 4.999566E-01   
 5.004795E-01   
 5.010058E-01   
 5.015356E-01   
 5.020688E-01   
 5.026054E-01   
 5.031454E-01   
 5.036888E-01   
 5.042356E-01   
 5.047856E-01   
 5.053389E-01   
 5.058955E-01   
 5.064553E-01   
 5.070183E-01   
 5.075845E-01   
 5.081539E-01   
 5.087263E-01   
 5.093019E-01   
 5.098805E-01   
 5.104622E-01   
 5.110469E-01   
 5.116346E-01   
 5.122252E-01   
 5.128188E-01   
 5.134153E-01   
 5.140146E-01   
 5.146168E-01   
 5.152218E-01   
 5.158296E-01   
 5.164402E-01   
 5.170535E-01   
 5.176695E-01   
 5.182881E-01   
 5.189095E-01   
 5.195334E-01   
 5.201599E-01   
 5.207890E-01   
 5.214206E-01   
 5.220547E-01   
 5.226913E-01   
 5.233304E-01   
 5.239718E-01   
 5.246157E-01   
 5.252618E-01   
 5.259104E-01   
 5.265612E-01   
 5.272142E-01   
 5.278695E-01   
 5.285271E-01   
 5.291867E-01   
 5.298486E-01   
 5.305125E-01   
 5.311786E-01   
 5.318466E-01   
 5.325168E-01   
 5.331889E-01   
 5.338629E-01   
 5.345389E-01   
 5.352169E-01   
 5.358966E-01   
 5.365783E-01   
 5.372617E-01   
 5.379469E-01   
 5.386339E-01   
 5.393226E-01   
 5.400130E-01   
 5.407050E-01   
 5.413987E-01   
 5.420939E-01   
 5.427908E-01   
 5.434891E-01   
 5.441890E-01   
 5.448904E-01   
 5.455931E-01   
 5.462974E-01   
 5.470029E-01   
 5.477099E-01   
 5.484181E-01   
 5.491277E-01   
 5.498385E-01   
 5.505505E-01   
 5.512638E-01   
 5.519782E-01   
 5.526937E-01   
 5.534104E-01   
 5.541281E-01   
 5.548468E-01   
 5.555666E-01   
 5.562874E-01   
 5.570091E-01   
 5.577317E-01   
 5.584552E-01   
 5.591796E-01   
 5.599048E-01   
 5.606308E-01   
 5.613575E-01   
 5.620850E-01   
 5.628132E-01   
 5.635421E-01   
 5.642716E-01   
 5.650018E-01   
 5.657325E-01   
 5.664638E-01   
 5.671956E-01   
 5.679279E-01   
 5.686606E-01   
 5.693938E-01   
 5.701274E-01   
 5.708613E-01   
 5.715956E-01   
 5.723302E-01   
 5.730651E-01   
 5.738003E-01   
 5.745356E-01   
 5.752712E-01   
 5.760069E-01   
 5.767427E-01   
 5.774787E-01   
 5.782147E-01   
 5.789507E-01   
 5.796868E-01   
 5.804228E-01   
 5.811588E-01   
 5.818948E-01   
 5.826306E-01   
 5.833663E-01   
 5.841018E-01   
 5.848371E-01   
 5.855722E-01   
 5.863071E-01   
 5.870417E-01   
 5.877759E-01   
 5.885098E-01   
 5.892434E-01   
 5.899766E-01   
 5.907093E-01   
 5.914416E-01   
 5.921734E-01   
 5.929047E-01   
 5.936355E-01   
 5.943657E-01   
 5.950953E-01   
 5.958243E-01   
 5.965527E-01   
 5.972803E-01   
 5.980073E-01   
 5.987335E-01   
 5.994590E-01   
 6.001837E-01   
 6.009075E-01   
 6.016306E-01   
 6.023527E-01   
 6.030740E-01   
 6.037944E-01   
 6.045138E-01   
 6.052322E-01   
 6.059496E-01   
 6.066660E-01   
 6.073814E-01   
 6.080956E-01   
 6.088088E-01   
 6.095208E-01   
 6.102317E-01   
 6.109413E-01   
 6.116498E-01   
 6.123570E-01   
 6.130630E-01   
 6.137677E-01   
 6.144711E-01   
 6.151731E-01   
 6.158738E-01   
 6.165731E-01   
 6.172710E-01   
 6.179674E-01   
 6.186624E-01   
 6.193559E-01   
 6.200479E-01   
 6.207383E-01   
 6.214272E-01   
 6.221146E-01   
 6.228003E-01   
 6.234843E-01   
 6.241668E-01   
 6.248475E-01   
 6.255266E-01   
 6.262039E-01   
 6.268795E-01   
 6.275533E-01   
 6.282253E-01   
 6.288956E-01   
 6.295639E-01   
 6.302304E-01   
 6.308951E-01   
 6.315578E-01   
 6.322186E-01   
 6.328775E-01   
 6.335344E-01   
 6.341893E-01   
 6.348422E-01   
 6.354930E-01   
 6.361418E-01   
 6.367885E-01   
 6.374332E-01   
 6.380757E-01   
 6.387161E-01   
 6.393543E-01   
 6.399903E-01   
 6.406242E-01   
 6.412558E-01   
 6.418851E-01   
 6.425123E-01   
 6.431371E-01   
 6.437597E-01   
 6.443799E-01   
 6.449978E-01   
 6.456133E-01   
 6.462265E-01   
 6.468372E-01   
 6.474456E-01   
 6.480515E-01   
 6.486549E-01   
 6.492559E-01   
 6.498545E-01   
 6.504505E-01   
 6.510440E-01   
 6.516349E-01   
 6.522233E-01   
 6.528091E-01   
 6.533923E-01   
 6.539729E-01   
 6.545509E-01   
 6.551263E-01   
 6.556989E-01   
 6.562689E-01   
 6.568362E-01   
 6.574008E-01   
 6.579627E-01   
 6.585219E-01   
 6.590782E-01   
 6.596318E-01   
 6.601826E-01   
 6.607306E-01   
 6.612758E-01   
 6.618182E-01   
 6.623577E-01   
 6.628943E-01   
 6.634281E-01   
 6.639589E-01   
 6.644869E-01   
 6.650119E-01   
 6.655340E-01   
 6.660531E-01   
 6.665693E-01   
 6.670824E-01   
 6.675926E-01   
 6.680998E-01   
 6.686040E-01   
 6.691051E-01   
 6.696032E-01   
 6.700982E-01   
 6.705901E-01   
 6.710790E-01   
 6.715648E-01   
 6.720474E-01   
 6.725269E-01   
 6.730033E-01   
 6.734765E-01   
 6.739466E-01   
 6.744135E-01   
 6.748773E-01   
 6.753378E-01   
 6.757951E-01   
 6.762492E-01   
 6.767001E-01   
 6.771477E-01   
 6.775921E-01   
 6.780332E-01   
 6.784710E-01   
 6.789056E-01   
 6.793369E-01   
 6.797648E-01   
 6.801895E-01   
 6.806108E-01   
 6.810288E-01   
 6.814434E-01   
 6.818547E-01   
 6.822627E-01   
 6.826672E-01   
 6.830684E-01   
 6.834662E-01   
 6.838605E-01   
 6.842515E-01   
 6.846391E-01   
 6.850232E-01   
 6.854039E-01   
 6.857811E-01   
 6.861549E-01   
 6.865252E-01   
 6.868921E-01   
 6.872554E-01   
 6.876153E-01   
 6.879717E-01   
 6.883246E-01   
 6.886740E-01   
 6.890199E-01   
 6.893622E-01   
 6.897011E-01   
 6.900363E-01   
 6.903681E-01   
 6.906962E-01   
 6.910209E-01   
 6.913419E-01   
 6.916594E-01   
 6.919733E-01   
 6.922836E-01   
 6.925903E-01   
 6.928935E-01   
 6.931930E-01   
 6.934889E-01   
 6.937812E-01   
 6.940699E-01   
 6.943549E-01   
 6.946363E-01   
 6.949141E-01   
 6.951882E-01   
 6.954587E-01   
 6.957255E-01   
 6.959886E-01   
 6.962481E-01   
 6.965039E-01   
 6.967561E-01   
 6.970045E-01   
 6.972493E-01   
 6.974904E-01   
 6.977278E-01   
 6.979615E-01   
 6.981914E-01   
 6.984177E-01   
 6.986403E-01   
 6.988591E-01   
 6.990742E-01   
 6.992856E-01   
 6.994933E-01   
 6.996972E-01   
 6.998974E-01   
 7.000939E-01   
 7.002866E-01   
 7.004756E-01   
 7.006608E-01   
 7.008422E-01   
 7.010200E-01   
 7.011939E-01   
 7.013641E-01   
 7.015305E-01   
 7.016931E-01   
 7.018520E-01   
 7.020071E-01   
 7.021584E-01   
 7.023060E-01   
 7.024497E-01   
 7.025897E-01   
 7.027259E-01   
 7.028583E-01   
 7.029869E-01   
 7.031117E-01   
 7.032327E-01   
 7.033499E-01   
 7.034633E-01   
 7.035729E-01   
 7.036787E-01   
 7.037807E-01   
 7.038788E-01   
 7.039732E-01   
 7.040638E-01   
 7.041505E-01   
 7.042334E-01   
 7.043125E-01   
 7.043878E-01   
 7.044593E-01   
 7.045270E-01   
 7.045908E-01   
 7.046508E-01   
 7.047070E-01   
 7.047594E-01   
 7.048079E-01   
 7.048526E-01   
 7.048935E-01   
 7.049306E-01   
 7.049638E-01   
 7.049932E-01   
 7.050188E-01   
 7.050405E-01   
 7.050584E-01   
 7.050725E-01   
 7.050827E-01   
 7.050892E-01   
 7.050917E-01   
 7.050905E-01   
 7.050854E-01   
 7.050765E-01   
 7.050638E-01   
 7.050472E-01   
 7.050268E-01   
 7.050026E-01   
 7.049746E-01   
 7.049427E-01   
 7.049070E-01   
 7.048674E-01   
 7.048241E-01   
 7.047769E-01   
 7.047259E-01   
 7.046710E-01   
 7.046123E-01   
 7.045499E-01   
 7.044835E-01   
 7.044134E-01   
 7.043395E-01   
 7.042617E-01   
 7.041801E-01   
 7.040947E-01   
 7.040055E-01   
 7.039125E-01   
 7.038156E-01   
 7.037150E-01   
 7.036105E-01   
 7.035023E-01   
 7.033902E-01   
 7.032743E-01   
 7.031547E-01   
 7.030312E-01   
 7.029039E-01   
 7.027729E-01   
 7.026380E-01   
 7.024994E-01   
 7.023570E-01   
 7.022108E-01   
 7.020608E-01   
 7.019070E-01   
 7.017495E-01   
 7.015882E-01   
 7.014231E-01   
 7.012542E-01   
 7.010816E-01   
 7.009053E-01   
 7.007251E-01   
 7.005412E-01   
 7.003536E-01   
 7.001622E-01   
 6.999671E-01   
 6.997682E-01   
 6.995656E-01   
 6.993592E-01   
 6.991491E-01   
 6.989353E-01   
 6.987178E-01   
 6.984966E-01   
 6.982716E-01   
 6.980429E-01   
 6.978106E-01   
 6.975745E-01   
 6.973347E-01   
 6.970913E-01   
 6.968441E-01   
 6.965933E-01   
 6.963388E-01   
 6.960806E-01   
 6.958187E-01   
 6.955532E-01   
 6.952840E-01   
 6.950112E-01   
 6.947347E-01   
 6.944546E-01   
 6.941709E-01   
 6.938835E-01   
 6.935925E-01   
 6.932979E-01   
 6.929996E-01   
 6.926978E-01   
 6.923924E-01   
 6.920833E-01   
 6.917707E-01   
 6.914545E-01   
 6.911347E-01   
 6.908114E-01   
 6.904845E-01   
 6.901540E-01   
 6.898200E-01   
 6.894824E-01   
 6.891413E-01   
 6.887967E-01   
 6.884486E-01   
 6.880969E-01   
 6.877418E-01   
 6.873831E-01   
 6.870210E-01   
 6.866554E-01   
 6.862863E-01   
 6.859138E-01   
 6.855378E-01   
 6.851583E-01   
 6.847754E-01   
 6.843891E-01   
 6.839993E-01   
 6.836062E-01   
 6.832096E-01   
 6.828097E-01   
 6.824063E-01   
 6.819996E-01   
 6.815895E-01   
 6.811761E-01   
 6.807593E-01   
 6.803392E-01   
 6.799157E-01   
 6.794889E-01   
 6.790588E-01   
 6.786255E-01   
 6.781888E-01   
 6.777489E-01   
 6.773056E-01   
 6.768592E-01   
 6.764095E-01   
 6.759565E-01   
 6.755004E-01   
 6.750410E-01   
 6.745784E-01   
 6.741127E-01   
 6.736437E-01   
 6.731716E-01   
 6.726964E-01   
 6.722180E-01   
 6.717364E-01   
 6.712518E-01   
 6.707640E-01   
 6.702732E-01   
 6.697793E-01   
 6.692823E-01   
 6.687823E-01   
 6.682792E-01   
 6.677731E-01   
 6.672640E-01   
 6.667519E-01   
 6.662368E-01   
 6.657188E-01   
 6.651977E-01   
 6.646738E-01   
 6.641469E-01   
 6.636171E-01   
 6.630844E-01   
 6.625488E-01   
 6.620103E-01   
 6.614690E-01   
 6.609248E-01   
 6.603778E-01   
 6.598280E-01   
 6.592754E-01   
 6.587201E-01   
 6.581619E-01   
 6.576010E-01   
 6.570374E-01   
 6.564711E-01   
 6.559020E-01   
 6.553303E-01   
 6.547559E-01   
 6.541789E-01   
 6.535992E-01   
 6.530170E-01   
 6.524321E-01   
 6.518446E-01   
 6.512546E-01   
 6.506620E-01   
 6.500669E-01   
 6.494693E-01   
 6.488692E-01   
 6.482666E-01   
 6.476616E-01   
 6.470541E-01   
 6.464442E-01   
 6.458319E-01   
 6.452173E-01   
 6.446002E-01   
 6.439808E-01   
 6.433591E-01   
 6.427351E-01   
 6.421088E-01   
 6.414802E-01   
 6.408494E-01   
 6.402164E-01   
 6.395811E-01   
 6.389437E-01   
 6.383041E-01   
 6.376624E-01   
 6.370185E-01   
 6.363725E-01   
 6.357245E-01   
 6.350743E-01   
 6.344222E-01   
 6.337680E-01   
 6.331118E-01   
 6.324537E-01   
 6.317936E-01   
 6.311315E-01   
 6.304676E-01   
 6.298017E-01   
 6.291340E-01   
 6.284645E-01   
 6.277931E-01   
 6.271199E-01   
 6.264450E-01   
 6.257683E-01   
 6.250898E-01   
 6.244097E-01   
 6.237278E-01   
 6.230444E-01   
 6.223592E-01   
 6.216725E-01   
 6.209842E-01   
 6.202943E-01   
 6.196028E-01   
 6.189099E-01   
 6.182154E-01   
 6.175195E-01   
 6.168221E-01   
 6.161233E-01   
 6.154231E-01   
 6.147216E-01   
 6.140187E-01   
 6.133145E-01   
 6.126090E-01   
 6.119022E-01   
 6.111941E-01   
 6.104849E-01   
 6.097744E-01   
 6.090628E-01   
 6.083501E-01   
 6.076362E-01   
 6.069212E-01   
 6.062052E-01   
 6.054882E-01   
 6.047701E-01   
 6.040510E-01   
 6.033310E-01   
 6.026101E-01   
 6.018882E-01   
 6.011655E-01   
 6.004419E-01   
 5.997175E-01   
 5.989923E-01   
 5.982664E-01   
 5.975397E-01   
 5.968122E-01   
 5.960841E-01   
 5.953554E-01   
 5.946260E-01   
 5.938960E-01   
 5.931654E-01   
 5.924343E-01   
 5.917026E-01   
 5.909705E-01   
 5.902379E-01   
 5.895049E-01   
 5.887715E-01   
 5.880377E-01   
 5.873035E-01   
 5.865691E-01   
 5.858343E-01   
 5.850993E-01   
 5.843640E-01   
 5.836286E-01   
 5.828929E-01   
 5.821571E-01   
 5.814213E-01   
 5.806853E-01   
 5.799492E-01   
 5.792132E-01   
 5.784771E-01   
 5.777411E-01   
 5.770051E-01   
 5.762692E-01   
 5.755335E-01   
 5.747978E-01   
 5.740624E-01   
 5.733272E-01   
 5.725922E-01   
 5.718575E-01   
 5.711231E-01   
 5.703890E-01   
 5.696553E-01   
 5.689219E-01   
 5.681890E-01   
 5.674566E-01   
 5.667246E-01   
 5.659931E-01   
 5.652622E-01   
 5.645318E-01   
 5.638021E-01   
 5.630730E-01   
 5.623445E-01   
 5.616168E-01   
 5.608897E-01   
 5.601634E-01   
 5.594380E-01   
 5.587133E-01   
 5.579894E-01   
 5.572665E-01   
 5.565445E-01   
 5.558234E-01   
 5.551032E-01   
 5.543841E-01   
 5.536660E-01   
 5.529490E-01   
 5.522330E-01   
 5.515182E-01   
 5.508046E-01   
 5.500921E-01   
 5.493808E-01   
 5.486708E-01   
 5.479621E-01   
 5.472547E-01   
 5.465486E-01   
 5.458439E-01   
 5.451406E-01   
 5.444387E-01   
 5.437383E-01   
 5.430394E-01   
 5.423420E-01   
 5.416462E-01   
 5.409520E-01   
 5.402593E-01   
 5.395683E-01   
 5.388791E-01   
 5.381915E-01   
 5.375056E-01   
 5.368215E-01   
 5.361393E-01   
 5.354588E-01   
 5.347802E-01   
 5.341035E-01   
 5.334288E-01   
 5.327560E-01   
 5.320851E-01   
 5.314163E-01   
 5.307495E-01   
 5.300848E-01   
 5.294223E-01   
 5.287618E-01   
 5.281035E-01   
 5.274474E-01   
 5.267935E-01   
 5.261419E-01   
 5.254926E-01   
 5.248456E-01   
 5.242009E-01   
 5.235586E-01   
 5.229187E-01   
 5.222812E-01   
 5.216462E-01   
 5.210137E-01   
 5.203837E-01   
 5.197563E-01   
 5.191314E-01   
 5.185091E-01   
 5.178895E-01   
 5.172726E-01   
 5.166583E-01   
 5.160468E-01   
 5.154380E-01   
 5.148320E-01   
 5.142288E-01   
 5.136284E-01   
 5.130309E-01   
 5.124363E-01   
 5.118446E-01   
 5.112559E-01   
 5.106701E-01   
 5.100874E-01   
 5.095077E-01   
 5.089310E-01   
 5.083574E-01   
 5.077870E-01   
 5.072197E-01   
 5.066555E-01   
 5.060946E-01   
 5.055368E-01   
 5.049823E-01   
 5.044311E-01   
 5.038832E-01   
 5.033387E-01   
 5.027974E-01   
 5.022596E-01   
 5.017251E-01   
 5.011941E-01   
 5.006666E-01   
 5.001425E-01   
 4.996220E-01   
 4.991049E-01   
 4.985915E-01   
 4.980816E-01   
 4.975753E-01   
 4.970727E-01   
 4.965737E-01   
 4.960784E-01   
 4.955868E-01   
 4.950989E-01   
 4.946148E-01   
 4.941344E-01   
 4.936579E-01   
 4.931852E-01   
 4.927163E-01   
 4.922513E-01   
 4.917902E-01   
 4.913330E-01   
 4.908797E-01   
 4.904305E-01   
 4.899851E-01   
 4.895438E-01   
 4.891065E-01   
 4.886733E-01   
 4.882441E-01   
 4.878191E-01   
 4.873981E-01   
 4.869813E-01   
 4.865686E-01   
 4.861601E-01   
 4.857557E-01   
 4.853556E-01   
 4.849598E-01   
 4.845682E-01   
 4.841808E-01   
 4.837978E-01   
 4.834190E-01   
 4.830446E-01   
 4.826746E-01   
 4.823089E-01   
 4.819476E-01   
 4.815907E-01   
 4.812382E-01   
 4.808901E-01   
 4.805465E-01   
 4.802074E-01   
 4.798728E-01   
 4.795427E-01   
 4.792171E-01   
 4.788960E-01   
 4.785796E-01   
 4.782676E-01   
 4.779603E-01   
 4.776576E-01   
 4.773595E-01   
 4.770660E-01   
 4.767772E-01   
 4.764930E-01   
 4.762135E-01   
 4.759387E-01   
 4.756687E-01   
 4.754033E-01   
 4.751427E-01   
 4.748868E-01   
 4.746357E-01   
 4.743893E-01   
 4.741478E-01   
 4.739110E-01   
 4.736790E-01   
 4.734519E-01   
 4.732296E-01   
 4.730121E-01   
 4.727995E-01   
 4.725918E-01   
 4.723889E-01   
 4.721910E-01   
 4.719979E-01   
 4.718097E-01   
 4.716265E-01   
 4.714481E-01   
 4.712747E-01   
 4.711063E-01   
 4.709428E-01   
 4.707842E-01   
 4.706307E-01   
 4.704821E-01   
 4.703385E-01   
 4.701999E-01   
 4.700663E-01   
 4.699376E-01   
 4.698140E-01   
 4.696955E-01   
 4.695819E-01   
 4.694734E-01   
 4.693699E-01   
 4.692715E-01   
 4.691781E-01   
 4.690897E-01   
 4.690064E-01   
 4.689282E-01   
 4.688550E-01   
 4.687869E-01   
 4.687239E-01   
 4.686659E-01   
 4.686131E-01   
 4.685653E-01   
 4.685225E-01   
 4.684849E-01   
 4.684524E-01   
 4.684249E-01   
 4.684026E-01   
 4.683853E-01   
 4.683731E-01   
 4.683660E-01   
 4.683640E-01   
 4.683671E-01   
 4.683753E-01   
 4.683886E-01   
 4.684070E-01   
 4.684304E-01   
 4.684590E-01   
 4.684926E-01   
 4.685314E-01   
 4.685752E-01   
 4.686241E-01   
 4.686780E-01   
 4.687371E-01   
 4.688012E-01   
 4.688704E-01   
 4.689447E-01   
 4.690240E-01   
 4.691084E-01   
 4.691978E-01   
 4.692923E-01   
 4.693919E-01   
 4.694965E-01   
 4.696061E-01   
 4.697207E-01   
 4.698404E-01   
 4.699651E-01   
 4.700947E-01   
 4.702294E-01   
 4.703691E-01   
 4.705138E-01   
 4.706635E-01   
 4.708181E-01   
 4.709777E-01   
 4.711423E-01   
 4.713118E-01   
 4.714863E-01   
 4.716657E-01   
 4.718500E-01   
 4.720392E-01   
 4.722334E-01   
 4.724324E-01   
 4.726363E-01   
 4.728451E-01   
 4.730588E-01   
 4.732773E-01   
 4.735006E-01   
 4.737288E-01   
 4.739618E-01   
 4.741996E-01   
 4.744422E-01   
 4.746896E-01   
 4.749417E-01   
 4.751986E-01   
 4.754603E-01   
 4.757267E-01   
 4.759978E-01   
 4.762736E-01   
 4.765541E-01   
 4.768392E-01   
 4.771291E-01   
 4.774235E-01   
 4.777226E-01   
 4.780264E-01   
 4.783347E-01   
 4.786476E-01   
 4.789651E-01   
 4.792871E-01   
 4.796137E-01   
 4.799448E-01   
 4.802804E-01   
 4.806204E-01   
 4.809650E-01   
 4.813140E-01   
 4.816674E-01   
 4.820253E-01   
 4.823875E-01   
 4.827542E-01   
 4.831252E-01   
 4.835005E-01   
 4.838802E-01   
 4.842642E-01   
 4.846524E-01   
 4.850450E-01   
 4.854417E-01   
 4.858427E-01   
 4.862480E-01   
 4.866574E-01   
 4.870709E-01   
 4.874887E-01   
 4.879105E-01   
 4.883365E-01   
 4.887665E-01   
 4.892006E-01   
 4.896388E-01   
 4.900810E-01   
 4.905271E-01   
 4.909773E-01   
 4.914314E-01   
 4.918894E-01   
 4.923514E-01   
 4.928172E-01   
 4.932869E-01   
 4.937604E-01   
 4.942378E-01   
 4.947190E-01   
 4.952039E-01   
 4.956925E-01   
 4.961849E-01   
 4.966810E-01   
 4.971808E-01   
 4.976842E-01   
 4.981913E-01   
 4.987019E-01   
 4.992162E-01   
 4.997340E-01   
 5.002553E-01   
 5.007801E-01   
 5.013084E-01   
 5.018401E-01   
 5.023753E-01   
 5.029139E-01   
 5.034558E-01   
 5.040011E-01   
 5.045497E-01   
 5.051016E-01   
 5.056568E-01   
 5.062152E-01   
 5.067768E-01   
 5.073417E-01   
 5.079097E-01   
 5.084808E-01   
 5.090550E-01   
 5.096323E-01   
 5.102127E-01   
 5.107961E-01   
 5.113825E-01   
 5.119718E-01   
 5.125641E-01   
 5.131594E-01   
 5.137575E-01   
 5.143584E-01   
 5.149622E-01   
 5.155688E-01   
 5.161782E-01   
 5.167903E-01   
 5.174052E-01   
 5.180227E-01   
 5.186429E-01   
 5.192657E-01   
 5.198911E-01   
 5.205191E-01   
 5.211496E-01   
 5.217826E-01   
 5.224182E-01   
 5.230562E-01   
 5.236966E-01   
 5.243394E-01   
 5.249845E-01   
 5.256321E-01   
 5.262819E-01   
 5.269340E-01   
 5.275883E-01   
 5.282449E-01   
 5.289036E-01   
 5.295645E-01   
 5.302276E-01   
 5.308927E-01   
 5.315599E-01   
 5.322291E-01   
 5.329004E-01   
 5.335736E-01   
 5.342488E-01   
 5.349259E-01   
 5.356049E-01   
 5.362857E-01   
 5.369683E-01   
 5.376528E-01   
 5.383390E-01   
 5.390269E-01   
 5.397166E-01   
 5.404079E-01   
 5.411009E-01   
 5.417955E-01   
 5.424916E-01   
 5.431893E-01   
 5.438885E-01   
 5.445893E-01   
 5.452914E-01   
 5.459950E-01   
 5.467000E-01   
 5.474064E-01   
 5.481141E-01   
 5.488230E-01   
 5.495333E-01   
 5.502448E-01   
 5.509575E-01   
 5.516714E-01   
 5.523865E-01   
 5.531026E-01   
 5.538199E-01   
 5.545382E-01   
 5.552575E-01   
 5.559779E-01   
 5.566992E-01   
 5.574214E-01   
 5.581445E-01   
 5.588685E-01   
 5.595933E-01   
 5.603190E-01   
 5.610454E-01   
 5.617726E-01   
 5.625005E-01   
 5.632291E-01   
 5.639583E-01   
 5.646882E-01   
 5.654187E-01   
 5.661497E-01   
 5.668813E-01   
 5.676133E-01   
 5.683459E-01   
 5.690789E-01   
 5.698123E-01   
 5.705461E-01   
 5.712802E-01   
 5.720147E-01   
 5.727495E-01   
 5.734845E-01   
 5.742197E-01   
 5.749552E-01   
 5.756908E-01   
 5.764266E-01   
 5.771625E-01   
 5.778985E-01   
 5.786345E-01   
 5.793706E-01   
 5.801066E-01   
 5.808426E-01   
 5.815786E-01   
 5.823145E-01   
 5.830502E-01   
 5.837858E-01   
 5.845212E-01   
 5.852564E-01   
 5.859913E-01   
 5.867260E-01   
 5.874604E-01   
 5.881945E-01   
 5.889282E-01   
 5.896616E-01   
 5.903945E-01   
 5.911270E-01   
 5.918590E-01   
 5.925905E-01   
 5.933215E-01   
 5.940519E-01   
 5.947818E-01   
 5.955110E-01   
 5.962397E-01   
 5.969676E-01   
 5.976949E-01   
 5.984214E-01   
 5.991472E-01   
 5.998722E-01   
 6.005964E-01   
 6.013198E-01   
 6.020424E-01   
 6.027640E-01   
 6.034848E-01   
 6.042046E-01   
 6.049234E-01   
 6.056413E-01   
 6.063581E-01   
 6.070739E-01   
 6.077886E-01   
 6.085022E-01   
 6.092147E-01   
 6.099261E-01   
 6.106363E-01   
 6.113453E-01   
 6.120530E-01   
 6.127595E-01   
 6.134648E-01   
 6.141687E-01   
 6.148713E-01   
 6.155726E-01   
 6.162725E-01   
 6.169709E-01   
 6.176680E-01   
 6.183636E-01   
 6.190577E-01   
 6.197504E-01   
 6.204415E-01   
 6.211310E-01   
 6.218190E-01   
 6.225054E-01   
 6.231902E-01   
 6.238733E-01   
 6.245548E-01   
 6.252346E-01   
 6.259126E-01   
 6.265890E-01   
 6.272635E-01   
 6.279363E-01   
 6.286073E-01   
 6.292765E-01   
 6.299438E-01   
 6.306092E-01   
 6.312728E-01   
 6.319344E-01   
 6.325941E-01   
 6.332518E-01   
 6.339076E-01   
 6.345613E-01   
 6.352131E-01   
 6.358627E-01   
 6.365104E-01   
 6.371559E-01   
 6.377993E-01   
 6.384406E-01   
 6.390797E-01   
 6.397167E-01   
 6.403515E-01   
 6.409840E-01   
 6.416144E-01   
 6.422425E-01   
 6.428683E-01   
 6.434918E-01   
 6.441130E-01   
 6.447319E-01   
 6.453484E-01   
 6.459626E-01   
 6.465744E-01   
 6.471838E-01   
 6.477907E-01   
 6.483953E-01   
 6.489973E-01   
 6.495969E-01   
 6.501940E-01   
 6.507885E-01   
 6.513806E-01   
 6.519700E-01   
 6.525570E-01   
 6.531413E-01   
 6.537230E-01   
 6.543021E-01   
 6.548786E-01   
 6.554524E-01   
 6.560236E-01   
 6.565920E-01   
 6.571578E-01   
 6.577208E-01   
 6.582811E-01   
 6.588387E-01   
 6.593935E-01   
 6.599455E-01   
 6.604947E-01   
 6.610411E-01   
 6.615846E-01   
 6.621254E-01   
 6.626632E-01   
 6.631982E-01   
 6.637303E-01   
 6.642595E-01   
 6.647858E-01   
 6.653091E-01   
 6.658295E-01   
 6.663469E-01   
 6.668614E-01   
 6.673729E-01   
 6.678813E-01   
 6.683868E-01   
 6.688892E-01   
 6.693886E-01   
 6.698849E-01   
 6.703782E-01   
 6.708684E-01   
 6.713555E-01   
 6.718394E-01   
 6.723203E-01   
 6.727980E-01   
 6.732726E-01   
 6.737441E-01   
 6.742123E-01   
 6.746774E-01   
 6.751393E-01   
 6.755980E-01   
 6.760535E-01   
 6.765057E-01   
 6.769547E-01   
 6.774005E-01   
 6.778430E-01   
 6.782823E-01   
 6.787183E-01   
 6.791509E-01   
 6.795803E-01   
 6.800064E-01   
 6.804291E-01   
 6.808485E-01   
 6.812646E-01   
 6.816773E-01   
 6.820867E-01   
 6.824927E-01   
 6.828953E-01   
 6.832946E-01   
 6.836904E-01   
 6.840828E-01   
 6.844718E-01   
 6.848574E-01   
 6.852396E-01   
 6.856183E-01   
 6.859936E-01   
 6.863654E-01   
 6.867337E-01   
 6.870986E-01   
 6.874600E-01   
 6.878179E-01   
 6.881723E-01   
 6.885232E-01   
 6.888705E-01   
 6.892144E-01   
 6.895547E-01   
 6.898915E-01   
 6.902248E-01   
 6.905545E-01   
 6.908806E-01   
 6.912032E-01   
 6.915222E-01   
 6.918377E-01   
 6.921495E-01   
 6.924578E-01   
 6.927625E-01   
 6.930635E-01   
 6.933610E-01   
 6.936548E-01   
 6.939450E-01   
 6.942316E-01   
 6.945146E-01   
 6.947939E-01   
 6.950696E-01   
 6.953417E-01   
 6.956100E-01   
 6.958748E-01   
 6.961358E-01   
 6.963932E-01   
 6.966469E-01   
 6.968970E-01   
 6.971433E-01   
 6.973860E-01   
 6.976249E-01   
 6.978602E-01   
 6.980918E-01   
 6.983197E-01   
 6.985438E-01   
 6.987642E-01   
 6.989810E-01   
 6.991940E-01   
 6.994032E-01   
 6.996088E-01   
 6.998106E-01   
 7.000086E-01   
 7.002029E-01   
 7.003935E-01   
 7.005803E-01   
 7.007634E-01   
 7.009427E-01   
 7.011183E-01   
 7.012901E-01   
 7.014581E-01   
 7.016224E-01   
 7.017829E-01   
 7.019396E-01   
 7.020925E-01   
 7.022417E-01   
 7.023871E-01   
 7.025287E-01   
 7.026665E-01   
 7.028005E-01   
 7.029307E-01   
 7.030571E-01   
 7.031798E-01   
 7.032986E-01   
 7.034137E-01   
 7.035249E-01   
 7.036323E-01   
 7.037359E-01   
 7.038357E-01   
 7.039318E-01   
 7.040239E-01   
 7.041123E-01   
 7.041969E-01   
 7.042776E-01   
 7.043546E-01   
 7.044277E-01   
 7.044970E-01   
 7.045625E-01   
 7.046241E-01   
 7.046819E-01   
 7.047359E-01   
 7.047861E-01   
 7.048325E-01   
 7.048750E-01   
 7.049137E-01   
 7.049486E-01   
 7.049796E-01   
 7.050068E-01   
 7.050302E-01   
 7.050498E-01   
 7.050655E-01   
 7.050774E-01   
 7.050855E-01   
 7.050897E-01   
 7.050901E-01   
 7.050867E-01   
 7.050794E-01   
 7.050683E-01   
 7.050534E-01   
 7.050346E-01   
 7.050121E-01   
 7.049857E-01   
 7.049554E-01   
 7.049214E-01   
 7.048835E-01   
 7.048417E-01   
 7.047962E-01   
 7.047468E-01   
 7.046936E-01   
 7.046366E-01   
 7.045757E-01   
 7.045111E-01   
 7.044426E-01   
 7.043703E-01   
 7.042941E-01   
 7.042142E-01   
 7.041304E-01   
 7.040429E-01   
 7.039515E-01   
 7.038563E-01   
 7.037573E-01   
 7.036544E-01   
 7.035478E-01   
 7.034374E-01   
 7.033231E-01   
 7.032051E-01   
 7.030833E-01   
 7.029576E-01   
 7.028282E-01   
 7.026950E-01   
 7.025580E-01   
 7.024172E-01   
 7.022726E-01   
 7.021243E-01   
 7.019721E-01   
 7.018162E-01   
 7.016565E-01   
 7.014931E-01   
 7.013258E-01   
 7.011548E-01   
 7.009801E-01   
 7.008015E-01   
 7.006193E-01   
 7.004332E-01   
 7.002435E-01   
 7.000499E-01   
 6.998527E-01   
 6.996517E-01   
 6.994469E-01   
 6.992384E-01   
 6.990262E-01   
 6.988103E-01   
 6.985907E-01   
 6.983673E-01   
 6.981402E-01   
 6.979094E-01   
 6.976750E-01   
 6.974368E-01   
 6.971949E-01   
 6.969493E-01   
 6.967001E-01   
 6.964472E-01   
 6.961905E-01   
 6.959303E-01   
 6.956663E-01   
 6.953987E-01   
 6.951275E-01   
 6.948526E-01   
 6.945740E-01   
 6.942918E-01   
 6.940060E-01   
 6.937166E-01   
 6.934235E-01   
 6.931268E-01   
 6.928265E-01   
 6.925226E-01   
 6.922151E-01   
 6.919041E-01   
 6.915894E-01   
 6.912711E-01   
 6.909493E-01   
 6.906240E-01   
 6.902950E-01   
 6.899625E-01   
 6.896265E-01   
 6.892869E-01   
 6.889438E-01   
 6.885972E-01   
 6.882471E-01   
 6.878934E-01   
 6.875363E-01   
 6.871757E-01   
 6.868115E-01   
 6.864439E-01   
 6.860729E-01   
 6.856984E-01   
 6.853204E-01   
 6.849390E-01   
 6.845541E-01   
 6.841659E-01   
 6.837742E-01   
 6.833791E-01   
 6.829806E-01   
 6.825787E-01   
 6.821734E-01   
 6.817648E-01   
 6.813528E-01   
 6.809374E-01   
 6.805187E-01   
 6.800967E-01   
 6.796714E-01   
 6.792427E-01   
 6.788108E-01   
 6.783755E-01   
 6.779370E-01   
 6.774952E-01   
 6.770501E-01   
 6.766018E-01   
 6.761502E-01   
 6.756955E-01   
 6.752375E-01   
 6.747763E-01   
 6.743119E-01   
 6.738443E-01   
 6.733736E-01   
 6.728997E-01   
 6.724226E-01   
 6.719424E-01   
 6.714591E-01   
 6.709727E-01   
 6.704832E-01   
 6.699906E-01   
 6.694950E-01   
 6.689963E-01   
 6.684945E-01   
 6.679897E-01   
 6.674819E-01   
 6.669711E-01   
 6.664573E-01   
 6.659405E-01   
 6.654207E-01   
 6.648980E-01   
 6.643724E-01   
 6.638438E-01   
 6.633124E-01   
 6.627780E-01   
 6.622408E-01   
 6.617007E-01   
 6.611578E-01   
 6.606120E-01   
 6.600634E-01   
 6.595120E-01   
 6.589578E-01   
 6.584009E-01   
 6.578412E-01   
 6.572787E-01   
 6.567136E-01   
 6.561457E-01   
 6.555751E-01   
 6.550019E-01   
 6.544260E-01   
 6.538475E-01   
 6.532663E-01   
 6.526826E-01   
 6.520962E-01   
 6.515073E-01   
 6.509158E-01   
 6.503218E-01   
 6.497253E-01   
 6.491263E-01   
 6.485247E-01   
 6.479208E-01   
 6.473143E-01   
 6.467055E-01   
 6.460942E-01   
 6.454806E-01   
 6.448646E-01   
 6.442462E-01   
 6.436255E-01   
 6.430025E-01   
 6.423771E-01   
 6.417496E-01   
 6.411197E-01   
 6.404876E-01   
 6.398533E-01   
 6.392168E-01   
 6.385782E-01   
 6.379374E-01   
 6.372944E-01   
 6.366493E-01   
 6.360022E-01   
 6.353530E-01   
 6.347017E-01   
 6.340484E-01   
 6.333931E-01   
 6.327358E-01   
 6.320765E-01   
 6.314153E-01   
 6.307521E-01   
 6.300871E-01   
 6.294202E-01   
 6.287515E-01   
 6.280809E-01   
 6.274085E-01   
 6.267343E-01   
 6.260583E-01   
 6.253806E-01   
 6.247012E-01   
 6.240201E-01   
 6.233374E-01   
 6.226529E-01   
 6.219669E-01   
 6.212793E-01   
 6.205900E-01   
 6.198993E-01   
 6.192070E-01   
 6.185131E-01   
 6.178179E-01   
 6.171211E-01   
 6.164229E-01   
 6.157234E-01   
 6.150224E-01   
 6.143201E-01   
 6.136164E-01   
 6.129115E-01   
 6.122052E-01   
 6.114978E-01   
 6.107890E-01   
 6.100791E-01   
 6.093680E-01   
 6.086557E-01   
 6.079423E-01   
 6.072279E-01   
 6.065123E-01   
 6.057957E-01   
 6.050781E-01   
 6.043594E-01   
 6.036398E-01   
 6.029193E-01   
 6.021978E-01   
 6.014755E-01   
 6.007523E-01   
 6.000282E-01   
 5.993034E-01   
 5.985778E-01   
 5.978514E-01   
 5.971243E-01   
 5.963965E-01   
 5.956680E-01   
 5.949389E-01   
 5.942091E-01   
 5.934788E-01   
 5.927479E-01   
 5.920165E-01   
 5.912846E-01   
 5.905522E-01   
 5.898194E-01   
 5.890861E-01   
 5.883525E-01   
 5.876185E-01   
 5.868842E-01   
 5.861495E-01   
 5.854146E-01   
 5.846795E-01   
 5.839441E-01   
 5.832086E-01   
 5.824728E-01   
 5.817370E-01   
 5.810011E-01   
 5.802651E-01   
 5.795290E-01   
 5.787929E-01   
 5.780569E-01   
 5.773209E-01   
 5.765850E-01   
 5.758492E-01   
 5.751135E-01   
 5.743780E-01   
 5.736427E-01   
 5.729076E-01   
 5.721728E-01   
 5.714383E-01   
 5.707040E-01   
 5.699702E-01   
 5.692367E-01   
 5.685036E-01   
 5.677709E-01   
 5.670387E-01   
 5.663071E-01   
 5.655759E-01   
 5.648453E-01   
 5.641153E-01   
 5.633859E-01   
 5.626572E-01   
 5.619291E-01   
 5.612018E-01   
 5.604752E-01   
 5.597494E-01   
 5.590243E-01   
 5.583002E-01   
 5.575768E-01   
 5.568544E-01   
 5.561329E-01   
 5.554124E-01   
 5.546928E-01   
 5.539743E-01   
 5.532568E-01   
 5.525404E-01   
 5.518251E-01   
 5.511110E-01   
 5.503980E-01   
 5.496862E-01   
 5.489757E-01   
 5.482664E-01   
 5.475584E-01   
 5.468518E-01   
 5.461465E-01   
 5.454426E-01   
 5.447401E-01   
 5.440391E-01   
 5.433395E-01   
 5.426415E-01   
 5.419450E-01   
 5.412501E-01   
 5.405567E-01   
 5.398651E-01   
 5.391750E-01   
 5.384867E-01   
 5.378001E-01   
 5.371153E-01   
 5.364323E-01   
 5.357510E-01   
 5.350717E-01   
 5.343942E-01   
 5.337186E-01   
 5.330449E-01   
 5.323732E-01   
 5.317036E-01   
 5.310359E-01   
 5.303703E-01   
 5.297068E-01   
 5.290455E-01   
 5.283863E-01   
 5.277292E-01   
 5.270744E-01   
 5.264218E-01   
 5.257715E-01   
 5.251235E-01   
 5.244778E-01   
 5.238345E-01   
 5.231936E-01   
 5.225551E-01   
 5.219190E-01   
 5.212854E-01   
 5.206543E-01   
 5.200258E-01   
 5.193998E-01   
 5.187765E-01   
 5.181557E-01   
 5.175376E-01   
 5.169222E-01   
 5.163095E-01   
 5.156995E-01   
 5.150923E-01   
 5.144879E-01   
 5.138864E-01   
 5.132876E-01   
 5.126918E-01   
 5.120989E-01   
 5.115089E-01   
 5.109218E-01   
 5.103378E-01   
 5.097568E-01   
 5.091788E-01   
 5.086039E-01   
 5.080321E-01   
 5.074635E-01   
 5.068980E-01   
 5.063356E-01   
 5.057765E-01   
 5.052207E-01   
 5.046680E-01   
 5.041187E-01   
 5.035727E-01   
 5.030301E-01   
 5.024908E-01   
 5.019549E-01   
 5.014224E-01   
 5.008934E-01   
 5.003678E-01   
 4.998457E-01   
 4.993272E-01   
 4.988122E-01   
 4.983008E-01   
 4.977930E-01   
 4.972888E-01   
 4.967882E-01   
 4.962913E-01   
 4.957981E-01   
 4.953087E-01   