 5.000000E-01   
 5.000021E-01   
 5.000097E-01   
 5.000231E-01   
 5.000421E-01   
 5.000668E-01   
 5.000972E-01   
 5.001332E-01   
 5.001750E-01   
 5.002223E-01   
 5.002754E-01   
 5.003341E-01   
 5.003984E-01   
 5.004683E-01   
 5.005439E-01   
 5.006252E-01   
 5.007120E-01   
 5.008044E-01   
 5.009025E-01   
 5.010061E-01   
 5.011153E-01   
 5.012301E-01   
 5.013505E-01   
 5.014764E-01   
 5.016079E-01   
 5.017449E-01   
 5.018875E-01   
 5.020356E-01   
 5.021892E-01   
 5.023483E-01   
 5.025128E-01   
 5.026829E-01   
 5.028584E-01   
 5.030394E-01   
 5.032259E-01   
 5.034177E-01   
 5.036150E-01   
 5.038177E-01   
 5.040258E-01   
 5.042393E-01   
 5.044582E-01   
 5.046824E-01   
 5.049120E-01   
 5.051469E-01   
 5.053871E-01   
 5.056326E-01   
 5.058834E-01   
 5.061395E-01   
 5.064008E-01   
 5.066674E-01   
 5.069392E-01   
 5.072162E-01   
 5.074985E-01   
 5.077859E-01   
 5.080784E-01   
 5.083762E-01   
 5.086790E-01   
 5.089870E-01   
 5.093000E-01   
 5.096182E-01   
 5.099414E-01   
 5.102696E-01   
 5.106029E-01   
 5.109412E-01   
 5.112844E-01   
 5.116327E-01   
 5.119859E-01   
 5.123440E-01   
 5.127070E-01   
 5.130750E-01   
 5.134478E-01   
 5.138254E-01   
 5.142079E-01   
 5.145952E-01   
 5.149873E-01   
 5.153842E-01   
 5.157858E-01   
 5.161921E-01   
 5.166032E-01   
 5.170190E-01   
 5.174394E-01   
 5.178644E-01   
 5.182941E-01   
 5.187284E-01   
 5.191672E-01   
 5.196106E-01   
 5.200585E-01   
 5.205110E-01   
 5.209679E-01   
 5.214293E-01   
 5.218951E-01   
 5.223653E-01   
 5.228399E-01   
 5.233189E-01   
 5.238022E-01   
 5.242899E-01   
 5.247818E-01   
 5.252780E-01   
 5.257785E-01   
 5.262831E-01   
 5.267920E-01   
 5.273050E-01   
 5.278221E-01   
 5.283434E-01   
 5.288687E-01   
 5.293982E-01   
 5.299316E-01   
 5.304691E-01   
 5.310105E-01   
 5.315559E-01   
 5.321053E-01   
 5.326585E-01   
 5.332156E-01   
 5.337766E-01   
 5.343413E-01   
 5.349099E-01   
 5.354822E-01   
 5.360583E-01   
 5.366381E-01   
 5.372216E-01   
 5.378087E-01   
 5.383994E-01   
 5.389938E-01   
 5.395917E-01   
 5.401932E-01   
 5.407981E-01   
 5.414066E-01   
 5.420185E-01   
 5.426338E-01   
 5.432525E-01   
 5.438746E-01   
 5.445000E-01   
 5.451287E-01   
 5.457607E-01   
 5.463960E-01   
 5.470345E-01   
 5.476761E-01   
 5.483209E-01   
 5.489689E-01   
 5.496199E-01   
 5.502740E-01   
 5.509312E-01   
 5.515913E-01   
 5.522545E-01   
 5.529206E-01   
 5.535895E-01   
 5.542614E-01   
 5.549361E-01   
 5.556137E-01   
 5.562940E-01   
 5.569771E-01   
 5.576630E-01   
 5.583515E-01   
 5.590427E-01   
 5.597365E-01   
 5.604330E-01   
 5.611320E-01   
 5.618335E-01   
 5.625376E-01   
 5.632441E-01   
 5.639531E-01   
 5.646645E-01   
 5.653783E-01   
 5.660944E-01   
 5.668129E-01   
 5.675336E-01   
 5.682566E-01   
 5.689818E-01   
 5.697093E-01   
 5.704388E-01   
 5.711705E-01   
 5.719043E-01   
 5.726402E-01   
 5.733781E-01   
 5.741180E-01   
 5.748598E-01   
 5.756036E-01   
 5.763493E-01   
 5.770969E-01   
 5.778463E-01   
 5.785975E-01   
 5.793505E-01   
 5.801052E-01   
 5.808616E-01   
 5.816197E-01   
 5.823795E-01   
 5.831408E-01   
 5.839038E-01   
 5.846683E-01   
 5.854343E-01   
 5.862018E-01   
 5.869707E-01   
 5.877410E-01   
 5.885128E-01   
 5.892859E-01   
 5.900603E-01   
 5.908360E-01   
 5.916129E-01   
 5.923911E-01   
 5.931705E-01   
 5.939510E-01   
 5.947327E-01   
 5.955154E-01   
 5.962992E-01   
 5.970841E-01   
 5.978699E-01   
 5.986567E-01   
 5.994445E-01   
 6.002331E-01   
 6.010226E-01   
 6.018130E-01   
 6.026041E-01   
 6.033960E-01   
 6.041887E-01   
 6.049821E-01   
 6.057761E-01   
 6.065708E-01   
 6.073661E-01   
 6.081620E-01   
 6.089585E-01   
 6.097554E-01   
 6.105529E-01   
 6.113508E-01   
 6.121491E-01   
 6.129478E-01   
 6.137469E-01   
 6.145463E-01   
 6.153460E-01   
 6.161460E-01   
 6.169462E-01   
 6.177466E-01   
 6.185472E-01   
 6.193480E-01   
 6.201488E-01   
 6.209497E-01   
 6.217507E-01   
 6.225517E-01   
 6.233527E-01   
 6.241536E-01   
 6.249545E-01   
 6.257552E-01   
 6.265559E-01   
 6.273563E-01   
 6.281566E-01   
 6.289566E-01   
 6.297564E-01   
 6.305559E-01   
 6.313551E-01   
 6.321539E-01   
 6.329524E-01   
 6.337505E-01   
 6.345481E-01   
 6.353452E-01   
 6.361419E-01   
 6.369380E-01   
 6.377336E-01   
 6.385286E-01   
 6.393230E-01   
 6.401168E-01   
 6.409098E-01   
 6.417022E-01   
 6.424939E-01   
 6.432848E-01   
 6.440749E-01   
 6.448642E-01   
 6.456527E-01   
 6.464402E-01   
 6.472269E-01   
 6.480127E-01   
 6.487975E-01   
 6.495813E-01   
 6.503641E-01   
 6.511459E-01   
 6.519266E-01   
 6.527062E-01   
 6.534847E-01   
 6.542620E-01   
 6.550382E-01   
 6.558131E-01   
 6.565869E-01   
 6.573593E-01   
 6.581305E-01   
 6.589004E-01   
 6.596689E-01   
 6.604361E-01   
 6.612019E-01   
 6.619662E-01   
 6.627291E-01   
 6.634906E-01   
 6.642505E-01   
 6.650089E-01   
 6.657658E-01   
 6.665211E-01   
 6.672748E-01   
 6.680268E-01   
 6.687773E-01   
 6.695260E-01   
 6.702730E-01   
 6.710184E-01   
 6.717619E-01   
 6.725037E-01   
 6.732437E-01   
 6.739819E-01   
 6.747182E-01   
 6.754526E-01   
 6.761851E-01   
 6.769157E-01   
 6.776444E-01   
 6.783711E-01   
 6.790958E-01   
 6.798185E-01   
 6.805391E-01   
 6.812577E-01   
 6.819742E-01   
 6.826886E-01   
 6.834008E-01   
 6.841109E-01   
 6.848188E-01   
 6.855245E-01   
 6.862280E-01   
 6.869292E-01   
 6.876282E-01   
 6.883248E-01   
 6.890192E-01   
 6.897112E-01   
 6.904008E-01   
 6.910881E-01   
 6.917730E-01   
 6.924554E-01   
 6.931355E-01   
 6.938130E-01   
 6.944881E-01   
 6.951606E-01   
 6.958306E-01   
 6.964981E-01   
 6.971630E-01   
 6.978253E-01   
 6.984850E-01   
 6.991421E-01   
 6.997965E-01   
 7.004483E-01   
 7.010973E-01   
 7.017437E-01   
 7.023873E-01   
 7.030282E-01   
 7.036663E-01   
 7.043016E-01   
 7.049341E-01   
 7.055638E-01   
 7.061907E-01   
 7.068147E-01   
 7.074358E-01   
 7.080540E-01   
 7.086693E-01   
 7.092817E-01   
 7.098911E-01   
 7.104975E-01   
 7.111009E-01   
 7.117014E-01   
 7.122988E-01   
 7.128932E-01   
 7.134845E-01   
 7.140728E-01   
 7.146579E-01   
 7.152400E-01   
 7.158189E-01   
 7.163947E-01   
 7.169673E-01   
 7.175368E-01   
 7.181031E-01   
 7.186661E-01   
 7.192260E-01   
 7.197826E-01   
 7.203359E-01   
 7.208860E-01   
 7.214328E-01   
 7.219763E-01   
 7.225165E-01   
 7.230534E-01   
 7.235869E-01   
 7.241170E-01   
 7.246438E-01   
 7.251672E-01   
 7.256872E-01   
 7.262038E-01   
 7.267170E-01   
 7.272267E-01   
 7.277330E-01   
 7.282358E-01   
 7.287351E-01   
 7.292309E-01   
 7.297232E-01   
 7.302120E-01   
 7.306973E-01   
 7.311790E-01   
 7.316571E-01   
 7.321317E-01   
 7.326027E-01   
 7.330701E-01   
 7.335339E-01   
 7.339940E-01   
 7.344505E-01   
 7.349034E-01   
 7.353527E-01   
 7.357982E-01   
 7.362401E-01   
 7.366783E-01   
 7.371128E-01   
 7.375436E-01   
 7.379706E-01   
 7.383939E-01   
 7.388135E-01   
 7.392293E-01   
 7.396414E-01   
 7.400497E-01   
 7.404542E-01   
 7.408549E-01   
 7.412518E-01   
 7.416449E-01   
 7.420342E-01   
 7.424196E-01   
 7.428012E-01   
 7.431790E-01   
 7.435529E-01   
 7.439229E-01   
 7.442890E-01   
 7.446513E-01   
 7.450097E-01   
 7.453641E-01   
 7.457147E-01   
 7.460613E-01   
 7.464040E-01   
 7.467428E-01   
 7.470776E-01   
 7.474085E-01   
 7.477355E-01   
 7.480584E-01   
 7.483775E-01   
 7.486925E-01   
 7.490035E-01   
 7.493106E-01   
 7.496136E-01   
 7.499127E-01   
 7.502077E-01   
 7.504988E-01   
 7.507858E-01   
 7.510687E-01   
 7.513477E-01   
 7.516226E-01   
 7.518934E-01   
 7.521603E-01   
 7.524230E-01   
 7.526817E-01   
 7.529363E-01   
 7.531869E-01   
 7.534334E-01   
 7.536758E-01   
 7.539141E-01   
 7.541483E-01   
 7.543785E-01   
 7.546045E-01   
 7.548264E-01   
 7.550443E-01   
 7.552580E-01   
 7.554676E-01   
 7.556731E-01   
 7.558745E-01   
 7.560717E-01   
 7.562648E-01   
 7.564538E-01   
 7.566387E-01   
 7.568194E-01   
 7.569960E-01   
 7.571685E-01   
 7.573368E-01   
 7.575009E-01   
 7.576610E-01   
 7.578168E-01   
 7.579685E-01   
 7.581161E-01   
 7.582595E-01   
 7.583988E-01   
 7.585339E-01   
 7.586648E-01   
 7.587916E-01   
 7.589142E-01   
 7.590327E-01   
 7.591470E-01   
 7.592571E-01   
 7.593631E-01   
 7.594649E-01   
 7.595625E-01   
 7.596560E-01   
 7.597453E-01   
 7.598304E-01   
 7.599114E-01   
 7.599882E-01   
 7.600609E-01   
 7.601294E-01   
 7.601937E-01   
 7.602538E-01   
 7.603098E-01   
 7.603617E-01   
 7.604094E-01   
 7.604529E-01   
 7.604922E-01   
 7.605275E-01   
 7.605585E-01   
 7.605854E-01   
 7.606082E-01   
 7.606268E-01   
 7.606412E-01   
 7.606516E-01   
 7.606577E-01   
 7.606598E-01   
 7.606577E-01   
 7.606514E-01   
 7.606410E-01   
 7.606266E-01   
 7.606079E-01   
 7.605852E-01   
 7.605583E-01   
 7.605273E-01   
 7.604922E-01   
 7.604530E-01   
 7.604097E-01   
 7.603623E-01   
 7.603108E-01   
 7.602552E-01   
 7.601955E-01   
 7.601318E-01   
 7.600639E-01   
 7.599920E-01   
 7.599160E-01   
 7.598359E-01   
 7.597518E-01   
 7.596636E-01   
 7.595713E-01   
 7.594750E-01   
 7.593747E-01   
 7.592703E-01   
 7.591619E-01   
 7.590495E-01   
 7.589331E-01   
 7.588126E-01   
 7.586881E-01   
 7.585597E-01   
 7.584272E-01   
 7.582908E-01   
 7.581503E-01   
 7.580059E-01   
 7.578575E-01   
 7.577052E-01   
 7.575489E-01   
 7.573886E-01   
 7.572244E-01   
 7.570563E-01   
 7.568842E-01   
 7.567083E-01   
 7.565284E-01   
 7.563446E-01   
 7.561569E-01   
 7.559653E-01   
 7.557698E-01   
 7.555705E-01   
 7.553673E-01   
 7.551602E-01   
 7.549493E-01   
 7.547346E-01   
 7.545160E-01   
 7.542936E-01   
 7.540674E-01   
 7.538373E-01   
 7.536035E-01   
 7.533659E-01   
 7.531245E-01   
 7.528794E-01   
 7.526305E-01   
 7.523778E-01   
 7.521214E-01   
 7.518612E-01   
 7.515974E-01   
 7.513298E-01   
 7.510585E-01   
 7.507836E-01   
 7.505050E-01   
 7.502226E-01   
 7.499367E-01   
 7.496471E-01   
 7.493538E-01   
 7.490569E-01   
 7.487564E-01   
 7.484523E-01   
 7.481446E-01   
 7.478333E-01   
 7.475185E-01   
 7.472001E-01   
 7.468781E-01   
 7.465526E-01   
 7.462236E-01   
 7.458911E-01   
 7.455550E-01   
 7.452155E-01   
 7.448725E-01   
 7.445260E-01   
 7.441761E-01   
 7.438228E-01   
 7.434660E-01   
 7.431058E-01   
 7.427422E-01   
 7.423752E-01   
 7.420048E-01   
 7.416311E-01   
 7.412540E-01   
 7.408736E-01   
 7.404898E-01   
 7.401028E-01   
 7.397124E-01   
 7.393188E-01   
 7.389219E-01   
 7.385217E-01   
 7.381183E-01   
 7.377117E-01   
 7.373018E-01   
 7.368888E-01   
 7.364726E-01   
 7.360532E-01   
 7.356306E-01   
 7.352049E-01   
 7.347761E-01   
 7.343442E-01   
 7.339091E-01   
 7.334710E-01   
 7.330298E-01   
 7.325856E-01   
 7.321383E-01   
 7.316881E-01   
 7.312348E-01   
 7.307785E-01   
 7.303192E-01   
 7.298570E-01   
 7.293918E-01   
 7.289237E-01   
 7.284527E-01   
 7.279788E-01   
 7.275021E-01   
 7.270224E-01   
 7.265399E-01   
 7.260546E-01   
 7.255665E-01   
 7.250756E-01   
 7.245819E-01   
 7.240854E-01   
 7.235862E-01   
 7.230842E-01   
 7.225796E-01   
 7.220722E-01   
 7.215622E-01   
 7.210495E-01   
 7.205342E-01   
 7.200162E-01   
 7.194956E-01   
 7.189725E-01   
 7.184467E-01   
 7.179184E-01   
 7.173876E-01   
 7.168543E-01   
 7.163184E-01   
 7.157801E-01   
 7.152393E-01   
 7.146960E-01   
 7.141504E-01   
 7.136023E-01   
 7.130518E-01   
 7.124990E-01   
 7.119438E-01   
 7.113862E-01   
 7.108264E-01   
 7.102642E-01   
 7.096998E-01   
 7.091331E-01   
 7.085642E-01   
 7.079931E-01   
 7.074197E-01   
 7.068442E-01   
 7.062665E-01   
 7.056867E-01   
 7.051047E-01   
 7.045207E-01   
 7.039345E-01   
 7.033463E-01   
 7.027561E-01   
 7.021638E-01   
 7.015695E-01   
 7.009733E-01   
 7.003750E-01   
 6.997749E-01   
 6.991728E-01   
 6.985688E-01   
 6.979629E-01   
 6.973552E-01   
 6.967456E-01   
 6.961342E-01   
 6.955210E-01   
 6.949061E-01   
 6.942893E-01   
 6.936709E-01   
 6.930507E-01   
 6.924288E-01   
 6.918053E-01   
 6.911801E-01   
 6.905533E-01   
 6.899248E-01   
 6.892948E-01   
 6.886632E-01   
 6.880301E-01   
 6.873954E-01   
 6.867593E-01   
 6.861217E-01   
 6.854826E-01   
 6.848420E-01   
 6.842001E-01   
 6.835568E-01   
 6.829121E-01   
 6.822660E-01   
 6.816186E-01   
 6.809699E-01   
 6.803200E-01   
 6.796688E-01   
 6.790163E-01   
 6.783626E-01   
 6.777078E-01   
 6.770518E-01   
 6.763946E-01   
 6.757363E-01   
 6.750769E-01   
 6.744164E-01   
 6.737549E-01   
 6.730923E-01   
 6.724287E-01   
 6.717642E-01   
 6.710986E-01   
 6.704322E-01   
 6.697648E-01   
 6.690965E-01   
 6.684274E-01   
 6.677574E-01   
 6.670865E-01   
 6.664149E-01   
 6.657425E-01   
 6.650693E-01   
 6.643955E-01   
 6.637209E-01   
 6.630456E-01   
 6.623696E-01   
 6.616930E-01   
 6.610158E-01   
 6.603380E-01   
 6.596597E-01   
 6.589808E-01   
 6.583014E-01   
 6.576215E-01   
 6.569411E-01   
 6.562602E-01   
 6.555790E-01   
 6.548973E-01   
 6.542153E-01   
 6.535329E-01   
 6.528502E-01   
 6.521672E-01   
 6.514839E-01   
 6.508003E-01   
 6.501165E-01   
 6.494325E-01   
 6.487483E-01   
 6.480640E-01   
 6.473795E-01   
 6.466949E-01   
 6.460102E-01   
 6.453255E-01   
 6.446407E-01   
 6.439559E-01   
 6.432711E-01   
 6.425864E-01   
 6.419017E-01   
 6.412171E-01   
 6.405326E-01   
 6.398482E-01   
 6.391640E-01   
 6.384799E-01   
 6.377961E-01   
 6.371125E-01   
 6.364291E-01   
 6.357461E-01   
 6.350633E-01   
 6.343809E-01   
 6.336988E-01   
 6.330170E-01   
 6.323357E-01   
 6.316548E-01   
 6.309744E-01   
 6.302944E-01   
 6.296149E-01   
 6.289360E-01   
 6.282576E-01   
 6.275797E-01   
 6.269025E-01   
 6.262258E-01   
 6.255499E-01   
 6.248745E-01   
 6.241999E-01   
 6.235260E-01   
 6.228529E-01   
 6.221805E-01   
 6.215089E-01   
 6.208381E-01   
 6.201681E-01   
 6.194990E-01   
 6.188308E-01   
 6.181635E-01   
 6.174972E-01   
 6.168318E-01   
 6.161674E-01   
 6.155040E-01   
 6.148416E-01   
 6.141803E-01   
 6.135201E-01   
 6.128610E-01   
 6.122030E-01   
 6.115462E-01   
 6.108905E-01   
 6.102360E-01   
 6.095828E-01   
 6.089308E-01   
 6.082801E-01   
 6.076307E-01   
 6.069826E-01   
 6.063359E-01   
 6.056905E-01   
 6.050465E-01   
 6.044040E-01   
 6.037628E-01   
 6.031232E-01   
 6.024850E-01   
 6.018483E-01   
 6.012132E-01   
 6.005797E-01   
 5.999477E-01   
 5.993173E-01   
 5.986885E-01   
 5.980614E-01   
 5.974360E-01   
 5.968123E-01   
 5.961903E-01   
 5.955700E-01   
 5.949515E-01   
 5.943348E-01   
 5.937199E-01   
 5.931069E-01   
 5.924957E-01   
 5.918864E-01   
 5.912790E-01   
 5.906735E-01   
 5.900700E-01   
 5.894684E-01   
 5.888689E-01   
 5.882713E-01   
 5.876758E-01   
 5.870824E-01   
 5.864910E-01   
 5.859018E-01   
 5.853147E-01   
 5.847297E-01   
 5.841469E-01   
 5.835663E-01   
 5.829879E-01   
 5.824118E-01   
 5.818379E-01   
 5.812663E-01   
 5.806970E-01   
 5.801300E-01   
 5.795654E-01   
 5.790031E-01   
 5.784432E-01   
 5.778858E-01   
 5.773307E-01   
 5.767782E-01   
 5.762280E-01   
 5.756804E-01   
 5.751353E-01   
 5.745927E-01   
 5.740527E-01   
 5.735153E-01   
 5.729804E-01   
 5.724482E-01   
 5.719186E-01   
 5.713916E-01   
 5.708674E-01   
 5.703458E-01   
 5.698269E-01   
 5.693108E-01   
 5.687974E-01   
 5.682868E-01   
 5.677790E-01   
 5.672740E-01   
 5.667719E-01   
 5.662726E-01   
 5.657761E-01   
 5.652826E-01   
 5.647919E-01   
 5.643042E-01   
 5.638194E-01   
 5.633376E-01   
 5.628587E-01   
 5.623829E-01   
 5.619101E-01   
 5.614403E-01   
 5.609735E-01   
 5.605099E-01   
 5.600493E-01   
 5.595918E-01   
 5.591375E-01   
 5.586862E-01   
 5.582382E-01   
 5.577933E-01   
 5.573516E-01   
 5.569131E-01   
 5.564778E-01   
 5.560458E-01   
 5.556170E-01   
 5.551915E-01   
 5.547693E-01   
 5.543504E-01   
 5.539348E-01   
 5.535225E-01   
 5.531136E-01   
 5.527081E-01   
 5.523059E-01   
 5.519071E-01   
 5.515118E-01   
 5.511199E-01   
 5.507314E-01   
 5.503463E-01   
 5.499648E-01   
 5.495867E-01   
 5.492121E-01   
 5.488411E-01   
 5.484735E-01   
 5.481095E-01   
 5.477491E-01   
 5.473922E-01   
 5.470389E-01   
 5.466892E-01   
 5.463431E-01   
 5.460006E-01   
 5.456617E-01   
 5.453265E-01   
 5.449949E-01   
 5.446671E-01   
 5.443429E-01   
 5.440223E-01   
 5.437055E-01   
 5.433924E-01   
 5.430831E-01   
 5.427774E-01   
 5.424756E-01   
 5.421774E-01   
 5.418831E-01   
 5.415925E-01   
 5.413057E-01   
 5.410228E-01   
 5.407436E-01   
 5.404683E-01   
 5.401968E-01   
 5.399291E-01   
 5.396653E-01   
 5.394053E-01   
 5.391492E-01   
 5.388970E-01   
 5.386487E-01   
 5.384043E-01   
 5.381638E-01   
 5.379272E-01   
 5.376945E-01   
 5.374658E-01   
 5.372410E-01   
 5.370201E-01   
 5.368032E-01   
 5.365902E-01   
 5.363812E-01   
 5.361762E-01   
 5.359752E-01   
 5.357781E-01   
 5.355851E-01   
 5.353960E-01   
 5.352110E-01   
 5.350300E-01   
 5.348529E-01   
 5.346799E-01   
 5.345110E-01   
 5.343460E-01   
 5.341852E-01   
 5.340283E-01   
 5.338755E-01   
 5.337268E-01   
 5.335821E-01   
 5.334414E-01   
 5.333049E-01   
 5.331724E-01   
 5.330440E-01   
 5.329196E-01   
 5.327994E-01   
 5.326832E-01   
 5.325711E-01   
 5.324631E-01   
 5.323592E-01   
 5.322593E-01   
 5.321636E-01   
 5.320720E-01   
 5.319844E-01   
 5.319010E-01   
 5.318217E-01   
 5.317465E-01   
 5.316753E-01   
 5.316083E-01   
 5.315454E-01   
 5.314866E-01   
 5.314319E-01   
 5.313813E-01   
 5.313349E-01   
 5.312925E-01   
 5.312542E-01   
 5.312201E-01   
 5.311900E-01   
 5.311641E-01   
 5.311422E-01   
 5.311245E-01   
 5.311109E-01   
 5.311013E-01   
 5.310959E-01   
 5.310945E-01   
 5.310973E-01   
 5.311041E-01   
 5.311151E-01   
 5.311301E-01   
 5.311492E-01   
 5.311724E-01   
 5.311996E-01   
 5.312310E-01   
 5.312664E-01   
 5.313058E-01   
 5.313494E-01   
 5.313969E-01   
 5.314486E-01   
 5.315043E-01   
 5.315640E-01   
 5.316278E-01   
 5.316956E-01   
 5.317675E-01   
 5.318433E-01   
 5.319232E-01   
 5.320071E-01   
 5.320950E-01   
 5.321869E-01   
 5.322828E-01   
 5.323827E-01   
 5.324866E-01   
 5.325945E-01   
 5.327063E-01   
 5.328221E-01   
 5.329418E-01   
 5.330655E-01   
 5.331931E-01   
 5.333247E-01   
 5.334601E-01   
 5.335995E-01   
 5.337428E-01   
 5.338900E-01   
 5.340411E-01   
 5.341961E-01   
 5.343549E-01   
 5.345176E-01   
 5.346842E-01   
 5.348546E-01   
 5.350289E-01   
 5.352069E-01   
 5.353888E-01   
 5.355745E-01   
 5.357640E-01   
 5.359572E-01   
 5.361543E-01   
 5.363551E-01   
 5.365596E-01   
 5.367679E-01   
 5.369799E-01   
 5.371957E-01   
 5.374151E-01   
 5.376383E-01   
 5.378651E-01   
 5.380956E-01   
 5.383298E-01   
 5.385676E-01   
 5.388091E-01   
 5.390541E-01   
 5.393028E-01   
 5.395551E-01   
 5.398109E-01   
 5.400704E-01   
 5.403334E-01   
 5.405999E-01   
 5.408700E-01   
 5.411435E-01   
 5.414206E-01   
 5.417012E-01   
 5.419852E-01   
 5.422727E-01   
 5.425637E-01   
 5.428581E-01   
 5.431559E-01   
 5.434571E-01   
 5.437617E-01   
 5.440696E-01   
 5.443809E-01   
 5.446956E-01   
 5.450136E-01   
 5.453349E-01   
 5.456594E-01   
 5.459873E-01   
 5.463184E-01   
 5.466528E-01   
 5.469904E-01   
 5.473312E-01   
 5.476752E-01   
 5.480224E-01   
 5.483728E-01   
 5.487263E-01   
 5.490829E-01   
 5.494427E-01   
 5.498055E-01   
 5.501714E-01   
 5.505404E-01   
 5.509124E-01   
 5.512874E-01   
 5.516655E-01   
 5.520465E-01   
 5.524306E-01   
 5.528175E-01   
 5.532074E-01   
 5.536002E-01   
 5.539959E-01   
 5.543945E-01   
 5.547960E-01   
 5.552003E-01   
 5.556074E-01   
 5.560173E-01   
 5.564300E-01   
 5.568455E-01   
 5.572637E-01   
 5.576847E-01   
 5.581084E-01   
 5.585347E-01   
 5.589637E-01   
 5.593954E-01   
 5.598297E-01   
 5.602666E-01   
 5.607061E-01   
 5.611481E-01   
 5.615927E-01   
 5.620399E-01   
 5.624895E-01   
 5.629417E-01   
 5.633963E-01   
 5.638533E-01   
 5.643128E-01   
 5.647747E-01   
 5.652390E-01   
 5.657056E-01   
 5.661746E-01   
 5.666459E-01   
 5.671195E-01   
 5.675954E-01   
 5.680735E-01   
 5.685539E-01   
 5.690365E-01   
 5.695213E-01   
 5.700083E-01   
 5.704974E-01   
 5.709886E-01   
 5.714820E-01   
 5.719774E-01   
 5.724749E-01   
 5.729745E-01   
 5.734761E-01   
 5.739796E-01   
 5.744852E-01   
 5.749927E-01   
 5.755021E-01   
 5.760135E-01   
 5.765267E-01   
 5.770419E-01   
 5.775588E-01   
 5.780776E-01   
 5.785982E-01   
 5.791205E-01   
 5.796446E-01   
 5.801705E-01   
 5.806980E-01   
 5.812273E-01   
 5.817582E-01   
 5.822907E-01   
 5.828249E-01   
 5.833607E-01   
 5.838980E-01   
 5.844369E-01   
 5.849773E-01   
 5.855193E-01   
 5.860627E-01   
 5.866076E-01   
 5.871539E-01   
 5.877016E-01   
 5.882507E-01   
 5.888012E-01   
 5.893531E-01   
 5.899062E-01   
 5.904607E-01   
 5.910164E-01   
 5.915734E-01   
 5.921316E-01   
 5.926910E-01   
 5.932517E-01   
 5.938134E-01   
 5.943763E-01   
 5.949404E-01   
 5.955055E-01   
 5.960717E-01   
 5.966389E-01   
 5.972072E-01   
 5.977764E-01   
 5.983467E-01   
 5.989178E-01   
 5.994900E-01   
 6.000630E-01   
 6.006369E-01   
 6.012117E-01   
 6.017873E-01   
 6.023637E-01   
 6.029409E-01   
 6.035189E-01   
 6.040976E-01   
 6.046770E-01   
 6.052572E-01   
 6.058380E-01   
 6.064195E-01   
 6.070016E-01   
 6.075843E-01   
 6.081676E-01   
 6.087514E-01   
 6.093358E-01   
 6.099207E-01   
 6.105061E-01   
 6.110920E-01   
 6.116783E-01   
 6.122650E-01   
 6.128522E-01   
 6.134397E-01   
 6.140275E-01   
 6.146157E-01   
 6.152042E-01   
 6.157930E-01   
 6.163821E-01   
 6.169714E-01   
 6.175609E-01   
 6.181506E-01   
 6.187405E-01   
 6.193305E-01   
 6.199206E-01   
 6.205109E-01   
 6.211012E-01   
 6.216916E-01   
 6.222821E-01   
 6.228725E-01   
 6.234630E-01   
 6.240534E-01   
 6.246437E-01   
 6.252340E-01   
 6.258242E-01   
 6.264143E-01   
 6.270042E-01   
 6.275940E-01   
 6.281835E-01   
 6.287729E-01   
 6.293621E-01   
 6.299510E-01   
 6.305396E-01   
 6.311279E-01   
 6.317159E-01   
 6.323036E-01   
 6.328909E-01   
 6.334778E-01   
 6.340644E-01   
 6.346505E-01   
 6.352361E-01   
 6.358213E-01   
 6.364060E-01   
 6.369902E-01   
 6.375739E-01   
 6.381570E-01   
 6.387396E-01   
 6.393215E-01   
 6.399028E-01   
 6.404835E-01   
 6.410636E-01   
 6.416429E-01   
 6.422216E-01   
 6.427996E-01   
 6.433768E-01   
 6.439532E-01   
 6.445289E-01   
 6.451037E-01   
 6.456778E-01   
 6.462510E-01   
 6.468233E-01   
 6.473948E-01   
 6.479653E-01   
 6.485350E-01   
 6.491037E-01   
 6.496714E-01   
 6.502381E-01   
 6.508039E-01   
 6.513686E-01   
 6.519323E-01   
 6.524949E-01   
 6.530565E-01   
 6.536169E-01   
 6.541762E-01   
 6.547344E-01   
 6.552915E-01   
 6.558473E-01   
 6.564020E-01   
 6.569554E-01   
 6.575077E-01   
 6.580586E-01   
 6.586083E-01   
 6.591567E-01   
 6.597038E-01   
 6.602496E-01   
 6.607940E-01   
 6.613371E-01   
 6.618788E-01   
 6.624190E-01   
 6.629579E-01   
 6.634954E-01   
 6.640313E-01   
 6.645658E-01   
 6.650989E-01   
 6.656304E-01   
 6.661604E-01   
 6.666888E-01   
 6.672157E-01   
 6.677410E-01   
 6.682647E-01   
 6.687869E-01   
 6.693073E-01   
 6.698262E-01   
 6.703434E-01   
 6.708589E-01   
 6.713727E-01   
 6.718848E-01   
 6.723951E-01   
 6.729037E-01   
 6.734106E-01   
 6.739157E-01   
 6.744190E-01   
 6.749205E-01   
 6.754201E-01   
 6.759179E-01   
 6.764139E-01   
 6.769080E-01   
 6.774002E-01   
 6.778904E-01   
 6.783788E-01   
 6.788652E-01   
 6.793497E-01   
 6.798323E-01   
 6.803128E-01   
 6.807913E-01   
 6.812679E-01   
 6.817424E-01   
 6.822148E-01   
 6.826852E-01   
 6.831536E-01   
 6.836198E-01   
 6.840840E-01   
 6.845460E-01   
 6.850060E-01   
 6.854637E-01   
 6.859194E-01   
 6.863728E-01   
 6.868241E-01   
 6.872732E-01   
 6.877200E-01   
 6.881647E-01   
 6.886071E-01   
 6.890472E-01   
 6.894851E-01   
 6.899207E-01   
 6.903541E-01   
 6.907851E-01   
 6.912138E-01   
 6.916402E-01   
 6.920642E-01   
 6.924859E-01   
 6.929052E-01   
 6.933222E-01   
 6.937367E-01   
 6.941489E-01   
 6.945586E-01   
 6.949659E-01   
 6.953708E-01   
 6.957732E-01   
 6.961732E-01   
 6.965707E-01   
 6.969657E-01   
 6.973582E-01   
 6.977482E-01   
 6.981357E-01   
 6.985206E-01   
 6.989031E-01   
 6.992829E-01   
 6.996602E-01   
 7.000350E-01   
 7.004071E-01   
 7.007767E-01   
 7.011436E-01   
 7.015079E-01   
 7.018696E-01   
 7.022287E-01   
 7.025851E-01   
 7.029389E-01   
 7.032900E-01   
 7.036385E-01   
 7.039842E-01   
 7.043273E-01   
 7.046677E-01   
 7.050053E-01   
 7.053402E-01   
 7.056724E-01   
 7.060019E-01   
 7.063286E-01   
 7.066526E-01   
 7.069738E-01   
 7.072922E-01   
 7.076078E-01   
 7.079207E-01   
 7.082307E-01   
 7.085380E-01   
 7.088424E-01   
 7.091440E-01   
 7.094428E-01   
 7.097387E-01   
 7.100318E-01   
 7.103220E-01   
 7.106094E-01   
 7.108939E-01   
 7.111756E-01   
 7.114543E-01   
 7.117302E-01   
 7.120031E-01   
 7.122732E-01   
 7.125404E-01   
 7.128046E-01   
 7.130659E-01   
 7.133243E-01   
 7.135798E-01   
 7.138323E-01   
 7.140818E-01   
 7.143284E-01   
 7.145721E-01   
 7.148128E-01   
 7.150505E-01   
 7.152852E-01   
 7.155169E-01   
 7.157457E-01   
 7.159715E-01   
 7.161942E-01   
 7.164140E-01   
 7.166308E-01   
 7.168445E-01   
 7.170552E-01   
 7.172629E-01   
 7.174676E-01   
 7.176692E-01   
 7.178678E-01   
 7.180634E-01   
 7.182559E-01   
 7.184454E-01   
 7.186318E-01   
 7.188151E-01   
 7.189954E-01   
 7.191727E-01   
 7.193468E-01   
 7.195179E-01   
 7.196859E-01   
 7.198509E-01   
 7.200127E-01   
 7.201715E-01   
 7.203272E-01   
 7.204797E-01   
 7.206292E-01   
 7.207756E-01   
 7.209189E-01   
 7.210591E-01   
 7.211962E-01   
 7.213302E-01   
 7.214611E-01   
 7.215889E-01   
 7.217135E-01   
 7.218350E-01   
 7.219535E-01   
 7.220688E-01   
 7.221810E-01   
 7.222900E-01   
 7.223960E-01   
 7.224988E-01   
 7.225985E-01   
 7.226950E-01   
 7.227885E-01   
 7.228788E-01   
 7.229659E-01   
 7.230500E-01   
 7.231309E-01   
 7.232087E-01   
 7.232833E-01   
 7.233549E-01   
 7.234232E-01   
 7.234885E-01   
 7.235506E-01   
 7.236096E-01   
 7.236655E-01   
 7.237182E-01   
 7.237678E-01   
 7.238142E-01   
 7.238576E-01   
 7.238978E-01   
 7.239348E-01   
 7.239688E-01   
 7.239996E-01   
 7.240273E-01   
 7.240518E-01   
 7.240732E-01   
 7.240915E-01   
 7.241067E-01   
 7.241188E-01   
 7.241277E-01   
 7.241336E-01   
 7.241363E-01   
 7.241359E-01   
 7.241323E-01   
 7.241257E-01   
 7.241160E-01   
 7.241031E-01   
 7.240872E-01   
 7.240681E-01   
 7.240460E-01   
 7.240208E-01   
 7.239924E-01   
 7.239610E-01   
 7.239265E-01   
 7.238889E-01   
 7.238482E-01   
 7.238044E-01   
 7.237576E-01   
 7.237077E-01   
 7.236547E-01   
 7.235987E-01   
 7.235396E-01   
 7.234774E-01   
 7.234122E-01   
 7.233439E-01   
 7.232726E-01   
 7.231983E-01   
 7.231209E-01   
 7.230404E-01   
 7.229570E-01   
 7.228705E-01   
 7.227810E-01   
 7.226885E-01   
 7.225929E-01   
 7.224944E-01   
 7.223929E-01   
 7.222883E-01   
 7.221808E-01   
 7.220703E-01   
 7.219568E-01   
 7.218403E-01   
 7.217209E-01   
 7.215985E-01   
 7.214731E-01   
 7.213448E-01   
 7.212135E-01   
 7.210793E-01   
 7.209421E-01   
 7.208020E-01   
 7.206590E-01   
 7.205131E-01   
 7.203643E-01   
 7.202125E-01   
 7.200579E-01   
 7.199004E-01   
 7.197399E-01   
 7.195766E-01   
 7.194105E-01   
 7.192414E-01   
 7.190695E-01   
 7.188948E-01   
 7.187172E-01   
 7.185368E-01   
 7.183535E-01   
 7.181674E-01   
 7.179785E-01   
 7.177868E-01   
 7.175923E-01   
 7.173950E-01   
 7.171950E-01   
 7.169921E-01   
 7.167865E-01   
 7.165781E-01   
 7.163670E-01   
 7.161531E-01   
 7.159365E-01   
 7.157171E-01   
 7.154951E-01   
 7.152703E-01   
 7.150428E-01   
 7.148126E-01   
 7.145798E-01   
 7.143443E-01   
 7.141061E-01   
 7.138652E-01   
 7.136217E-01   
 7.133756E-01   
 7.131268E-01   
 7.128754E-01   
 7.126214E-01   
 7.123648E-01   
 7.121056E-01   
 7.118438E-01   
 7.115795E-01   
 7.113126E-01   
 7.110431E-01   
 7.107711E-01   
 7.104966E-01   
 7.102195E-01   
 7.099399E-01   
 7.096579E-01   
 7.093733E-01   
 7.090863E-01   
 7.087967E-01   
 7.085048E-01   
 7.082103E-01   
 7.079135E-01   
 7.076142E-01   
 7.073125E-01   
 7.070083E-01   
 7.067018E-01   
 7.063929E-01   
 7.060817E-01   
 7.057680E-01   
 7.054520E-01   
 7.051337E-01   
 7.048131E-01   
 7.044901E-01   
 7.041648E-01   
 7.038373E-01   
 7.035074E-01   
 7.031753E-01   
 7.028410E-01   
 7.025044E-01   
 7.021655E-01   
 7.018245E-01   
 7.014812E-01   
 7.011357E-01   
 7.007881E-01   
 7.004382E-01   
 7.000863E-01   
 6.997321E-01   
 6.993759E-01   
 6.990175E-01   
 6.986570E-01   
 6.982944E-01   
 6.979297E-01   
 6.975630E-01   
 6.971942E-01   
 6.968234E-01   
 6.964505E-01   
 6.960756E-01   
 6.956987E-01   
 6.953198E-01   
 6.949390E-01   
 6.945561E-01   
 6.941714E-01   
 6.937846E-01   
 6.933960E-01   
 6.930055E-01   
 6.926130E-01   
 6.922187E-01   
 6.918225E-01   
 6.914245E-01   
 6.910246E-01   
 6.906229E-01   
 6.902193E-01   
 6.898140E-01   
 6.894069E-01   
 6.889980E-01   
 6.885874E-01   
 6.881750E-01   
 6.877609E-01   
 6.873451E-01   
 6.869276E-01   
 6.865085E-01   
 6.860876E-01   
 6.856651E-01   
 6.852410E-01   
 6.848152E-01   
 6.843878E-01   
 6.839589E-01   
 6.835283E-01   
 6.830962E-01   
 6.826626E-01   
 6.822274E-01   
 6.817907E-01   
 6.813525E-01   
 6.809128E-01   
 6.804716E-01   
 6.800290E-01   
 6.795849E-01   
 6.791395E-01   
 6.786926E-01   
 6.782443E-01   
 6.777946E-01   
 6.773436E-01   
 6.768912E-01   
 6.764375E-01   
 6.759825E-01   
 6.755262E-01   
 6.750686E-01   
 6.746098E-01   
 6.741496E-01   
 6.736883E-01   
 6.732257E-01   
 6.727620E-01   
 6.722970E-01   
 6.718309E-01   
 6.713637E-01   
 6.708952E-01   
 6.704257E-01   
 6.699551E-01   
 6.694834E-01   
 6.690106E-01   
 6.685368E-01   
 6.680619E-01   
 6.675860E-01   
 6.671091E-01   
 6.666312E-01   
 6.661524E-01   
 6.656725E-01   
 6.651918E-01   
 6.647101E-01   
 6.642276E-01   
 6.637441E-01   
 6.632598E-01   
 6.627746E-01   
 6.622886E-01   
 6.618018E-01   
 6.613142E-01   
 6.608258E-01   
 6.603366E-01   
 6.598467E-01   
 6.593560E-01   
 6.588647E-01   
 6.583726E-01   
 6.578799E-01   
 6.573865E-01   
 6.568924E-01   
 6.563977E-01   
 6.559025E-01   
 6.554066E-01   
 6.549101E-01   
 6.544131E-01   
 6.539156E-01   
 6.534175E-01   
 6.529189E-01   
 6.524199E-01   
 6.519203E-01   
 6.514204E-01   
 6.509200E-01   
 6.504191E-01   
 6.499179E-01   
 6.494163E-01   
 6.489143E-01   
 6.484120E-01   
 6.479094E-01   
 6.474064E-01   
 6.469032E-01   
 6.463997E-01   
 6.458959E-01   
 6.453919E-01   
 6.448877E-01   
 6.443832E-01   
 6.438786E-01   
 6.433738E-01   
 6.428689E-01   
 6.423639E-01   
 6.418587E-01   
 6.413534E-01   
 6.408481E-01   
 6.403427E-01   
 6.398373E-01   
 6.393318E-01   
 6.388263E-01   
 6.383209E-01   
 6.378155E-01   
 6.373101E-01   
 6.368048E-01   
 6.362996E-01   
 6.357945E-01   
 6.352895E-01   
 6.347847E-01   
 6.342800E-01   
 6.337755E-01   
 6.332712E-01   
 6.327671E-01   
 6.322632E-01   
 6.317596E-01   
 6.312563E-01   
 6.307532E-01   
 6.302505E-01   
 6.297480E-01   
 6.292459E-01   
 6.287442E-01   
 6.282428E-01   
 6.277419E-01   
 6.272413E-01   
 6.267412E-01   
 6.262415E-01   
 6.257423E-01   
 6.252435E-01   
 6.247453E-01   
 6.242476E-01   
 6.237504E-01   
 6.232538E-01   
 6.227578E-01   
 6.222623E-01   
 6.217675E-01   
 6.212733E-01   
 6.207797E-01   
 6.202868E-01   
 6.197945E-01   
 6.193030E-01   
 6.188122E-01   
 6.183221E-01   
 6.178328E-01   
 6.173443E-01   
 6.168565E-01   
 6.163695E-01   
 6.158834E-01   
 6.153981E-01   
 6.149136E-01   
 6.144301E-01   
 6.139474E-01   
 6.134656E-01   
 6.129848E-01   
 6.125049E-01   
 6.120260E-01   
 6.115481E-01   
 6.110711E-01   
 6.105952E-01   
 6.101203E-01   
 6.096464E-01   
 6.091737E-01   
 6.087020E-01   
 6.082314E-01   
 6.077619E-01   
 6.072936E-01   
 6.068264E-01   
 6.063603E-01   
 6.058955E-01   
 6.054319E-01   
 6.049695E-01   
 6.045083E-01   
 6.040484E-01   
 6.035898E-01   
 6.031324E-01   
 6.026764E-01   
 6.022217E-01   
 6.017683E-01   
 6.013162E-01   
 6.008656E-01   
 6.004163E-01   
 5.999684E-01   
 5.995220E-01   
 5.990770E-01   
 5.986334E-01   
 5.981914E-01   
 5.977508E-01   
 5.973117E-01   
 5.968741E-01   
 5.964380E-01   
 5.960035E-01   
 5.955706E-01   
 5.951393E-01   
 5.947095E-01   
 5.942814E-01   
 5.938549E-01   
 5.934300E-01   
 5.930068E-01   
 5.925853E-01   
 5.921655E-01   
 5.917473E-01   
 5.913309E-01   
 5.909163E-01   
 5.905034E-01   
 5.900922E-01   
 5.896829E-01   
 5.892753E-01   
 5.888696E-01   
 5.884656E-01   
 5.880636E-01   
 5.876633E-01   
 5.872650E-01   
 5.868685E-01   
 5.864740E-01   
 5.860813E-01   
 5.856906E-01   
 5.853019E-01   
 5.849150E-01   
 5.845302E-01   
 5.841474E-01   
 5.837665E-01   
 5.833877E-01   
 5.830109E-01   
 5.826361E-01   
 5.822634E-01   
 5.818928E-01   
 5.815242E-01   
 5.811578E-01   
 5.807934E-01   
 5.804312E-01   
 5.800711E-01   
 5.797132E-01   
 5.793575E-01   
 5.790039E-01   
 5.786525E-01   
 5.783033E-01   
 5.779563E-01   
 5.776115E-01   
 5.772690E-01   
 5.769288E-01   
 5.765908E-01   
 5.762551E-01   
 5.759216E-01   
 5.755905E-01   
 5.752617E-01   
 5.749352E-01   
 5.746111E-01   
 5.742893E-01   
 5.739699E-01   
 5.736528E-01   
 5.733381E-01   
 5.730258E-01   
 5.727160E-01   
 5.724085E-01   
 5.721035E-01   
 5.718009E-01   
 5.715008E-01   
 5.712031E-01   
 5.709079E-01   
 5.706152E-01   
 5.703250E-01   
 5.700372E-01   
 5.697520E-01   
 5.694694E-01   
 5.691892E-01   
 5.689116E-01   
 5.686366E-01   
 5.683641E-01   
 5.680942E-01   
 5.678269E-01   
 5.675622E-01   
 5.673001E-01   
 5.670405E-01   
 5.667837E-01   
 5.665294E-01   
 5.662778E-01   
 5.660288E-01   
 5.657825E-01   
 5.655389E-01   
 5.652979E-01   
 5.650596E-01   
 5.648240E-01   
 5.645911E-01   
 5.643609E-01   
 5.641335E-01   
 5.639087E-01   
 5.636867E-01   
 5.634674E-01   
 5.632509E-01   
 5.630371E-01   
 5.628261E-01   
 5.626178E-01   
 5.624124E-01   
 5.622097E-01   
 5.620098E-01   
 5.618127E-01   
 5.616184E-01   
 5.614269E-01   
 5.612382E-01   
 5.610523E-01   
 5.608693E-01   
 5.606891E-01   
 5.605117E-01   
 5.603372E-01   
 5.601656E-01   
 5.599968E-01   
 5.598308E-01   
 5.596677E-01   
 5.595075E-01   
 5.593502E-01   
 5.591958E-01   
 5.590442E-01   
 5.588956E-01   
 5.587498E-01   
 5.586069E-01   
 5.584670E-01   
 5.583299E-01   
 5.581958E-01   
 5.580646E-01   
 5.579363E-01   
 5.578109E-01   
 5.576885E-01   
 5.575690E-01   
 5.574524E-01   
 5.573388E-01   
 5.572281E-01   
 5.571203E-01   
 5.570156E-01   
 5.569137E-01   
 5.568148E-01   
 5.567189E-01   
 5.566259E-01   
 5.565359E-01   
 5.564489E-01   
 5.563648E-01   
 5.562837E-01   
 5.562055E-01   
 5.561304E-01   
 5.560582E-01   
 5.559889E-01   
 5.559227E-01   
 5.558594E-01   
 5.557991E-01   
 5.557418E-01   
 5.556874E-01   
 5.556361E-01   
 5.555877E-01   
 5.555423E-01   
 5.554998E-01   
 5.554604E-01   
 5.554239E-01   
 5.553905E-01   
 5.553600E-01   
 5.553324E-01   
 5.553079E-01   
 5.552863E-01   
 5.552677E-01   
 5.552521E-01   
 5.552395E-01   
 5.552298E-01   
 5.552232E-01   
 5.552194E-01   
 5.552187E-01   
 5.552209E-01   
 5.552261E-01   
 5.552343E-01   
 5.552454E-01   
 5.552595E-01   
 5.552766E-01   
 5.552966E-01   
 5.553195E-01   
 5.553454E-01   
 5.553743E-01   
 5.554061E-01   
 5.554409E-01   
 5.554786E-01   
 5.555192E-01   
 5.555627E-01   
 5.556092E-01   
 5.556587E-01   
 5.557110E-01   
 5.557663E-01   
 5.558245E-01   
 5.558855E-01   
 5.559495E-01   
 5.560165E-01   
 5.560863E-01   
 5.561589E-01   
 5.562345E-01   
 5.563130E-01   
 5.563943E-01   
 5.564786E-01   
 5.565657E-01   
 5.566556E-01   
 5.567484E-01   
 5.568441E-01   
 5.569426E-01   
 5.570440E-01   
 5.571482E-01   
 5.572552E-01   
 5.573651E-01   
 5.574777E-01   
 5.575932E-01   
 5.577115E-01   
 5.578326E-01   
 5.579565E-01   
 5.580831E-01   
 5.582126E-01   
 5.583448E-01   
 5.584797E-01   
 5.586175E-01   
 5.587580E-01   
 5.589012E-01   
 5.590472E-01   
 5.591958E-01   
 5.593473E-01   
 5.595014E-01   
 5.596582E-01   
 5.598177E-01   
 5.599799E-01   
 5.601448E-01   
 5.603124E-01   
 5.604826E-01   
 5.606555E-01   
 5.608310E-01   
 5.610091E-01   
 5.611899E-01   
 5.613733E-01   
 5.615593E-01   
 5.617479E-01   
 5.619391E-01   
 5.621329E-01   
 5.623293E-01   
 5.625282E-01   
 5.627297E-01   
 5.629337E-01   
 5.631402E-01   
 5.633493E-01   
 5.635609E-01   
 5.637749E-01   
 5.639915E-01   
 5.642106E-01   
 5.644321E-01   
 5.646561E-01   
 5.648825E-01   
 5.651114E-01   
 5.653427E-01   
 5.655764E-01   
 5.658125E-01   
 5.660510E-01   
 5.662919E-01   
 5.665352E-01   
 5.667808E-01   
 5.670288E-01   
 5.672792E-01   
 5.675318E-01   
 5.677868E-01   
 5.680440E-01   
 5.683036E-01   
 5.685654E-01   
 5.688295E-01   
 5.690959E-01   
 5.693645E-01   
 5.696353E-01   
 5.699083E-01   
 5.701836E-01   
 5.704610E-01   
 5.707406E-01   
 5.710224E-01   
 5.713063E-01   
 5.715924E-01   
 5.718806E-01   
 5.721709E-01   
 5.724634E-01   
 5.727579E-01   
 5.730544E-01   
 5.733531E-01   
 5.736538E-01   
 5.739565E-01   
 5.742613E-01   
 5.745680E-01   
 5.748768E-01   
 5.751875E-01   
 5.755002E-01   
 5.758148E-01   
 5.761314E-01   
 5.764500E-01   
 5.767704E-01   
 5.770927E-01   
 5.774169E-01   
 5.777430E-01   
 5.780709E-01   
 5.784007E-01   
 5.787322E-01   
 5.790656E-01   
 5.794008E-01   
 5.797378E-01   
 5.800765E-01   
 5.804170E-01   
 5.807593E-01   
 5.811032E-01   
 5.814489E-01   
 5.817962E-01   
 5.821452E-01   
 5.824959E-01   
 5.828482E-01   
 5.832022E-01   
 5.835578E-01   
 5.839150E-01   
 5.842737E-01   
 5.846341E-01   
 5.849960E-01   
 5.853594E-01   
 5.857243E-01   
 5.860908E-01   
 5.864588E-01   
 5.868282E-01   
 5.871991E-01   
 5.875714E-01   
 5.879452E-01   
 5.883204E-01   
 5.886970E-01   
 5.890749E-01   
 5.894543E-01   
 5.898350E-01   
 5.902170E-01   
 5.906003E-01   
 5.909850E-01   
 5.913709E-01   
 5.917581E-01   
 5.921465E-01   
 5.925362E-01   
 5.929272E-01   
 5.933193E-01   
 5.937126E-01   
 5.941071E-01   
 5.945027E-01   
 5.948995E-01   
 5.952974E-01   
 5.956964E-01   
 5.960965E-01   
 5.964977E-01   
 5.969000E-01   
 5.973033E-01   
 5.977076E-01   
 5.981129E-01   
 5.985192E-01   
 5.989265E-01   
 5.993347E-01   
 5.997439E-01   
 6.001541E-01   
 6.005651E-01   
 6.009770E-01   
 6.013898E-01   
 6.018035E-01   
 6.022180E-01   
 6.026333E-01   
 6.030495E-01   
 6.034664E-01   
 6.038842E-01   
 6.043026E-01   
 6.047219E-01   
 6.051418E-01   
 6.055625E-01   
 6.059838E-01   
 6.064058E-01   
 6.068285E-01   
 6.072519E-01   
 6.076758E-01   
 6.081004E-01   
 6.085256E-01   
 6.089513E-01   
 6.093776E-01   
 6.098045E-01   
 6.102318E-01   
 6.106597E-01   
 6.110881E-01   
 6.115169E-01   
 6.119462E-01   
 6.123760E-01   
 6.128062E-01   
 6.132368E-01   
 6.136677E-01   
 6.140991E-01   
 6.145308E-01   
 6.149629E-01   
 6.153953E-01   
 6.158280E-01   
 6.162609E-01   
 6.166942E-01   
 6.171277E-01   
 6.175615E-01   
 6.179955E-01   
 6.184297E-01   
 6.188641E-01   
 6.192987E-01   
 6.197334E-01   
 6.201683E-01   
 6.206033E-01   
 6.210384E-01   
 6.214736E-01   
 6.219089E-01   
 6.223442E-01   
 6.227796E-01   
 6.232150E-01   
 6.236505E-01   
 6.240859E-01   
 6.245213E-01   
 6.249567E-01   
 6.253920E-01   
 6.258272E-01   
 6.262624E-01   
 6.266975E-01   
 6.271324E-01   
 6.275672E-01   
 6.280019E-01   
 6.284364E-01   
 6.288707E-01   
 6.293048E-01   
 6.297387E-01   
 6.301724E-01   
 6.306058E-01   
 6.310390E-01   
 6.314719E-01   
 6.319045E-01   
 6.323367E-01   
 6.327687E-01   
 6.332003E-01   
 6.336316E-01   
 6.340625E-01   
 6.344930E-01   
 6.349231E-01   
 6.353528E-01   
 6.357820E-01   
 6.362108E-01   
 6.366391E-01   
 6.370670E-01   
 6.374943E-01   
 6.379212E-01   
 6.383475E-01   
 6.387733E-01   
 6.391985E-01   
 6.396232E-01   
 6.400472E-01   
 6.404707E-01   
 6.408935E-01   
 6.413157E-01   
 6.417373E-01   
 6.421582E-01   
 6.425784E-01   
 6.429980E-01   
 6.434168E-01   
 6.438349E-01   
 6.442523E-01   
 6.446689E-01   
 6.450848E-01   
 6.454999E-01   
 6.459141E-01   
 6.463276E-01   
 6.467403E-01   
 6.471521E-01   
 6.475631E-01   
 6.479732E-01   
 6.483824E-01   
 6.487907E-01   
 6.491982E-01   
 6.496047E-01   
 6.500102E-01   
 6.504149E-01   
 6.508185E-01   
 6.512212E-01   
 6.516229E-01   
 6.520236E-01   
 6.524233E-01   
 6.528219E-01   
 6.532195E-01   
 6.536160E-01   
 6.540115E-01   
 6.544059E-01   
 6.547992E-01   
 6.551913E-01   
 6.555824E-01   
 6.559723E-01   
 6.563611E-01   
 6.567487E-01   
 6.571351E-01   
 6.575203E-01   
 6.579043E-01   
 6.582872E-01   
 6.586687E-01   
 6.590491E-01   
 6.594282E-01   
 6.598060E-01   
 6.601826E-01   
 6.605578E-01   
 6.609318E-01   
 6.613044E-01   
 6.616757E-01   
 6.620457E-01   
 6.624144E-01   
 6.627816E-01   
 6.631475E-01   
 6.635120E-01   
 6.638751E-01   
 6.642368E-01   
 6.645971E-01   
 6.649559E-01   
 6.653133E-01   
 6.656693E-01   
 6.660238E-01   
 6.663768E-01   
 6.667283E-01   
 6.670783E-01   
 6.674268E-01   
 6.677737E-01   
 6.681191E-01   
 6.684630E-01   
 6.688054E-01   
 6.691461E-01   
 6.694853E-01   
 6.698229E-01   
 6.701589E-01   
 6.704933E-01   
 6.708261E-01   
 6.711572E-01   
 6.714867E-01   
 6.718145E-01   
 6.721407E-01   
 6.724652E-01   
 6.727880E-01   
 6.731092E-01   
 6.734286E-01   
 6.737463E-01   
 6.740624E-01   
 6.743766E-01   
 6.746892E-01   
 6.749999E-01   
 6.753090E-01   
 6.756162E-01   
 6.759217E-01   
 6.762254E-01   
 6.765273E-01   
 6.768274E-01   
 6.771257E-01   
 6.774221E-01   
 6.777167E-01   
 6.780095E-01   
 6.783004E-01   
 6.785895E-01   
 6.788767E-01   
 6.791620E-01   
 6.794455E-01   
 6.797270E-01   
 6.800067E-01   
 6.802844E-01   
 6.805603E-01   
 6.808342E-01   
 6.811061E-01   
 6.813762E-01   
 6.816442E-01   
 6.819104E-01   
 6.821745E-01   
 6.824367E-01   
 6.826969E-01   
 6.829551E-01   
 6.832114E-01   
 6.834656E-01   
 6.837178E-01   
 6.839680E-01   
 6.842162E-01   
 6.844623E-01   
 6.847064E-01   
 6.849485E-01   
 6.851885E-01   
 6.854265E-01   
 6.856624E-01   
 6.858962E-01   
 6.861279E-01   
 6.863576E-01   
 6.865852E-01   
 6.868107E-01   
 6.870340E-01   
 6.872553E-01   
 6.874745E-01   
 6.876915E-01   
 6.879064E-01   
 6.881192E-01   
 6.883298E-01   
 6.885383E-01   
 6.887447E-01   
 6.889489E-01   
 6.891509E-01   
 6.893508E-01   
 6.895485E-01   
 6.897440E-01   
 6.899373E-01   
 6.901285E-01   
 6.903175E-01   
 6.905042E-01   
 6.906888E-01   
 6.908712E-01   
 6.910513E-01   
 6.912293E-01   
 6.914050E-01   
 6.915785E-01   
 6.917498E-01   
 6.919189E-01   
 6.920857E-01   
 6.922502E-01   
 6.924126E-01   
 6.925727E-01   
 6.927305E-01   
 6.928861E-01   
 6.930394E-01   
 6.931904E-01   
 6.933392E-01   
 6.934857E-01   
 6.936300E-01   
 6.937720E-01   
 6.939117E-01   
 6.940491E-01   
 6.941842E-01   
 6.943170E-01   
 6.944476E-01   
 6.945758E-01   
 6.947018E-01   
 6.948254E-01   
 6.949468E-01   
 6.950658E-01   
 6.951826E-01   
 6.952970E-01   
 6.954091E-01   
 6.955189E-01   
 6.956264E-01   
 6.957316E-01   
 6.958344E-01   
 6.959350E-01   
 6.960332E-01   
 6.961290E-01   
 6.962226E-01   
 6.963138E-01   
 6.964027E-01   
 6.964893E-01   
 6.965735E-01   
 6.966554E-01   
 6.967349E-01   
 6.968122E-01   
 6.968870E-01   
 6.969596E-01   
 6.970298E-01   
 6.970976E-01   
 6.971632E-01   
 6.972263E-01   
 6.972872E-01   
 6.973456E-01   
 6.974018E-01   
 6.974556E-01   
 6.975070E-01   
 6.975562E-01   
 6.976029E-01   
 6.976473E-01   
 6.976894E-01   
 6.977291E-01   
 6.977665E-01   
 6.978016E-01   
 6.978343E-01   
 6.978646E-01   
 6.978926E-01   
 6.979183E-01   
 6.979416E-01   
 6.979626E-01   
 6.979812E-01   
 6.979975E-01   
 6.980115E-01   
 6.980231E-01   
 6.980324E-01   
 6.980394E-01   
 6.980440E-01   
 6.980462E-01   
 6.980462E-01   
 6.980438E-01   
 6.980391E-01   
 6.980321E-01   
 6.980227E-01   
 6.980110E-01   
 6.979970E-01   
 6.979807E-01   
 6.979620E-01   
 6.979410E-01   
 6.979177E-01   
 6.978921E-01   
 6.978642E-01   
 6.978340E-01   
 6.978015E-01   
 6.977667E-01   
 6.977295E-01   
 6.976901E-01   
 6.976484E-01   
 6.976044E-01   
 6.975581E-01   
 6.975095E-01   
 6.974586E-01   
 6.974055E-01   
 6.973500E-01   
 6.972923E-01   
 6.972323E-01   
 6.971701E-01   
 6.971056E-01   
 6.970388E-01   
 6.969698E-01   
 6.968985E-01   
 6.968249E-01   
 6.967491E-01   
 6.966711E-01   
 6.965908E-01   
 6.965083E-01   
 6.964236E-01   
 6.963366E-01   
 6.962474E-01   
 6.961560E-01   
 6.960624E-01   
 6.959666E-01   
 6.958685E-01   
 6.957683E-01   
 6.956659E-01   
 6.955612E-01   
 6.954544E-01   
 6.953454E-01   
 6.952343E-01   
 6.951209E-01   
 6.950054E-01   
 6.948877E-01   
 6.947679E-01   
 6.946459E-01   
 6.945217E-01   
 6.943955E-01   
 6.942670E-01   
 6.941365E-01   
 6.940038E-01   
 6.938690E-01   
 6.937321E-01   
 6.935931E-01   
 6.934520E-01   
 6.933087E-01   
 6.931634E-01   
 6.930160E-01   
 6.928666E-01   
 6.927150E-01   
 6.925614E-01   
 6.924057E-01   
 6.922480E-01   
 6.920882E-01   
 6.919264E-01   
 6.917625E-01   
 6.915966E-01   
 6.914287E-01   
 6.912588E-01   
 6.910869E-01   
 6.909129E-01   
 6.907370E-01   
 6.905591E-01   
 6.903792E-01   
 6.901973E-01   
 6.900134E-01   
 6.898276E-01   
 6.896399E-01   
 6.894502E-01   
 6.892585E-01   
 6.890650E-01   
 6.888695E-01   
 6.886720E-01   
 6.884727E-01   
 6.882715E-01   
 6.880684E-01   
 6.878634E-01   
 6.876565E-01   
 6.874478E-01   
 6.872372E-01   
 6.870247E-01   
 6.868104E-01   
 6.865943E-01   
 6.863763E-01   
 6.861565E-01   
 6.859349E-01   
 6.857115E-01   
 6.854863E-01   
 6.852593E-01   
 6.850305E-01   
 6.847999E-01   
 6.845676E-01   
 6.843336E-01   
 6.840978E-01   
 6.838602E-01   
 6.836210E-01   
 6.833800E-01   
 6.831373E-01   
 6.828929E-01   
 6.826468E-01   
 6.823991E-01   
 6.821496E-01   
 6.818985E-01   
 6.816458E-01   
 6.813914E-01   
 6.811354E-01   
 6.808777E-01   
 6.806184E-01   
 6.803575E-01   
 6.800951E-01   
 6.798310E-01   
 6.795653E-01   
 6.792981E-01   
 6.790294E-01   
 6.787590E-01   
 6.784872E-01   
 6.782138E-01   
 6.779389E-01   
 6.776625E-01   
 6.773846E-01   
 6.771052E-01   
 6.768243E-01   
 6.765419E-01   
 6.762581E-01   
 6.759729E-01   
 6.756862E-01   
 6.753981E-01   
 6.751086E-01   
 6.748176E-01   
 6.745253E-01   
 6.742316E-01   
 6.739365E-01   
 6.736400E-01   
 6.733422E-01   
 6.730431E-01   
 6.727426E-01   
 6.724408E-01   
 6.721377E-01   
 6.718333E-01   
 6.715276E-01   
 6.712206E-01   
 6.709124E-01   
 6.706029E-01   
 6.702922E-01   
 6.699802E-01   
 6.696671E-01   
 6.693527E-01   
 6.690371E-01   
 6.687203E-01   
 6.684024E-01   
 6.680833E-01   
 6.677630E-01   
 6.674416E-01   
 6.671191E-01   
 6.667954E-01   
 6.664707E-01   
 6.661448E-01   
 6.658179E-01   
 6.654899E-01   
 6.651608E-01   
 6.648307E-01   
 6.644996E-01   
 6.641674E-01   
 6.638342E-01   
 6.635001E-01   
 6.631649E-01   
 6.628288E-01   
 6.624917E-01   
 6.621536E-01   
 6.618146E-01   
 6.614747E-01   
 6.611339E-01   
 6.607922E-01   
 6.604495E-01   
 6.601060E-01   
 6.597617E-01   
 6.594164E-01   
 6.590704E-01   
 6.587235E-01   
 6.583758E-01   
 6.580273E-01   
 6.576780E-01   
 6.573279E-01   
 6.569771E-01   
 6.566255E-01   
 6.562731E-01   
 6.559201E-01   
 6.555663E-01   
 6.552118E-01   
 6.548566E-01   
 6.545008E-01   
 6.541442E-01   
 6.537871E-01   
 6.534293E-01   
 6.530708E-01   
 6.527118E-01   
 6.523521E-01   
 6.519919E-01   
 6.516311E-01   
 6.512697E-01   
 6.509078E-01   
 6.505453E-01   
 6.501823E-01   
 6.498188E-01   
 6.494548E-01   
 6.490904E-01   
 6.487254E-01   
 6.483600E-01   
 6.479941E-01   
 6.476279E-01   
 6.472612E-01   
 6.468941E-01   
 6.465266E-01   
 6.461587E-01   
 6.457904E-01   
 6.454218E-01   
 6.450529E-01   
 6.446836E-01   
 6.443140E-01   
 6.439442E-01   
 6.435740E-01   
 6.432036E-01   
 6.428329E-01   
 6.424619E-01   
 6.420907E-01   
 6.417193E-01   
 6.413477E-01   
 6.409759E-01   
 6.406039E-01   
 6.402318E-01   
 6.398595E-01   
 6.394870E-01   
 6.391145E-01   
 6.387418E-01   
 6.383690E-01   
 6.379961E-01   
 6.376232E-01   
 6.372502E-01   
 6.368771E-01   
 6.365040E-01   
 6.361309E-01   
 6.357578E-01   
 6.353847E-01   
 6.350116E-01   
 6.346385E-01   
 6.342655E-01   
 6.338926E-01   
 6.335197E-01   
 6.331469E-01   
 6.327742E-01   
 6.324017E-01   
 6.320292E-01   
 6.316569E-01   
 6.312848E-01   
 6.309128E-01   
 6.305410E-01   
 6.301694E-01   
 6.297980E-01   
 6.294268E-01   
 6.290558E-01   
 6.286851E-01   
 6.283147E-01   
 6.279445E-01   
 6.275747E-01   
 6.272051E-01   
 6.268358E-01   
 6.264669E-01   
 6.260983E-01   
 6.257301E-01   
 6.253622E-01   
 6.249947E-01   
 6.246276E-01   
 6.242609E-01   
 6.238946E-01   
 6.235288E-01   
 6.231634E-01   
 6.227985E-01   
 6.224340E-01   
 6.220700E-01   
 6.217066E-01   
 6.213436E-01   
 6.209812E-01   
 6.206193E-01   
 6.202579E-01   
 6.198972E-01   
 6.195370E-01   
 6.191773E-01   
 6.188183E-01   
 6.184599E-01   
 6.181022E-01   
 6.177451E-01   
 6.173886E-01   
 6.170328E-01   
 6.166777E-01   
 6.163233E-01   
 6.159695E-01   
 6.156165E-01   
 6.152643E-01   
 6.149128E-01   
 6.145620E-01   
 6.142120E-01   
 6.138628E-01   
 6.135144E-01   
 6.131668E-01   
 6.128200E-01   
 6.124740E-01   
 6.121289E-01   
 6.117847E-01   
 6.114413E-01   
 6.110988E-01   
 6.107572E-01   
 6.104165E-01   
 6.100767E-01   
 6.097379E-01   
 6.094000E-01   
 6.090631E-01   
 6.087271E-01   
 6.083921E-01   
 6.080581E-01   
 6.077251E-01   
 6.073931E-01   
 6.070622E-01   
 6.067323E-01   
 6.064034E-01   
 6.060756E-01   
 6.057489E-01   
 6.054233E-01   
 6.050988E-01   
 6.047754E-01   
 6.044531E-01   
 6.041319E-01   
 6.038119E-01   
 6.034931E-01   
 6.031754E-01   
 6.028589E-01   
 6.025436E-01   
 6.022295E-01   
 6.019166E-01   
 6.016050E-01   
 6.012945E-01   
 6.009854E-01   
 6.006775E-01   
 6.003708E-01   
 6.000655E-01   
 5.997614E-01   
 5.994586E-01   
 5.991572E-01   
 5.988571E-01   
 5.985583E-01   
 5.982609E-01   
 5.979648E-01   
 5.976701E-01   
 5.973768E-01   
 5.970848E-01   
 5.967943E-01   
 5.965052E-01   
 5.962175E-01   
 5.959312E-01   
 5.956464E-01   
 5.953630E-01   
 5.950811E-01   
 5.948006E-01   
 5.945217E-01   
 5.942442E-01   
 5.939683E-01   
 5.936938E-01   
 5.934209E-01   
 5.931495E-01   
 5.928796E-01   
 5.926113E-01   
 5.923446E-01   
 5.920794E-01   
 5.918158E-01   
 5.915538E-01   
 5.912934E-01   
 5.910346E-01   
 5.907774E-01   
 5.905219E-01   
 5.902680E-01   
 5.900157E-01   
 5.897651E-01   
 5.895161E-01   
 5.892688E-01   
 5.890232E-01   
 5.887793E-01   
 5.885371E-01   
 5.882965E-01   
 5.880577E-01   
 5.878207E-01   
 5.875853E-01   
 5.873517E-01   
 5.871198E-01   
 5.868897E-01   
 5.866614E-01   
 5.864348E-01   
 5.862100E-01   
 5.859870E-01   
 5.857658E-01   
 5.855464E-01   
 5.853288E-01   
 5.851130E-01   
 5.848991E-01   
 5.846869E-01   
 5.844767E-01   
 5.842682E-01   
 5.840617E-01   
 5.838569E-01   
 5.836541E-01   
 5.834531E-01   
 5.832540E-01   
 5.830568E-01   
 5.828615E-01   
 5.826682E-01   
 5.824767E-01   
 5.822871E-01   
 5.820995E-01   
 5.819137E-01   
 5.817300E-01   
 5.815481E-01   
 5.813682E-01   
 5.811903E-01   
 5.810143E-01   
 5.808403E-01   
 5.806683E-01   
 5.804982E-01   
 5.803301E-01   
 5.801640E-01   
 5.800000E-01   
 5.798379E-01   
 5.796778E-01   
 5.795197E-01   
 5.793636E-01   
 5.792096E-01   
 5.790576E-01   
 5.789076E-01   
 5.787597E-01   
 5.786138E-01   
 5.784699E-01   
 5.783281E-01   
 5.781883E-01   
 5.780506E-01   
 5.779150E-01   
 5.777814E-01   
 5.776499E-01   
 5.775205E-01   
 5.773932E-01   
 5.772679E-01   
 5.771448E-01   
 5.770237E-01   
 5.769047E-01   
 5.767878E-01   
 5.766730E-01   
 5.765604E-01   
 5.764498E-01   
 5.763414E-01   
 5.762350E-01   
 5.761308E-01   
 5.760287E-01   
 5.759288E-01   
 5.758309E-01   
 5.757352E-01   
 5.756416E-01   
 5.755502E-01   
 5.754609E-01   
 5.753737E-01   
 5.752887E-01   
 5.752058E-01   
 5.751251E-01   
 5.750465E-01   
 5.749701E-01   
 5.748958E-01   
 5.748237E-01   
 5.747537E-01   
 5.746859E-01   
 5.746203E-01   
 5.745568E-01   
 5.744955E-01   
 5.744363E-01   
 5.743793E-01   
 5.743245E-01   
 5.742719E-01   
 5.742214E-01   
 5.741730E-01   
 5.741269E-01   
 5.740829E-01   
 5.740411E-01   
 5.740015E-01   
 5.739640E-01   
 5.739287E-01   
 5.738956E-01   
 5.738646E-01   
 5.738359E-01   
 5.738093E-01   
 5.737848E-01   
 5.737626E-01   
 5.737425E-01   
 5.737246E-01   
 5.737088E-01   
 5.736952E-01   
 5.736838E-01   
 5.736746E-01   
 5.736675E-01   
 5.736626E-01   
 5.736599E-01   
 5.736593E-01   
 5.736609E-01   
 5.736647E-01   
 5.736706E-01   
 5.736787E-01   
 5.736889E-01   
 5.737013E-01   
 5.737158E-01   
 5.737325E-01   
 5.737514E-01   
 5.737724E-01   
 5.737955E-01   
 5.738208E-01   
 5.738483E-01   
 5.738778E-01   
 5.739096E-01   
 5.739434E-01   
 5.739794E-01   
 5.740175E-01   
 5.740577E-01   
 5.741001E-01   
 5.741446E-01   
 5.741912E-01   
 5.742399E-01   
 5.742908E-01   
 5.743437E-01   
 5.743988E-01   
 5.744559E-01   
 5.745152E-01   
 5.745765E-01   
 5.746399E-01   
 5.747055E-01   
 5.747731E-01   
 5.748428E-01   
 5.749146E-01   
 5.749884E-01   
 5.750643E-01   
 5.751423E-01   
 5.752223E-01   
 5.753044E-01   
 5.753885E-01   
 5.754747E-01   
 5.755629E-01   
 5.756532E-01   
 5.757455E-01   
 5.758398E-01   
 5.759362E-01   
 5.760345E-01   
 5.761349E-01   
 5.762373E-01   
 5.763417E-01   
 5.764480E-01   
 5.765564E-01   
 5.766668E-01   
 5.767791E-01   
 5.768934E-01   
 5.770097E-01   
 5.771279E-01   
 5.772481E-01   
 5.773703E-01   
 5.774944E-01   
 5.776204E-01   
 5.777483E-01   
 5.778782E-01   
 5.780100E-01   
 5.781438E-01   
 5.782794E-01   
 5.784169E-01   
 5.785563E-01   
 5.786976E-01   
 5.788408E-01   
 5.789859E-01   
 5.791328E-01   
 5.792816E-01   
 5.794322E-01   
 5.795847E-01   
 5.797390E-01   
 5.798952E-01   
 5.800532E-01   
 5.802130E-01   
 5.803746E-01   
 5.805380E-01   
 5.807031E-01   
 5.808701E-01   
 5.810389E-01   
 5.812094E-01   
 5.813817E-01   
 5.815557E-01   
 5.817315E-01   
 5.819091E-01   
 5.820883E-01   
 5.822693E-01   
 5.824520E-01   
 5.826364E-01   
 5.828225E-01   
 5.830103E-01   
 5.831998E-01   
 5.833909E-01   
 5.835837E-01   
 5.837782E-01   
 5.839743E-01   
 5.841720E-01   
 5.843714E-01   
 5.845724E-01   
 5.847750E-01   
 5.849792E-01   
 5.851849E-01   
 5.853923E-01   
 5.856013E-01   
 5.858118E-01   
 5.860238E-01   
 5.862375E-01   
 5.864526E-01   
 5.866693E-01   
 5.868875E-01   
 5.871072E-01   
 5.873284E-01   
 5.875511E-01   
 5.877752E-01   
 5.880009E-01   
 5.882280E-01   
 5.884565E-01   
 5.886865E-01   
 5.889179E-01   
 5.891508E-01   
 5.893850E-01   
 5.896207E-01   
 5.898577E-01   
 5.900961E-01   
 5.903359E-01   
 5.905770E-01   
 5.908195E-01   
 5.910634E-01   
 5.913085E-01   
 5.915550E-01   
 5.918028E-01   
 5.920518E-01   
 5.923022E-01   
 5.925538E-01   
 5.928067E-01   
 5.930609E-01   
 5.933163E-01   
 5.935729E-01   
 5.938308E-01   
 5.940898E-01   
 5.943501E-01   
 5.946116E-01   
 5.948742E-01   
 5.951380E-01   
 5.954029E-01   
 5.956690E-01   
 5.959363E-01   
 5.962046E-01   
 5.964741E-01   
 5.967446E-01   
 5.970163E-01   
 5.972890E-01   
 5.975628E-01   
 5.978377E-01   
 5.981136E-01   
 5.983905E-01   
 5.986684E-01   
 5.989474E-01   
 5.992273E-01   
 5.995083E-01   
 5.997902E-01   
 6.000731E-01   
 6.003569E-01   
 6.006417E-01   
 6.009274E-01   
 6.012140E-01   
 6.015015E-01   
 6.017899E-01   
 6.020792E-01   
 6.023694E-01   
 6.026604E-01   
 6.029523E-01   
 6.032450E-01   
 6.035385E-01   
 6.038329E-01   
 6.041280E-01   
 6.044239E-01   
 6.047206E-01   
 6.050181E-01   
 6.053163E-01   
 6.056153E-01   
 6.059150E-01   
 6.062154E-01   
 6.065165E-01   
 6.068183E-01   
 6.071207E-01   
 6.074239E-01   
 6.077277E-01   
 6.080321E-01   
 6.083372E-01   
 6.086429E-01   
 6.089492E-01   
 6.092561E-01   
 6.095636E-01   
 6.098717E-01   
 6.101803E-01   
 6.104894E-01   
 6.107991E-01   
 6.111093E-01   
 6.114201E-01   
 6.117313E-01   
 6.120430E-01   
 6.123552E-01   
 6.126678E-01   
 6.129809E-01   
 6.132945E-01   
 6.136084E-01   
 6.139228E-01   
 6.142376E-01   
 6.145528E-01   
 6.148683E-01   
 6.151842E-01   
 6.155005E-01   
 6.158171E-01   
 6.161340E-01   
 6.164512E-01   
 6.167688E-01   
 6.170866E-01   
 6.174047E-01   
 6.177231E-01   
 6.180418E-01   
 6.183607E-01   
 6.186798E-01   
 6.189991E-01   
 6.193186E-01   
 6.196384E-01   
 6.199583E-01   
 6.202784E-01   
 6.205986E-01   
 6.209190E-01   
 6.212395E-01   
 6.215602E-01   
 6.218809E-01   
 6.222018E-01   
 6.225227E-01   
 6.228437E-01   
 6.231648E-01   
 6.234859E-01   
 6.238071E-01   
 6.241283E-01   
 6.244495E-01   
 6.247707E-01   
 6.250919E-01   
 6.254130E-01   
 6.257342E-01   
 6.260553E-01   
 6.263763E-01   
 6.266973E-01   
 6.270181E-01   
 6.273389E-01   
 6.276596E-01   
 6.279802E-01   
 6.283006E-01   
 6.286209E-01   
 6.289410E-01   
 6.292610E-01   
 6.295808E-01   
 6.299004E-01   
 6.302198E-01   
 6.305390E-01   
 6.308580E-01   
 6.311768E-01   
 6.314953E-01   
 6.318135E-01   
 6.321315E-01   
 6.324492E-01   
 6.327666E-01   
 6.330837E-01   
 6.334004E-01   
 6.337169E-01   
 6.340330E-01   
 6.343488E-01   
 6.346642E-01   
 6.349792E-01   
 6.352939E-01   
 6.356082E-01   
 6.359220E-01   
 6.362355E-01   
 6.365485E-01   
 6.368611E-01   
 6.371732E-01   
 6.374848E-01   
 6.377960E-01   
 6.381067E-01   
 6.384170E-01   
 6.387267E-01   
 6.390359E-01   
 6.393445E-01   
 6.396527E-01   
 6.399602E-01   
 6.402673E-01   
 6.405737E-01   
 6.408796E-01   
 6.411849E-01   
 6.414896E-01   
 6.417936E-01   
 6.420971E-01   
 6.423999E-01   
 6.427021E-01   
 6.430036E-01   
 6.433044E-01   
 6.436046E-01   
 6.439041E-01   
 6.442029E-01   
 6.445009E-01   
 6.447983E-01   
 6.450950E-01   
 6.453909E-01   
 6.456860E-01   
 6.459804E-01   
 6.462740E-01   
 6.465669E-01   
 6.468590E-01   
 6.471502E-01   
 6.474407E-01   
 6.477303E-01   
 6.480192E-01   
 6.483071E-01   
 6.485943E-01   
 6.488806E-01   
 6.491660E-01   
 6.494505E-01   
 6.497342E-01   
 6.500169E-01   
 6.502988E-01   
 6.505797E-01   
 6.508597E-01   
 6.511388E-01   
 6.514170E-01   
 6.516942E-01   
 6.519704E-01   
 6.522457E-01   
 6.525199E-01   
 6.527932E-01   
 6.530655E-01   
 6.533368E-01   
 6.536071E-01   
 6.538764E-01   
 6.541446E-01   
 6.544118E-01   
 6.546779E-01   
 6.549430E-01   
 6.552070E-01   
 6.554700E-01   
 6.557318E-01   
 6.559926E-01   
 6.562523E-01   
 6.565108E-01   
 6.567682E-01   
 6.570245E-01   
 6.572797E-01   
 6.575337E-01   
 6.577866E-01   
 6.580383E-01   
 6.582889E-01   
 6.585383E-01   
 6.587865E-01   
 6.590335E-01   
 6.592793E-01   
 6.595239E-01   
 6.597673E-01   
 6.600094E-01   
 6.602504E-01   
 6.604900E-01   
 6.607285E-01   
 6.609657E-01   
 6.612016E-01   
 6.614363E-01   
 6.616697E-01   
 6.619018E-01   
 6.621326E-01   
 6.623621E-01   
 6.625904E-01   
 6.628173E-01   
 6.630429E-01   
 6.632671E-01   
 6.634901E-01   
 6.637117E-01   
 6.639319E-01   
 6.641508E-01   
 6.643684E-01   
 6.645845E-01   
 6.647993E-01   
 6.650128E-01   
 6.652248E-01   
 6.654355E-01   
 6.656447E-01   
 6.658525E-01   
 6.660590E-01   
 6.662640E-01   
 6.664676E-01   
 6.666698E-01   
 6.668705E-01   
 6.670698E-01   
 6.672676E-01   
 6.674640E-01   
 6.676589E-01   
 6.678524E-01   
 6.680444E-01   
 6.682349E-01   
 6.684239E-01   
 6.686115E-01   
 6.687975E-01   
 6.689821E-01   
 6.691651E-01   
 6.693467E-01   
 6.695267E-01   
 6.697052E-01   
 6.698822E-01   
 6.700576E-01   
 6.702316E-01   
 6.704039E-01   
 6.705748E-01   
 6.707441E-01   
 6.709118E-01   
 6.710780E-01   
 6.712426E-01   
 6.714056E-01   
 6.715671E-01   
 6.717270E-01   
 6.718853E-01   
 6.720420E-01   
 6.721971E-01   
 6.723506E-01   
 6.725026E-01   
 6.726529E-01   
 6.728016E-01   
 6.729487E-01   
 6.730942E-01   
 6.732381E-01   
 6.733804E-01   
 6.735210E-01   
 6.736600E-01   
 6.737973E-01   
 6.739331E-01   
 6.740671E-01   
 6.741996E-01   
 6.743303E-01   
 6.744595E-01   
 6.745869E-01   
 6.747128E-01   
 6.748369E-01   
 6.749594E-01   
 6.750802E-01   
 6.751994E-01   
 6.753168E-01   
 6.754326E-01   
 6.755467E-01   
 6.756592E-01   
 6.757699E-01   
 6.758790E-01   
 6.759863E-01   
 6.760920E-01   
 6.761960E-01   
 6.762983E-01   
 6.763988E-01   
 6.764977E-01   
 6.765949E-01   
 6.766903E-01   
 6.767841E-01   
 6.768761E-01   
 6.769664E-01   
 6.770550E-01   
 6.771419E-01   
 6.772271E-01   
 6.773105E-01   
 6.773922E-01   
 6.774722E-01   
 6.775505E-01   
 6.776270E-01   
 6.777018E-01   
 6.777749E-01   
 6.778462E-01   
 6.779158E-01   
 6.779837E-01   
 6.780498E-01   
 6.781142E-01   
 6.781769E-01   
 6.782378E-01   
 6.782969E-01   
 6.783544E-01   
 6.784101E-01   
 6.784640E-01   
 6.785162E-01   
 6.785666E-01   
 6.786154E-01   
 6.786623E-01   
 6.787075E-01   
 6.787510E-01   
 6.787927E-01   
 6.788327E-01   
 6.788709E-01   
 6.789074E-01   
 6.789421E-01   
 6.789751E-01   
 6.790063E-01   
 6.790358E-01   
 6.790635E-01   
 6.790895E-01   
 6.791137E-01   
 6.791362E-01   
 6.791569E-01   
 6.791759E-01   
 6.791931E-01   
 6.792086E-01   
 6.792223E-01   
 6.792343E-01   
 6.792446E-01   
 6.792531E-01   
 6.792599E-01   
 6.792649E-01   
 6.792682E-01   
 6.792697E-01   
 6.792695E-01   
 6.792676E-01   
 6.792639E-01   
 6.792585E-01   
 6.792513E-01   
 6.792424E-01   
 6.792318E-01   
 6.792195E-01   
 6.792054E-01   
 6.791896E-01   
 6.791720E-01   
 6.791528E-01   
 6.791318E-01   
 6.791091E-01   
 6.790847E-01   
 6.790585E-01   
 6.790307E-01   
 6.790011E-01   
 6.789698E-01   
 6.789368E-01   
 6.789021E-01   
 6.788657E-01   
 6.788276E-01   
 6.787878E-01   
 6.787462E-01   
 6.787030E-01   
 6.786581E-01   
 6.786115E-01   
 6.785632E-01   
 6.785133E-01   
 6.784616E-01   
 6.784083E-01   
 6.783533E-01   
 6.782966E-01   
 6.782382E-01   
 6.781782E-01   
 6.781165E-01   
 6.780531E-01   
 6.779881E-01   
 6.779214E-01   
 6.778531E-01   
 6.777831E-01   
 6.777114E-01   
 6.776381E-01   
 6.775632E-01   
 6.774867E-01   
 6.774085E-01   
 6.773287E-01   
 6.772472E-01   
 6.771641E-01   
 6.770795E-01   
 6.769931E-01   
 6.769052E-01   
 6.768157E-01   
 6.767246E-01   
 6.766319E-01   
 6.765375E-01   
 6.764416E-01   
 6.763441E-01   
 6.762450E-01   
 6.761444E-01   
 6.760421E-01   
 6.759383E-01   
 6.758329E-01   
 6.757260E-01   
 6.756175E-01   
 6.755075E-01   
 6.753959E-01   
 6.752828E-01   
 6.751681E-01   
 6.750519E-01   
 6.749341E-01   
 6.748149E-01   
 6.746941E-01   
 6.745718E-01   
 6.744480E-01   
 6.743227E-01   
 6.741959E-01   
 6.740676E-01   
 6.739378E-01   
 6.738066E-01   
 6.736738E-01   
 6.735396E-01   
 6.734039E-01   
 6.732668E-01   
 6.731282E-01   
 6.729881E-01   
 6.728466E-01   
 6.727037E-01   
 6.725593E-01   
 6.724135E-01   
 6.722663E-01   
 6.721176E-01   
 6.719676E-01   
 6.718161E-01   
 6.716633E-01   
 6.715090E-01   
 6.713534E-01   
 6.711964E-01   
 6.710380E-01   
 6.708782E-01   
 6.707171E-01   
 6.705546E-01   
 6.703908E-01   
 6.702256E-01   
 6.700591E-01   
 6.698912E-01   
 6.697221E-01   
 6.695516E-01   
 6.693798E-01   
 6.692067E-01   
 6.690323E-01   
 6.688566E-01   
 6.686796E-01   
 6.685014E-01   
 6.683219E-01   
 6.681411E-01   
 6.679590E-01   
 6.677757E-01   
 6.675912E-01   
 6.674054E-01   
 6.672184E-01   
 6.670302E-01   
 6.668407E-01   
 6.666501E-01   
 6.664582E-01   
 6.662652E-01   
 6.660709E-01   
 6.658755E-01   
 6.656789E-01   
 6.654812E-01   
 6.652823E-01   
 6.650822E-01   
 6.648810E-01   
 6.646787E-01   
 6.644752E-01   
 6.642706E-01   
 6.640650E-01   
 6.638582E-01   
 6.636503E-01   
 6.634413E-01   
 6.632312E-01   
 6.630201E-01   
 6.628079E-01   
 6.625946E-01   
 6.623803E-01   
 6.621650E-01   
 6.619486E-01   
 6.617312E-01   
 6.615127E-01   
 6.612933E-01   
 6.610729E-01   
 6.608514E-01   
 6.606290E-01   
 6.604056E-01   
 6.601813E-01   
 6.599559E-01   
 6.597297E-01   
 6.595024E-01   
 6.592743E-01   
 6.590452E-01   
 6.588152E-01   
 6.585843E-01   
 6.583525E-01   
 6.581198E-01   
 6.578862E-01   
 6.576517E-01   
 6.574164E-01   
 6.571802E-01   
 6.569432E-01   
 6.567053E-01   
 6.564666E-01   
 6.562270E-01   
 6.559867E-01   
 6.557455E-01   
 6.555036E-01   
 6.552608E-01   
 6.550173E-01   
 6.547730E-01   
 6.545279E-01   
 6.542821E-01   
 6.540356E-01   
 6.537883E-01   
 6.535403E-01   
 6.532915E-01   
 6.530421E-01   
 6.527920E-01   
 6.525411E-01   
 6.522896E-01   
 6.520375E-01   
 6.517846E-01   
 6.515311E-01   
 6.512770E-01   
 6.510222E-01   
 6.507668E-01   
 6.505108E-01   
 6.502542E-01   
 6.499970E-01   
 6.497391E-01   
 6.494808E-01   
 6.492218E-01   
 6.489623E-01   
 6.487022E-01   
 6.484416E-01   
 6.481805E-01   
 6.479188E-01   
 6.476567E-01   
 6.473940E-01   
 6.471308E-01   
 6.468672E-01   
 6.466030E-01   
 6.463385E-01   
 6.460734E-01   
 6.458079E-01   
 6.455420E-01   
 6.452756E-01   
 6.450089E-01   
 6.447417E-01   
 6.444741E-01   
 6.442062E-01   
 6.439378E-01   
 6.436691E-01   
 6.434000E-01   
 6.431306E-01   
 6.428609E-01   
 6.425908E-01   
 6.423204E-01   
 6.420497E-01   
 6.417787E-01   
 6.415074E-01   
 6.412358E-01   
 6.409639E-01   
 6.406918E-01   
 6.404194E-01   
 6.401468E-01   
 6.398740E-01   
 6.396009E-01   
 6.393277E-01   
 6.390542E-01   
 6.387805E-01   
 6.385067E-01   
 6.382327E-01   
 6.379585E-01   
 6.376841E-01   
 6.374097E-01   
 6.371351E-01   
 6.368603E-01   
 6.365855E-01   
 6.363105E-01   
 6.360355E-01   
 6.357604E-01   
 6.354852E-01   
 6.352099E-01   
 6.349346E-01   
 6.346593E-01   
 6.343839E-01   
 6.341085E-01   
 6.338331E-01   
 6.335576E-01   
 6.332822E-01   
 6.330068E-01   
 6.327314E-01   
 6.324561E-01   
 6.321808E-01   
 6.319056E-01   
 6.316304E-01   
 6.313553E-01   
 6.310803E-01   
 6.308054E-01   
 6.305306E-01   
 6.302559E-01   
 6.299813E-01   
 6.297069E-01   
 6.294326E-01   
 6.291585E-01   
 6.288845E-01   
 6.286108E-01   
 6.283372E-01   
 6.280637E-01   
 6.277905E-01   
 6.275176E-01   
 6.272448E-01   
 6.269723E-01   
 6.267000E-01   
 6.264279E-01   
 6.261562E-01   
 6.258847E-01   
 6.256135E-01   
 6.253425E-01   
 6.250719E-01   
 6.248016E-01   
 6.245316E-01   
 6.242620E-01   
 6.239927E-01   
 6.237237E-01   
 6.234551E-01   
 6.231869E-01   
 6.229190E-01   
 6.226516E-01   
 6.223845E-01   
 6.221179E-01   
 6.218516E-01   
 6.215858E-01   
 6.213205E-01   
 6.210556E-01   
 6.207911E-01   
 6.205271E-01   
 6.202636E-01   
 6.200006E-01   
 6.197380E-01   
 6.194760E-01   
 6.192145E-01   
 6.189535E-01   
 6.186930E-01   
 6.184331E-01   
 6.181737E-01   
 6.179149E-01   
 6.176566E-01   
 6.173990E-01   
 6.171419E-01   
 6.168854E-01   
 6.166295E-01   
 6.163743E-01   
 6.161197E-01   
 6.158657E-01   
 6.156123E-01   
 6.153596E-01   
 6.151076E-01   
 6.148562E-01   
 6.146055E-01   
 6.143555E-01   
 6.141062E-01   
 6.138576E-01   
 6.136097E-01   
 6.133625E-01   
 6.131161E-01   
 6.128704E-01   
 6.126255E-01   
 6.123813E-01   
 6.121379E-01   
 6.118953E-01   
 6.116534E-01   
 6.114123E-01   
 6.111721E-01   
 6.109326E-01   
 6.106940E-01   
 6.104562E-01   
 6.102193E-01   
 6.099832E-01   
 6.097479E-01   
 6.095135E-01   
 6.092800E-01   
 6.090473E-01   
 6.088156E-01   
 6.085847E-01   
 6.083547E-01   
 6.081257E-01   
 6.078975E-01   
 6.076703E-01   
 6.074441E-01   
 6.072187E-01   
 6.069944E-01   
 6.067709E-01   
 6.065485E-01   
 6.063270E-01   
 6.061065E-01   
 6.058870E-01   
 6.056685E-01   
 6.054511E-01   
 6.052346E-01   
 6.050191E-01   
 6.048047E-01   
 6.045913E-01   
 6.043790E-01   
 6.041677E-01   
 6.039574E-01   
 6.037483E-01   
 6.035402E-01   
 6.033332E-01   
 6.031273E-01   
 6.029224E-01   
 6.027187E-01   
 6.025161E-01   
 6.023146E-01   
 6.021143E-01   
 6.019150E-01   
 6.017169E-01   
 6.015200E-01   
 6.013242E-01   
 6.011295E-01   
 6.009361E-01   
 6.007438E-01   
 6.005527E-01   
 6.003627E-01   
 6.001740E-01   
 5.999865E-01   
 5.998001E-01   
 5.996150E-01   
 5.994311E-01   
 5.992485E-01   
 5.990670E-01   
 5.988868E-01   
 5.987079E-01   
 5.985301E-01   
 5.983537E-01   
 5.981785E-01   
 5.980046E-01   
 5.978320E-01   
 5.976606E-01   
 5.974905E-01   
 5.973217E-01   
 5.971542E-01   
 5.969881E-01   
 5.968232E-01   
 5.966596E-01   
 5.964974E-01   
 5.963365E-01   
 5.961769E-01   
 5.960187E-01   
 5.958618E-01   
 5.957063E-01   
 5.955521E-01   
 5.953992E-01   
 5.952478E-01   
 5.950977E-01   
 5.949489E-01   
 5.948016E-01   
 5.946556E-01   
 5.945111E-01   
 5.943679E-01   
 5.942261E-01   
 5.940857E-01   
 5.939467E-01   
 5.938092E-01   
 5.936730E-01   
 5.935383E-01   
 5.934050E-01   
 5.932732E-01   
 5.931427E-01   
 5.930137E-01   
 5.928862E-01   
 5.927601E-01   
 5.926354E-01   
 5.925123E-01   
 5.923905E-01   
 5.922703E-01   
 5.921515E-01   
 5.920341E-01   
 5.919183E-01   
 5.918039E-01   
 5.916910E-01   
 5.915796E-01   
 5.914697E-01   
 5.913612E-01   
 5.912543E-01   
 5.911489E-01   
 5.910449E-01   
 5.909425E-01   
 5.908416E-01   
 5.907422E-01   
 5.906443E-01   
 5.905479E-01   
 5.904531E-01   
 5.903598E-01   
 5.902680E-01   
 5.901777E-01   
 5.900890E-01   
 5.900018E-01   
 5.899161E-01   
 5.898320E-01   
 5.897494E-01   
 5.896684E-01   
 5.895889E-01   
 5.895109E-01   
 5.894346E-01   
 5.893597E-01   
 5.892864E-01   
 5.892147E-01   
 5.891446E-01   
 5.890760E-01   
 5.890089E-01   
 5.889434E-01   
 5.888795E-01   
 5.888172E-01   
 5.887564E-01   
 5.886972E-01   
 5.886396E-01   
 5.885836E-01   
 5.885291E-01   
 5.884762E-01   
 5.884249E-01   
 5.883751E-01   
 5.883270E-01   
 5.882804E-01   
 5.882354E-01   
 5.881920E-01   
 5.881502E-01   
 5.881099E-01   
 5.880713E-01   
 5.880342E-01   
 5.879987E-01   
 5.879648E-01   
 5.879325E-01   
 5.879018E-01   
 5.878726E-01   
 5.878451E-01   
 5.878191E-01   
 5.877948E-01   
 5.877720E-01   
 5.877508E-01   
 5.877312E-01   
 5.877132E-01   
 5.876967E-01   
 5.876819E-01   
 5.876686E-01   
 5.876570E-01   
 5.876469E-01   
 5.876384E-01   
 5.876315E-01   
 5.876262E-01   
 5.876224E-01   
 5.876203E-01   
 5.876197E-01   
 5.876207E-01   
 5.876233E-01   
 5.876275E-01   
 5.876333E-01   
 5.876406E-01   
 5.876495E-01   
 5.876600E-01   
 5.876720E-01   
 5.876857E-01   
 5.877009E-01   
 5.877177E-01   
 5.877360E-01   
 5.877559E-01   
 5.877774E-01   
 5.878004E-01   
 5.878250E-01   
 5.878512E-01   
 5.878789E-01   
 5.879082E-01   
 5.879390E-01   
 5.879714E-01   
 5.880053E-01   
 5.880408E-01   
 5.880778E-01   
 5.881164E-01   
 5.881565E-01   
 5.881981E-01   
 5.882413E-01   
 5.882860E-01   
 5.883322E-01   
 5.883800E-01   
 5.884293E-01   
 5.884801E-01   
 5.885324E-01   
 5.885863E-01   
 5.886416E-01   
 5.886985E-01   
 5.887569E-01   
 5.888168E-01   
 5.888782E-01   
 5.889410E-01   
 5.890054E-01   
 5.890713E-01   
 5.891386E-01   
 5.892075E-01   
 5.892778E-01   
 5.893496E-01   
 5.894229E-01   
 5.894976E-01   
 5.895738E-01   
 5.896514E-01   
 5.897306E-01   
 5.898111E-01   
 5.898932E-01   
 5.899766E-01   
 5.900615E-01   
 5.901479E-01   
 5.902357E-01   
 5.903249E-01   
 5.904155E-01   
 5.905076E-01   
 5.906010E-01   
 5.906959E-01   
 5.907922E-01   
 5.908899E-01   
 5.909890E-01   
 5.910894E-01   
 5.911913E-01   
 5.912946E-01   
 5.913992E-01   
 5.915052E-01   
 5.916126E-01   
 5.917213E-01   
 5.918314E-01   
 5.919428E-01   
 5.920556E-01   
 5.921698E-01   
 5.922852E-01   
 5.924020E-01   
 5.925202E-01   
 5.926396E-01   
 5.927604E-01   
 5.928825E-01   
 5.930059E-01   
 5.931305E-01   
 5.932565E-01   
 5.933838E-01   
 5.935123E-01   
 5.936422E-01   
 5.937733E-01   
 5.939056E-01   
 5.940393E-01   
 5.941741E-01   
 5.943102E-01   
 5.944476E-01   
 5.945862E-01   
 5.947260E-01   
 5.948671E-01   
 5.950094E-01   
 5.951528E-01   
 5.952975E-01   
 5.954434E-01   
 5.955905E-01   
 5.957387E-01   
 5.958881E-01   
 5.960388E-01   
 5.961905E-01   
 5.963435E-01   
 5.964975E-01   
 5.966528E-01   
 5.968091E-01   
 5.969666E-01   
 5.971252E-01   
 5.972850E-01   
 5.974458E-01   
 5.976078E-01   
 5.977708E-01   
 5.979350E-01   
 5.981002E-01   
 5.982665E-01   
 5.984339E-01   
 5.986023E-01   
 5.987718E-01   
 5.989424E-01   
 5.991139E-01   
 5.992866E-01   
 5.994602E-01   
 5.996349E-01   
 5.998105E-01   
 5.999872E-01   
 6.001649E-01   
 6.003435E-01   
 6.005232E-01   
 6.007038E-01   
 6.008854E-01   
 6.010679E-01   
 6.012514E-01   
 6.014359E-01   
 6.016212E-01   
 6.018075E-01   
 6.019947E-01   
 6.021829E-01   
 6.023719E-01   
 6.025619E-01   
 6.027527E-01   
 6.029444E-01   
 6.031370E-01   
 6.033304E-01   
 6.035247E-01   
 6.037199E-01   
 6.039159E-01   
 6.041127E-01   
 6.043104E-01   
 6.045089E-01   
 6.047081E-01   
 6.049082E-01   
 6.051091E-01   
 6.053108E-01   
 6.055132E-01   
 6.057164E-01   
 6.059204E-01   
 6.061251E-01   
 6.063306E-01   
 6.065368E-01   
 6.067437E-01   
 6.069513E-01   
 6.071597E-01   
 6.073688E-01   
 6.075785E-01   
 6.077889E-01   
 6.080001E-01   
 6.082118E-01   
 6.084243E-01   
 6.086374E-01   
 6.088511E-01   
 6.090655E-01   
 6.092805E-01   
 6.094961E-01   
 6.097123E-01   
 6.099291E-01   
 6.101466E-01   
 6.103645E-01   
 6.105831E-01   
 6.108023E-01   
 6.110219E-01   
 6.112422E-01   
 6.114630E-01   
 6.116843E-01   
 6.119061E-01   
 6.121285E-01   
 6.123513E-01   
 6.125746E-01   
 6.127985E-01   
 6.130228E-01   
 6.132476E-01   
 6.134728E-01   
 6.136985E-01   
 6.139246E-01   
 6.141512E-01   
 6.143782E-01   
 6.146056E-01   
 6.148334E-01   
 6.150617E-01   
 6.152903E-01   
 6.155193E-01   
 6.157486E-01   
 6.159783E-01   
 6.162084E-01   
 6.164388E-01   
 6.166696E-01   
 6.169007E-01   
 6.171321E-01   
 6.173638E-01   
 6.175959E-01   
 6.178282E-01   
 6.180608E-01   
 6.182936E-01   
 6.185268E-01   
 6.187602E-01   
 6.189938E-01   
 6.192277E-01   
 6.194618E-01   
 6.196961E-01   
 6.199307E-01   
 6.201654E-01   
 6.204004E-01   
 6.206355E-01   
 6.208708E-01   
 6.211063E-01   
 6.213419E-01   
 6.215777E-01   
 6.218136E-01   
 6.220497E-01   
 6.222859E-01   
 6.225222E-01   
 6.227586E-01   
 6.229951E-01   
 6.232316E-01   
 6.234683E-01   
 6.237050E-01   
 6.239418E-01   
 6.241787E-01   
 6.244156E-01   
 6.246525E-01   
 6.248895E-01   
 6.251264E-01   
 6.253634E-01   
 6.256004E-01   
 6.258374E-01   
 6.260743E-01   
 6.263112E-01   
 6.265481E-01   
 6.267850E-01   
 6.270218E-01   
 6.272585E-01   
 6.274952E-01   
 6.277317E-01   
 6.279682E-01   
 6.282046E-01   
 6.284409E-01   
 6.286771E-01   
 6.289132E-01   
 6.291491E-01   
 6.293849E-01   
 6.296205E-01   
 6.298560E-01   
 6.300913E-01   
 6.303265E-01   
 6.305615E-01   
 6.307962E-01   
 6.310308E-01   
 6.312652E-01   
 6.314993E-01   
 6.317333E-01   
 6.319670E-01   
 6.322004E-01   
 6.324336E-01   
 6.326666E-01   
 6.328992E-01   
 6.331317E-01   
 6.333638E-01   
 6.335956E-01   
 6.338271E-01   
 6.340584E-01   
 6.342893E-01   
 6.345199E-01   
 6.347501E-01   
 6.349800E-01   
 6.352096E-01   
 6.354388E-01   
 6.356676E-01   
 6.358961E-01   
 6.361242E-01   
 6.363519E-01   
 6.365792E-01   
 6.368061E-01   
 6.370325E-01   
 6.372586E-01   
 6.374842E-01   
 6.377094E-01   
 6.379342E-01   
 6.381585E-01   
 6.383823E-01   
 6.386057E-01   
 6.388286E-01   
 6.390510E-01   
 6.392729E-01   
 6.394943E-01   
 6.397152E-01   
 6.399356E-01   
 6.401555E-01   
 6.403748E-01   
 6.405936E-01   
 6.408119E-01   
 6.410296E-01   
 6.412467E-01   
 6.414633E-01   
 6.416793E-01   
 6.418947E-01   
 6.421095E-01   
 6.423238E-01   
 6.425374E-01   
 6.427504E-01   
 6.429628E-01   
 6.431746E-01   
 6.433857E-01   
 6.435962E-01   
 6.438060E-01   
 6.440152E-01   
 6.442238E-01   
 6.444316E-01   
 6.446388E-01   
 6.448453E-01   
 6.450511E-01   
 6.452562E-01   
 6.454607E-01   
 6.456644E-01   
 6.458673E-01   
 6.460696E-01   
 6.462711E-01   
 6.464719E-01   
 6.466720E-01   
 6.468712E-01   
 6.470698E-01   
 6.472676E-01   
 6.474646E-01   
 6.476608E-01   
 6.478562E-01   
 6.480509E-01   
 6.482447E-01   
 6.484378E-01   
 6.486300E-01   
 6.488214E-01   
 6.490120E-01   
 6.492018E-01   
 6.493907E-01   
 6.495788E-01   
 6.497661E-01   
 6.499524E-01   
 6.501380E-01   
 6.503226E-01   
 6.505064E-01   
 6.506894E-01   
 6.508714E-01   
 6.510526E-01   
 6.512328E-01   
 6.514122E-01   
 6.515906E-01   
 6.517681E-01   
 6.519447E-01   
 6.521204E-01   
 6.522952E-01   
 6.524690E-01   
 6.526419E-01   
 6.528139E-01   
 6.529848E-01   
 6.531549E-01   
 6.533240E-01   
 6.534921E-01   
 6.536592E-01   
 6.538253E-01   
 6.539905E-01   
 6.541547E-01   
 6.543179E-01   
 6.544801E-01   
 6.546412E-01   
 6.548014E-01   
 6.549606E-01   
 6.551187E-01   
 6.552758E-01   
 6.554319E-01   
 6.555870E-01   
 6.557410E-01   
 6.558940E-01   
 6.560459E-01   
 6.561968E-01   
 6.563466E-01   
 6.564953E-01   
 6.566430E-01   
 6.567896E-01   
 6.569352E-01   
 6.570796E-01   
 6.572230E-01   
 6.573653E-01   
 6.575065E-01   
 6.576466E-01   
 6.577856E-01   
 6.579235E-01   
 6.580603E-01   
 6.581960E-01   
 6.583305E-01   
 6.584640E-01   
 6.585963E-01   
 6.587274E-01   
 6.588575E-01   
 6.589864E-01   
 6.591142E-01   
 6.592408E-01   
 6.593662E-01   
 6.594906E-01   
 6.596137E-01   
 6.597357E-01   
 6.598566E-01   
 6.599763E-01   
 6.600948E-01   
 6.602121E-01   
 6.603283E-01   
 6.604432E-01   
 6.605570E-01   
 6.606696E-01   
 6.607811E-01   
 6.608913E-01   
 6.610003E-01   
 6.611082E-01   
 6.612148E-01   
 6.613202E-01   
 6.614244E-01   
 6.615274E-01   
 6.616292E-01   
 6.617298E-01   
 6.618292E-01   
 6.619273E-01   
 6.620242E-01   
 6.621199E-01   
 6.622144E-01   
 6.623076E-01   
 6.623996E-01   
 6.624904E-01   
 6.625799E-01   
 6.626681E-01   
 6.627552E-01   
 6.628410E-01   
 6.629255E-01   
 6.630088E-01   
 6.630908E-01   
 6.631716E-01   
 6.632511E-01   
 6.633294E-01   
 6.634064E-01   
 6.634822E-01   
 6.635566E-01   
 6.636298E-01   
 6.637018E-01   
 6.637725E-01   
 6.638419E-01   
 6.639100E-01   
 6.639769E-01   
 6.640424E-01   
 6.641068E-01   
 6.641698E-01   
 6.642315E-01   
 6.642920E-01   
 6.643512E-01   
 6.644091E-01   
 6.644657E-01   
 6.645210E-01   
 6.645751E-01   
 6.646278E-01   
 6.646793E-01   
 6.647294E-01   
 6.647783E-01   
 6.648259E-01   
 6.648722E-01   
 6.649172E-01   
 6.649609E-01   
 6.650033E-01   
 6.650444E-01   
 6.650842E-01   
 6.651228E-01   
 6.651600E-01   
 6.651959E-01   
 6.652305E-01   
 6.652638E-01   
 6.652959E-01   
 6.653266E-01   
 6.653560E-01   
 6.653841E-01   
 6.654110E-01   
 6.654365E-01   
 6.654607E-01   
 6.654836E-01   
 6.655052E-01   
 6.655256E-01   
 6.655446E-01   
 6.655623E-01   
 6.655787E-01   
 6.655938E-01   
 6.656076E-01   
 6.656201E-01   
 6.656314E-01   
 6.656413E-01   
 6.656499E-01   
 6.656572E-01   
 6.656632E-01   
 6.656680E-01   
 6.656714E-01   
 6.656735E-01   
 6.656744E-01   
 6.656739E-01   
 6.656721E-01   
 6.656691E-01   
 6.656648E-01   
 6.656591E-01   
 6.656522E-01   
 6.656440E-01   
 6.656345E-01   
 6.656237E-01   
 6.656117E-01   
 6.655983E-01   
 6.655837E-01   
 6.655678E-01   
 6.655506E-01   
 6.655321E-01   
 6.655124E-01   
 6.654913E-01   
 6.654690E-01   
 6.654454E-01   
 6.654206E-01   
 6.653945E-01   
 6.653671E-01   
 6.653384E-01   
 6.653085E-01   
 6.652773E-01   
 6.652449E-01   
 6.652112E-01   
 6.651762E-01   
 6.651400E-01   
 6.651025E-01   
 6.650638E-01   
 6.650238E-01   
 6.649826E-01   
 6.649401E-01   
 6.648964E-01   
 6.648514E-01   
 6.648053E-01   
 6.647578E-01   
 6.647092E-01   
 6.646593E-01   
 6.646081E-01   
 6.645558E-01   
 6.645022E-01   
 6.644474E-01   
 6.643914E-01   
 6.643342E-01   
 6.642757E-01   
 6.642160E-01   
 6.641552E-01   
 6.640931E-01   
 6.640298E-01   
 6.639653E-01   
 6.638997E-01   
 6.638328E-01   
 6.637647E-01   
 6.636955E-01   
 6.636251E-01   
 6.635535E-01   
 6.634807E-01   
 6.634067E-01   
 6.633316E-01   
 6.632552E-01   
 6.631778E-01   
 6.630991E-01   
 6.630193E-01   
 6.629384E-01   
 6.628563E-01   
 6.627730E-01   
 6.626886E-01   
 6.626031E-01   
 6.625164E-01   
 6.624286E-01   
 6.623397E-01   
 6.622496E-01   
 6.621584E-01   
 6.620661E-01   
 6.619727E-01   
 6.618781E-01   
 6.617825E-01   
 6.616857E-01   
 6.615879E-01   
 6.614889E-01   
 6.613889E-01   
 6.612878E-01   
 6.611855E-01   
 6.610823E-01   
 6.609779E-01   
 6.608725E-01   
 6.607660E-01   
 6.606584E-01   
 6.605498E-01   
 6.604401E-01   
 6.603294E-01   
 6.602176E-01   
 6.601048E-01   
 6.599909E-01   
 6.598761E-01   
 6.597602E-01   
 6.596432E-01   
 6.595253E-01   
 6.594063E-01   
 6.592864E-01   
 6.591654E-01   
 6.590434E-01   
 6.589205E-01   
 6.587965E-01   
 6.586716E-01   
 6.585457E-01   
 6.584188E-01   
 6.582909E-01   
 6.581621E-01   
 6.580323E-01   
 6.579016E-01   
 6.577699E-01   
 6.576373E-01   
 6.575037E-01   
 6.573692E-01   
 6.572337E-01   
 6.570974E-01   
 6.569601E-01   
 6.568219E-01   
 6.566828E-01   
 6.565428E-01   
 6.564019E-01   
 6.562601E-01   
 6.561175E-01   
 6.559739E-01   
 6.558295E-01   
 6.556842E-01   
 6.555380E-01   
 6.553910E-01   
 6.552431E-01   
 6.550944E-01   
 6.549448E-01   
 6.547944E-01   
 6.546432E-01   
 6.544912E-01   
 6.543383E-01   
 6.541846E-01   
 6.540301E-01   
 6.538748E-01   
 6.537187E-01   
 6.535618E-01   
 6.534042E-01   
 6.532457E-01   
 6.530865E-01   
 6.529265E-01   
 6.527658E-01   
 6.526043E-01   
 6.524421E-01   
 6.522791E-01   
 6.521154E-01   
 6.519509E-01   
 6.517858E-01   
 6.516199E-01   
 6.514533E-01   
 6.512860E-01   
 6.511180E-01   
 6.509493E-01   
 6.507799E-01   
 6.506099E-01   
 6.504391E-01   
 6.502677E-01   
 6.500957E-01   
 6.499230E-01   
 6.497496E-01   
 6.495756E-01   
 6.494010E-01   
 6.492257E-01   
 6.490499E-01   
 6.488734E-01   
 6.486963E-01   
 6.485186E-01   
 6.483403E-01   
 6.481614E-01   
 6.479819E-01   
 6.478019E-01   
 6.476213E-01   
 6.474401E-01   
 6.472583E-01   
 6.470761E-01   
 6.468932E-01   
 6.467099E-01   
 6.465260E-01   
 6.463416E-01   
 6.461567E-01   
 6.459713E-01   
 6.457853E-01   
 6.455989E-01   
 6.454120E-01   
 6.452246E-01   
 6.450367E-01   
 6.448484E-01   
 6.446596E-01   
 6.444704E-01   
 6.442807E-01   
 6.440906E-01   
 6.439000E-01   
 6.437090E-01   
 6.435176E-01   
 6.433258E-01   
 6.431336E-01   
 6.429410E-01   
 6.427480E-01   
 6.425546E-01   
 6.423608E-01   
 6.421667E-01   
 6.419722E-01   
 6.417774E-01   
 6.415822E-01   
 6.413867E-01   
 6.411908E-01   
 6.409946E-01   
 6.407981E-01   
 6.406013E-01   
 6.404042E-01   
 6.402068E-01   
 6.400091E-01   
 6.398111E-01   
 6.396128E-01   
 6.394143E-01   
 6.392155E-01   
 6.390164E-01   
 6.388171E-01   
 6.386176E-01   
 6.384178E-01   
 6.382179E-01   
 6.380177E-01   
 6.378172E-01   
 6.376166E-01   
 6.374158E-01   
 6.372148E-01   
 6.370136E-01   
 6.368123E-01   
 6.366108E-01   
 6.364091E-01   
 6.362073E-01   
 6.360053E-01   
 6.358032E-01   
 6.356009E-01   
 6.353986E-01   
 6.351961E-01   
 6.349935E-01   
 6.347909E-01   
 6.345881E-01   
 6.343852E-01   
 6.341823E-01   
 6.339793E-01   
 6.337762E-01   
 6.335731E-01   
 6.333699E-01   
 6.331667E-01   
 6.329634E-01   
 6.327602E-01   
 6.325569E-01   
 6.323536E-01   
 6.321503E-01   
 6.319470E-01   
 6.317437E-01   
 6.315404E-01   
 6.313371E-01   
 6.311339E-01   
 6.309307E-01   
 6.307276E-01   
 6.305245E-01   
 6.303215E-01   
 6.301186E-01   
 6.299157E-01   
 6.297129E-01   
 6.295102E-01   
 6.293076E-01   
 6.291051E-01   
 6.289028E-01   
 6.287005E-01   
 6.284984E-01   
 6.282964E-01   
 6.280945E-01   
 6.278928E-01   
 6.276913E-01   
 6.274899E-01   
 6.272887E-01   
 6.270877E-01   
 6.268868E-01   
 6.266862E-01   
 6.264857E-01   
 6.262855E-01   
 6.260855E-01   
 6.258857E-01   
 6.256861E-01   
 6.254867E-01   
 6.252876E-01   
 6.250888E-01   
 6.248902E-01   
 6.246919E-01   
 6.244938E-01   
 6.242961E-01   
 6.240986E-01   
 6.239014E-01   
 6.237045E-01   
 6.235079E-01   
 6.233116E-01   
 6.231157E-01   
 6.229201E-01   
 6.227248E-01   
 6.225299E-01   
 6.223353E-01   
 6.221410E-01   
 6.219472E-01   
 6.217537E-01   
 6.215605E-01   
 6.213678E-01   
 6.211755E-01   
 6.209835E-01   
 6.207920E-01   
 6.206008E-01   
 6.204101E-01   
 6.202198E-01   
 6.200300E-01   
 6.198405E-01   
 6.196516E-01   
 6.194631E-01   
 6.192750E-01   