-1.002062E+04   
-1.002062E+04   
-1.002060E+04   
-1.002058E+04   
-1.002051E+04   
-1.002034E+04   
-1.002003E+04   
-1.001951E+04   
-1.001872E+04   
-1.001757E+04   
-1.001596E+04   
-1.001379E+04   
-1.001093E+04   
-1.000725E+04   
-1.000262E+04   
-9.996887E+03   
-9.989879E+03   
-9.981425E+03   
-9.971340E+03   
-9.959427E+03   
-9.945480E+03   
-9.929279E+03   
-9.910597E+03   
-9.889196E+03   
-9.864826E+03   
-9.837228E+03   
-9.806134E+03   
-9.771266E+03   
-9.732337E+03   
-9.689052E+03   
-9.641106E+03   
-9.588188E+03   
-9.529979E+03   
-9.466152E+03   
-9.396376E+03   
-9.320313E+03   
-9.237621E+03   
-9.147952E+03   
-9.050956E+03   
-8.946282E+03   
-8.833575E+03   
-8.712481E+03   
-8.582646E+03   
-8.443718E+03   
-8.295348E+03   
-8.137191E+03   
-7.968909E+03   
-7.790168E+03   
-7.600646E+03   
-7.400028E+03   
-7.188013E+03   
-6.964313E+03   
-6.728652E+03   
-6.480776E+03   
-6.220446E+03   
-5.947443E+03   
-5.661574E+03   
-5.362667E+03   
-5.050578E+03   
-4.725191E+03   
-4.386420E+03   
-4.034210E+03   
-3.668543E+03   
-3.289434E+03   
-2.896939E+03   
-2.491151E+03   
-2.072206E+03   
-1.640283E+03   
-1.195605E+03   
-7.384408E+02   
-2.691088E+02   
 2.120258E+02   
 7.045475E+02   
 1.207990E+03   
 1.721837E+03   
 2.245519E+03   
 2.778416E+03   
 3.319854E+03   
 3.869111E+03   
 4.425410E+03   
 4.987925E+03   
 5.555782E+03   
 6.128058E+03   
 6.703784E+03   
 7.281945E+03   
 7.861486E+03   
 8.441311E+03   
 9.020288E+03   
 9.597251E+03   
 1.017100E+04   
 1.074032E+04   
 1.130396E+04   
 1.186066E+04   
 1.240913E+04   
 1.294810E+04   
 1.347626E+04   
 1.399234E+04   
 1.449503E+04   
 1.498308E+04   
 1.545521E+04   
 1.591020E+04   
 1.634683E+04   
 1.676392E+04   
 1.716035E+04   
 1.753501E+04   
 1.788686E+04   
 1.821491E+04   
 1.851821E+04   
 1.879591E+04   
 1.904719E+04   
 1.927132E+04   
 1.946765E+04   
 1.963560E+04   
 1.977467E+04   
 1.988444E+04   
 1.996458E+04   
 2.001487E+04   
 2.003514E+04   
 2.002534E+04   
 1.998550E+04   
 1.991573E+04   
 1.981624E+04   
 1.968734E+04   
 1.952940E+04   
 1.934290E+04   
 1.912838E+04   
 1.888648E+04   
 1.861790E+04   
 1.832343E+04   
 1.800390E+04   
 1.766024E+04   
 1.729342E+04   
 1.690446E+04   
 1.649444E+04   
 1.606450E+04   
 1.561578E+04   
 1.514950E+04   
 1.466687E+04   
 1.416915E+04   
 1.365761E+04   
 1.313352E+04   
 1.259819E+04   
 1.205290E+04   
 1.149894E+04   
 1.093759E+04   
 1.037013E+04   
 9.797804E+03   
 9.221843E+03   
 8.643454E+03   
 8.063815E+03   
 7.484069E+03   
 6.905326E+03   
 6.328655E+03   
 5.755084E+03   
 5.185600E+03   
 4.621141E+03   
 4.062598E+03   
 3.510815E+03   
 2.966585E+03   
 2.430649E+03   
 1.903699E+03   
 1.386372E+03   
 8.792563E+02   
 3.828860E+02   
-1.022548E+02   
-5.757332E+02   
-1.037166E+03   
-1.486220E+03   
-1.922609E+03   
-2.346094E+03   
-2.756480E+03   
-3.153616E+03   
-3.537396E+03   
-3.907749E+03   
-4.264648E+03   
-4.608099E+03   
-4.938145E+03   
-5.254860E+03   
-5.558350E+03   
-5.848749E+03   
-6.126221E+03   
-6.390950E+03   
-6.643149E+03   
-6.883046E+03   
-7.110894E+03   
-7.326959E+03   
-7.531525E+03   
-7.724890E+03   
-7.907364E+03   
-8.079266E+03   
-8.240926E+03   
-8.392680E+03   
-8.534873E+03   
-8.667851E+03   
-8.791965E+03   
-8.907568E+03   
-9.015016E+03   
-9.114662E+03   
-9.206858E+03   
-9.291957E+03   
-9.370305E+03   
-9.442248E+03   
-9.508124E+03   
-9.568267E+03   
-9.623006E+03   
-9.672663E+03   
-9.717551E+03   
-9.757977E+03   
-9.794240E+03   
-9.826630E+03   
-9.855428E+03   
-9.880905E+03   
-9.903324E+03   
-9.922937E+03   
-9.939987E+03   
-9.954704E+03   
-9.967312E+03   
-9.978021E+03   
-9.987031E+03   
-9.994531E+03   
-1.000070E+04   
-1.000571E+04   
-1.000970E+04   
-1.001284E+04   
-1.001524E+04   
-1.001704E+04   
-1.001835E+04   
-1.001926E+04   
-1.001986E+04   
-1.002024E+04   
-1.002045E+04   
-1.002056E+04   
-1.002060E+04   
-1.002062E+04   
-1.002062E+04   
-1.002062E+04   
-1.002061E+04   
-1.002060E+04   
-1.002054E+04   
-1.002040E+04   
-1.002015E+04   
-1.001971E+04   
-1.001902E+04   
-1.001800E+04   
-1.001655E+04   
-1.001458E+04   
-1.001197E+04   
-1.000858E+04   
-1.000430E+04   
-9.998954E+03   
-9.992398E+03   
-9.984458E+03   
-9.974952E+03   
-9.963687E+03   
-9.950460E+03   
-9.935056E+03   
-9.917251E+03   
-9.896811E+03   
-9.873488E+03   
-9.847029E+03   
-9.817167E+03   
-9.783629E+03   
-9.746130E+03   
-9.704377E+03   
-9.658071E+03   
-9.606901E+03   
-9.550551E+03   
-9.488698E+03   
-9.421011E+03   
-9.347155E+03   
-9.266788E+03   
-9.179566E+03   
-9.085139E+03   
-8.983156E+03   
-8.873263E+03   
-8.755106E+03   
-8.628330E+03   
-8.492584E+03   
-8.347517E+03   
-8.192782E+03   
-8.028039E+03   
-7.852953E+03   
-7.667196E+03   
-7.470453E+03   
-7.262416E+03   
-7.042792E+03   
-6.811302E+03   
-6.567684E+03   
-6.311693E+03   
-6.043105E+03   
-5.761715E+03   
-5.467344E+03   
-5.159840E+03   
-4.839075E+03   
-4.504953E+03   
-4.157409E+03   
-3.796412E+03   
-3.421965E+03   
-3.034109E+03   
-2.632924E+03   
-2.218532E+03   
-1.791096E+03   
-1.350823E+03   
-8.979684E+02   
-4.328311E+02   
 4.423957E+01   
 5.328456E+02   
 1.032539E+03   
 1.542819E+03   
 2.063137E+03   
 2.592888E+03   
 3.131419E+03   
 3.678023E+03   
 4.231943E+03   
 4.792370E+03   
 5.358446E+03   
 5.929264E+03   
 6.503873E+03   
 7.081272E+03   
 7.660420E+03   
 8.240236E+03   
 8.819599E+03   
 9.397355E+03   
 9.972317E+03   
 1.054327E+04   
 1.110898E+04   
 1.166819E+04   
 1.221961E+04   
 1.276198E+04   
 1.329399E+04   
 1.381436E+04   
 1.432180E+04   
 1.481502E+04   
 1.529277E+04   
 1.575379E+04   
 1.619688E+04   
 1.662084E+04   
 1.702452E+04   
 1.740681E+04   
 1.776665E+04   
 1.810302E+04   
 1.841497E+04   
 1.870160E+04   
 1.896210E+04   
 1.919569E+04   
 1.940170E+04   
 1.957952E+04   
 1.972863E+04   
 1.984857E+04   
 1.993900E+04   
 1.999965E+04   
 2.003032E+04   
 2.003093E+04   
 2.000149E+04   
 1.994206E+04   
 1.985285E+04   
 1.973410E+04   
 1.958618E+04   
 1.940952E+04   
 1.920465E+04   
 1.897218E+04   
 1.871277E+04   
 1.842719E+04   
 1.811627E+04   
 1.778088E+04   
 1.742199E+04   
 1.704061E+04   
 1.663779E+04   
 1.621465E+04   
 1.577233E+04   
 1.531203E+04   
 1.483495E+04   
 1.434235E+04   
 1.383549E+04   
 1.331564E+04   
 1.278409E+04   
 1.224214E+04   
 1.169108E+04   
 1.113219E+04   
 1.056674E+04   
 9.995995E+03   
 9.421193E+03   
 8.843548E+03   
 8.264248E+03   
 7.684450E+03   
 7.105273E+03   
 6.527802E+03   
 5.953080E+03   
 5.382107E+03   
 4.815837E+03   
 4.255181E+03   
 3.700996E+03   
 3.154095E+03   
 2.615236E+03   
 2.085127E+03   
 1.564426E+03   
 1.053737E+03   
 5.536124E+02   
 6.455465E+01   
-4.129863E+02   
-8.786102E+02   
-1.331966E+03   
-1.772753E+03   
-2.200713E+03   
-2.615639E+03   
-3.017364E+03   
-3.405765E+03   
-3.780762E+03   
-4.142311E+03   
-4.490406E+03   
-4.825079E+03   
-5.146393E+03   
-5.454443E+03   
-5.749354E+03   
-6.031279E+03   
-6.300396E+03   
-6.556906E+03   
-6.801035E+03   
-7.033026E+03   
-7.253141E+03   
-7.461658E+03   
-7.658870E+03   
-7.845083E+03   
-8.020612E+03   
-8.185786E+03   
-8.340937E+03   
-8.486407E+03   
-8.622542E+03   
-8.749692E+03   
-8.868210E+03   
-8.978449E+03   
-9.080764E+03   
-9.175509E+03   
-9.263034E+03   
-9.343689E+03   
-9.417820E+03   
-9.485767E+03   
-9.547868E+03   
-9.604451E+03   
-9.655840E+03   
-9.702354E+03   
-9.744300E+03   
-9.781981E+03   
-9.815689E+03   
-9.845708E+03   
-9.872314E+03   
-9.895772E+03   
-9.916337E+03   
-9.934256E+03   
-9.949764E+03   
-9.963087E+03   
-9.974438E+03   
-9.984022E+03   
-9.992031E+03   
-9.998649E+03   
-1.000405E+04   
-1.000838E+04   
-1.001180E+04   
-1.001445E+04   
-1.001646E+04   
-1.001793E+04   
-1.001897E+04   
-1.001967E+04   
-1.002012E+04   
-1.002039E+04   
-1.002053E+04   
-1.002059E+04   
-1.002061E+04   
-1.002062E+04   
-1.002062E+04   
-1.002062E+04   
-1.002060E+04   
-1.002056E+04   
-1.002045E+04   
-1.002024E+04   
-1.001987E+04   
-1.001927E+04   
-1.001837E+04   
-1.001708E+04   
-1.001530E+04   
-1.001291E+04   
-1.000980E+04   
-1.000583E+04   
-1.000086E+04   
-9.994734E+03   
-9.987282E+03   
-9.978326E+03   
-9.967679E+03   
-9.955141E+03   
-9.940500E+03   
-9.923537E+03   
-9.904019E+03   
-9.881704E+03   
-9.856341E+03   
-9.827668E+03   
-9.795413E+03   
-9.759296E+03   
-9.719027E+03   
-9.674307E+03   
-9.624832E+03   
-9.570286E+03   
-9.510348E+03   
-9.444691E+03   
-9.372980E+03   
-9.294877E+03   
-9.210037E+03   
-9.118113E+03   
-9.018753E+03   
-8.911606E+03   
-8.796316E+03   
-8.672530E+03   
-8.539894E+03   
-8.398057E+03   
-8.246672E+03   
-8.085396E+03   
-7.913890E+03   
-7.731826E+03   
-7.538884E+03   
-7.334752E+03   
-7.119134E+03   
-6.891744E+03   
-6.652315E+03   
-6.400596E+03   
-6.136355E+03   
-5.859380E+03   
-5.569485E+03   
-5.266507E+03   
-4.950309E+03   
-4.620785E+03   
-4.277859E+03   
-3.921488E+03   
-3.551663E+03   
-3.168411E+03   
-2.771800E+03   
-2.361937E+03   
-1.938970E+03   
-1.503092E+03   
-1.054540E+03   
-5.935991E+02   
-1.206008E+02   
 3.640738E+02   
 8.599935E+02   
 1.366677E+03   
 1.883590E+03   
 2.410149E+03   
 2.945716E+03   
 3.489604E+03   
 4.041072E+03   
 4.599328E+03   
 5.163533E+03   
 5.732796E+03   
 6.306179E+03   
 6.882700E+03   
 7.461332E+03   
 8.041006E+03   
 8.620615E+03   
 9.199016E+03   
 9.775033E+03   
 1.034746E+04   
 1.091507E+04   
 1.147661E+04   
 1.203081E+04   
 1.257639E+04   
 1.311207E+04   
 1.363654E+04   
 1.414851E+04   
 1.464672E+04   
 1.512988E+04   
 1.559675E+04   
 1.604609E+04   
 1.647671E+04   
 1.688744E+04   
 1.727716E+04   
 1.764479E+04   
 1.798929E+04   
 1.830970E+04   
 1.860509E+04   
 1.887462E+04   
 1.911750E+04   
 1.933303E+04   
 1.952057E+04   
 1.967957E+04   
 1.980955E+04   
 1.991013E+04   
 1.998101E+04   
 2.002198E+04   
 2.003291E+04   
 2.001377E+04   
 1.996461E+04   
 1.988560E+04   
 1.977695E+04   
 1.963901E+04   
 1.947217E+04   
 1.927693E+04   
 1.905386E+04   
 1.880363E+04   
 1.852697E+04   
 1.822466E+04   
 1.789759E+04   
 1.754668E+04   
 1.717292E+04   
 1.677737E+04   
 1.636110E+04   
 1.592526E+04   
 1.547103E+04   
 1.499960E+04   
 1.451222E+04   
 1.401014E+04   
 1.349464E+04   
 1.296700E+04   
 1.242851E+04   
 1.188047E+04   
 1.132416E+04   
 1.076085E+04   
 1.019183E+04   
 9.618316E+03   
 9.041550E+03   
 8.462724E+03   
 7.883006E+03   
 7.303529E+03   
 6.725390E+03   
 6.149646E+03   
 5.577311E+03   
 5.009358E+03   
 4.446709E+03   
 3.890243E+03   
 3.340786E+03   
 2.799115E+03   
 2.265957E+03   
 1.741985E+03   
 1.227822E+03   
 7.240395E+02   
 2.311557E+02   
-2.503614E+02   
-7.200944E+02   
-1.177676E+03   
-1.622787E+03   
-2.055156E+03   
-2.474559E+03   
-2.880813E+03   
-3.273784E+03   
-3.653374E+03   
-4.019528E+03   
-4.372227E+03   
-4.711491E+03   
-5.037371E+03   
-5.349953E+03   
-5.649350E+03   
-5.935707E+03   
-6.209193E+03   
-6.470003E+03   
-6.718352E+03   
-6.954478E+03   
-7.178637E+03   
-7.391102E+03   
-7.592160E+03   
-7.782114E+03   
-7.961276E+03   
-8.129969E+03   
-8.288525E+03   
-8.437283E+03   
-8.576587E+03   
-8.706787E+03   
-8.828233E+03   
-8.941279E+03   
-9.046280E+03   
-9.143590E+03   
-9.233561E+03   
-9.316542E+03   
-9.392881E+03   
-9.462920E+03   
-9.526998E+03   
-9.585446E+03   
-9.638590E+03   
-9.686750E+03   
-9.730238E+03   
-9.769358E+03   
-9.804406E+03   
-9.835668E+03   
-9.863424E+03   
-9.887941E+03   
-9.909479E+03   
-9.928288E+03   
-9.944606E+03   
-9.958661E+03   
-9.970673E+03   
-9.980848E+03   
-9.989384E+03   
-9.996467E+03   
-1.000227E+04   
-1.000696E+04   
-1.001069E+04   
-1.001359E+04   
-1.001581E+04   
-1.001745E+04   
-1.001863E+04   
-1.001945E+04   
-1.001998E+04   
-1.002031E+04   
-1.002049E+04   
-1.002057E+04   
-1.002061E+04   
-1.002062E+04   
-1.002062E+04   
-1.002062E+04   
-1.002061E+04   
-1.002058E+04   
-1.002050E+04   
-1.002032E+04   
-1.002001E+04   
-1.001949E+04   
-1.001870E+04   
-1.001755E+04   
-1.001594E+04   
-1.001376E+04   
-1.001091E+04   
-1.000724E+04   
-1.000262E+04   
-9.996899E+03   
-9.989909E+03   
-9.981477E+03   
-9.971419E+03   
-9.959538E+03   
-9.945628E+03   
-9.929471E+03   
-9.910839E+03   
-9.889494E+03   
-9.865186E+03   
-9.837659E+03   
-9.806643E+03   
-9.771861E+03   
-9.733026E+03   
-9.689844E+03   
-9.642010E+03   
-9.589214E+03   
-9.531135E+03   
-9.467450E+03   
-9.397825E+03   
-9.321923E+03   
-9.239402E+03   
-9.149916E+03   
-9.053115E+03   
-8.948645E+03   
-8.836155E+03   
-8.715288E+03   
-8.585693E+03   
-8.447015E+03   
-8.298908E+03   
-8.141025E+03   
-7.973029E+03   
-7.794585E+03   
-7.605371E+03   
-7.405073E+03   
-7.193389E+03   
-6.970029E+03   
-6.734720E+03   
-6.487205E+03   
-6.227245E+03   
-5.954622E+03   
-5.669140E+03   
-5.370629E+03   
-5.058942E+03   
-4.733964E+03   
-4.395606E+03   
-4.043816E+03   
-3.678571E+03   
-3.299888E+03   
-2.907820E+03   
-2.502459E+03   
-2.083941E+03   
-1.652442E+03   
-1.208186E+03   
-7.514389E+02   
-2.825181E+02   
 1.982127E+02   
 6.903395E+02   
 1.193398E+03   
 1.706872E+03   
 2.230195E+03   
 2.762748E+03   
 3.303859E+03   
 3.852806E+03   
 4.408816E+03   
 4.971064E+03   
 5.538677E+03   
 6.110734E+03   
 6.686266E+03   
 7.264262E+03   
 7.843667E+03   
 8.423386E+03   
 9.002290E+03   
 9.579213E+03   
 1.015296E+04   
 1.072231E+04   
 1.128601E+04   
 1.184281E+04   
 1.239143E+04   
 1.293057E+04   
 1.345895E+04   
 1.397528E+04   
 1.447827E+04   
 1.496665E+04   
 1.543916E+04   
 1.589456E+04   
 1.633164E+04   
 1.674923E+04   
 1.714618E+04   
 1.752140E+04   
 1.787385E+04   
 1.820252E+04   
 1.850649E+04   
 1.878487E+04   
 1.903688E+04   
 1.926176E+04   
 1.945886E+04   
 1.962760E+04   
 1.976747E+04   
 1.987808E+04   
 1.995907E+04   
 2.001021E+04   
 2.003136E+04   
 2.002243E+04   
 1.998347E+04   
 1.991459E+04   
 1.981599E+04   
 1.968797E+04   
 1.953090E+04   
 1.934527E+04   
 1.913161E+04   
 1.889055E+04   
 1.862280E+04   
 1.832914E+04   
 1.801040E+04   
 1.766751E+04   
 1.730143E+04   
 1.691319E+04   
 1.650387E+04   
 1.607459E+04   
 1.562650E+04   
 1.516081E+04   
 1.467875E+04   
 1.418156E+04   
 1.367052E+04   
 1.314690E+04   
 1.261199E+04   
 1.206709E+04   
 1.151348E+04   
 1.095245E+04   
 1.038526E+04   
 9.813176E+03   
 9.237419E+03   
 8.659199E+03   
 8.079694E+03   
 7.500047E+03   
 6.921369E+03   
 6.344731E+03   
 5.771162E+03   
 5.201648E+03   
 4.637130E+03   
 4.078499E+03   
 3.526602E+03   
 2.982231E+03   
 2.446131E+03   
 1.918993E+03   
 1.401457E+03   
 8.941113E+02   
 3.974929E+02   
-8.791341E+01   
-5.616732E+02   
-1.023402E+03   
-1.472765E+03   
-1.909474E+03   
-2.333289E+03   
-2.744014E+03   
-3.141498E+03   
-3.525631E+03   
-3.896344E+03   
-4.253605E+03   
-4.597422E+03   
-4.927835E+03   
-5.244917E+03   
-5.548775E+03   
-5.839542E+03   
-6.117378E+03   
-6.382469E+03   
-6.635026E+03   
-6.875277E+03   
-7.103473E+03   
-7.319882E+03   
-7.524786E+03   
-7.718481E+03   
-7.901278E+03   
-8.073496E+03   
-8.235464E+03   
-8.387518E+03   
-8.530002E+03   
-8.663262E+03   
-8.787650E+03   
-8.903518E+03   
-9.011221E+03   
-9.111113E+03   
-9.203546E+03   
-9.288872E+03   
-9.367438E+03   
-9.439589E+03   
-9.505664E+03   
-9.565997E+03   
-9.620916E+03   
-9.670744E+03   
-9.715795E+03   
-9.756374E+03   
-9.792782E+03   
-9.825309E+03   
-9.854234E+03   
-9.879831E+03   
-9.902362E+03   
-9.922080E+03   
-9.939226E+03   
-9.954034E+03   
-9.966724E+03   
-9.977509E+03   
-9.986588E+03   
-9.994152E+03   
-1.000038E+04   
-1.000543E+04   
-1.000948E+04   
-1.001265E+04   
-1.001510E+04   
-1.001693E+04   
-1.001826E+04   
-1.001919E+04   
-1.001982E+04   
-1.002021E+04   
-1.002043E+04   
-1.002055E+04   
-1.002060E+04   
-1.002061E+04   
-1.002062E+04   
-1.002062E+04   
-1.002061E+04   
-1.002059E+04   
-1.002053E+04   
-1.002039E+04   
-1.002013E+04   
-1.001968E+04   
-1.001899E+04   
-1.001796E+04   
-1.001651E+04   
-1.001453E+04   
-1.001192E+04   
-1.000853E+04   
-1.000424E+04   
-9.998903E+03   
-9.992352E+03   
-9.984418E+03   
-9.974921E+03   
-9.963668E+03   
-9.950457E+03   
-9.935072E+03   
-9.917291E+03   
-9.896877E+03   
-9.873586E+03   
-9.847163E+03   
-9.817342E+03   
-9.783850E+03   
-9.746403E+03   
-9.704708E+03   
-9.658465E+03   
-9.607365E+03   
-9.551091E+03   
-9.489320E+03   
-9.421722E+03   
-9.347963E+03   
-9.267700E+03   
-9.180588E+03   
-9.086280E+03   
-8.984423E+03   
-8.874664E+03   
-8.756649E+03   
-8.630024E+03   
-8.494436E+03   
-8.349535E+03   
-8.194976E+03   
-8.030416E+03   
-7.855521E+03   
-7.669964E+03   
-7.473428E+03   
-7.265607E+03   
-7.046207E+03   
-6.814949E+03   
-6.571570E+03   
-6.315825E+03   
-6.047489E+03   
-5.766359E+03   
-5.472255E+03   
-5.165023E+03   
-4.844536E+03   
-4.510697E+03   
-4.163440E+03   
-3.802734E+03   
-3.428581E+03   
-3.041022E+03   
-2.640136E+03   
-2.226043E+03   
-1.798907E+03   
-1.358934E+03   
-9.063776E+02   
-4.415363E+02   
 3.524177E+01   
 5.235594E+02   
 1.022969E+03   
 1.532973E+03   
 2.053021E+03   
 2.582512E+03   
 3.120791E+03   
 3.667155E+03   
 4.220845E+03   
 4.781057E+03   
 5.346931E+03   
 5.917563E+03   
 6.492001E+03   
 7.069247E+03   
 7.648261E+03   
 8.227962E+03   
 8.807231E+03   
 9.384914E+03   
 9.959825E+03   
 1.053075E+04   
 1.109646E+04   
 1.165568E+04   
 1.220716E+04   
 1.274960E+04   
 1.328171E+04   
 1.380220E+04   
 1.430978E+04   
 1.480319E+04   
 1.528114E+04   
 1.574240E+04   
 1.618574E+04   
 1.660999E+04   
 1.701398E+04   
 1.739660E+04   
 1.775680E+04   
 1.809356E+04   
 1.840592E+04   
 1.869298E+04   
 1.895393E+04   
 1.918800E+04   
 1.939450E+04   
 1.957283E+04   
 1.972246E+04   
 1.984295E+04   
 1.993393E+04   
 1.999514E+04   
 2.002639E+04   
 2.002759E+04   
 1.999873E+04   
 1.993990E+04   
 1.985128E+04   
 1.973313E+04   
 1.958581E+04   
 1.940975E+04   
 1.920547E+04   
 1.897358E+04   
 1.871475E+04   
 1.842974E+04   
 1.811937E+04   
 1.778453E+04   
 1.742617E+04   
 1.704530E+04   
 1.664298E+04   
 1.622032E+04   
 1.577846E+04   
 1.531860E+04   
 1.484195E+04   
 1.434975E+04   
 1.384326E+04   
 1.332376E+04   
 1.279255E+04   
 1.225091E+04   
 1.170012E+04   
 1.114149E+04   
 1.057627E+04   
 1.000574E+04   
 9.431117E+03   
 8.853632E+03   
 8.274468E+03   
 7.694780E+03   
 7.115692E+03   
 6.538287E+03   
 5.963608E+03   
 5.392656E+03   
 4.826387E+03   
 4.265711E+03   
 3.711488E+03   
 3.164529E+03   
 2.625595E+03   
 2.095394E+03   
 1.574585E+03   
 1.063773E+03   
 5.635113E+02   
 7.430333E+01   
-4.034000E+02   
-8.691977E+02   
-1.322738E+03   
-1.763718E+03   
-2.191880E+03   
-2.607015E+03   
-3.008956E+03   
-3.397580E+03   
-3.772803E+03   
-4.134583E+03   
-4.482913E+03   
-4.817823E+03   
-5.139376E+03   
-5.447666E+03   
-5.742817E+03   
-6.024982E+03   
-6.294339E+03   
-6.551088E+03   
-6.795454E+03   
-7.027679E+03   
-7.248025E+03   
-7.456770E+03   
-7.654207E+03   
-7.840640E+03   
-8.016387E+03   
-8.181772E+03   
-8.337130E+03   
-8.482803E+03   
-8.619135E+03   
-8.746476E+03   
-8.865179E+03   
-8.975598E+03   
-9.078087E+03   
-9.173000E+03   
-9.260687E+03   
-9.341499E+03   
-9.415779E+03   
-9.483871E+03   
-9.546108E+03   
-9.602823E+03   
-9.654338E+03   
-9.700971E+03   
-9.743031E+03   
-9.780820E+03   
-9.814630E+03   
-9.844746E+03   
-9.871443E+03   
-9.894986E+03   
-9.915632E+03   
-9.933625E+03   
-9.949203E+03   
-9.962590E+03   
-9.974002E+03   
-9.983641E+03   
-9.991701E+03   
-9.998365E+03   
-1.000380E+04   
-1.000818E+04   
-1.001164E+04   
-1.001432E+04   
-1.001635E+04   
-1.001784E+04   
-1.001890E+04   
-1.001962E+04   
-1.002009E+04   
-1.002037E+04   
-1.002052E+04   
-1.002059E+04   
-1.002061E+04   
-1.002062E+04   
-1.002062E+04   
-1.002061E+04   
-1.002060E+04   
-1.002055E+04   
-1.002044E+04   
-1.002022E+04   
-1.001984E+04   
-1.001924E+04   
-1.001833E+04   
-1.001702E+04   
-1.001523E+04   
-1.001283E+04   
-1.000971E+04   
-1.000574E+04   
-1.000076E+04   
-9.994621E+03   
-9.987160E+03   
-9.978197E+03   
-9.967544E+03   
-9.955001E+03   
-9.940357E+03   
-9.923392E+03   
-9.903873E+03   
-9.881560E+03   
-9.856201E+03   
-9.827534E+03   
-9.795288E+03   
-9.759182E+03   
-9.718926E+03   
-9.674224E+03   
-9.624768E+03   
-9.570245E+03   
-9.510334E+03   
-9.444707E+03   
-9.373030E+03   
-9.294964E+03   
-9.210165E+03   
-9.118287E+03   
-9.018977E+03   
-8.911884E+03   
-8.796653E+03   
-8.672931E+03   
-8.540363E+03   
-8.398599E+03   
-8.247292E+03   
-8.086098E+03   
-7.914681E+03   
-7.732710E+03   
-7.539866E+03   
-7.335837E+03   
-7.120327E+03   
-6.893051E+03   
-6.653741E+03   
-6.402145E+03   
-6.138032E+03   
-5.861191E+03   
-5.571435E+03   
-5.268599E+03   
-4.952549E+03   
-4.623176E+03   
-4.280406E+03   
-3.924194E+03   
-3.554532E+03   
-3.171446E+03   
-2.775005E+03   
-2.365313E+03   
-1.942520E+03   
-1.506818E+03   
-1.058443E+03   
-5.976807E+02   
-1.248611E+02   
 3.596347E+02   
 8.553761E+02   
 1.361882E+03   
 1.878620E+03   
 2.405005E+03   
 2.940402E+03   
 3.484122E+03   
 4.035427E+03   
 4.593525E+03   
 5.157577E+03   
 5.726692E+03   
 6.299935E+03   
 6.876323E+03   
 7.454829E+03   
 8.034386E+03   
 8.613888E+03   
 9.192191E+03   
 9.768121E+03   
 1.034047E+04   
 1.090802E+04   
 1.146951E+04   
 1.202367E+04   
 1.256922E+04   
 1.310488E+04   
 1.362935E+04   
 1.414134E+04   
 1.463958E+04   
 1.512278E+04   
 1.558971E+04   
 1.603913E+04   
 1.646984E+04   
 1.688067E+04   
 1.727051E+04   
 1.763827E+04   
 1.798292E+04   
 1.830349E+04   
 1.859906E+04   
 1.886878E+04   
 1.911187E+04   
 1.932762E+04   
 1.951539E+04   
 1.967462E+04   
 1.980486E+04   
 1.990570E+04   
 1.997686E+04   
 2.001810E+04   
 2.002932E+04   
 2.001048E+04   
 1.996163E+04   
 1.988292E+04   
 1.977459E+04   
 1.963696E+04   
 1.947044E+04   
 1.927552E+04   
 1.905278E+04   
 1.880287E+04   
 1.852652E+04   
 1.822453E+04   
 1.789777E+04   
 1.754717E+04   
 1.717372E+04   
 1.677846E+04   
 1.636248E+04   
 1.592693E+04   
 1.547297E+04   
 1.500181E+04   
 1.451469E+04   
 1.401286E+04   
 1.349760E+04   
 1.297018E+04   
 1.243191E+04   
 1.188407E+04   
 1.132795E+04   
 1.076483E+04   
 1.019596E+04   
 9.622608E+03   
 9.045983E+03   
 8.467287E+03   
 7.887685E+03   
 7.308312E+03   
 6.730264E+03   
 6.154598E+03   
 5.582331E+03   
 5.014432E+03   
 4.451826E+03   
 3.895391E+03   
 3.345955E+03   
 2.804293E+03   
 2.271134E+03   
 1.747152E+03   
 1.232969E+03   
 7.291571E+02   
 2.362353E+02   
-2.453280E+02   
-7.151151E+02   
-1.172758E+03   
-1.617937E+03   
-2.050381E+03   
-2.469864E+03   
-2.876205E+03   
-3.269266E+03   
-3.648951E+03   
-4.015204E+03   
-4.368007E+03   
-4.707377E+03   
-5.033366E+03   
-5.346059E+03   
-5.645570E+03   
-5.932042E+03   
-6.205644E+03   
-6.466570E+03   
-6.715037E+03   
-6.951281E+03   
-7.175558E+03   
-7.388140E+03   
-7.589316E+03   
-7.779386E+03   
-7.958663E+03   
-8.127469E+03   
-8.286138E+03   
-8.435006E+03   
-8.574419E+03   
-8.704725E+03   
-8.826276E+03   
-8.939424E+03   
-9.044525E+03   
-9.141932E+03   
-9.231997E+03   
-9.315071E+03   
-9.391499E+03   
-9.461625E+03   
-9.525786E+03   
-9.584315E+03   
-9.637537E+03   
-9.685772E+03   
-9.729332E+03   
-9.768521E+03   
-9.803634E+03   
-9.834960E+03   
-9.862775E+03   
-9.887350E+03   
-9.908942E+03   
-9.927802E+03   
-9.944168E+03   
-9.958269E+03   
-9.970324E+03   
-9.980540E+03   
-9.989113E+03   
-9.996230E+03   
-1.000207E+04   
-1.000678E+04   
-1.001054E+04   
-1.001347E+04   
-1.001571E+04   
-1.001737E+04   
-1.001857E+04   
-1.001940E+04   
-1.001995E+04   
-1.002028E+04   
-1.002047E+04   
-1.002057E+04   
-1.002060E+04   
-1.002061E+04   
-1.002062E+04   
-1.002062E+04   
-1.002061E+04   
-1.002057E+04   
-1.002048E+04   
-1.002030E+04   
-1.001998E+04   
-1.001945E+04   
-1.001865E+04   
-1.001748E+04   
-1.001586E+04   
-1.001367E+04   
-1.001079E+04   
-1.000711E+04   
-1.000247E+04   
-9.996727E+03   
-9.989715E+03   
-9.981261E+03   
-9.971180E+03   
-9.959275E+03   
-9.945341E+03   
-9.929158E+03   
-9.910500E+03   
-9.889129E+03   
-9.864795E+03   
-9.837240E+03   
-9.806196E+03   
-9.771387E+03   
-9.732524E+03   
-9.689314E+03   
-9.641453E+03   
-9.588628E+03   
-9.530523E+03   
-9.466810E+03   
-9.397158E+03   
-9.321230E+03   
-9.238684E+03   
-9.149173E+03   
-9.052347E+03   
-8.947855E+03   
-8.835342E+03   
-8.714455E+03   
-8.584839E+03   
-8.446144E+03   
-8.298020E+03   
-8.140122E+03   
-7.972112E+03   
-7.793657E+03   
-7.604434E+03   
-7.404128E+03   
-7.192439E+03   
-6.969077E+03   
-6.733768E+03   
-6.486255E+03   
-6.226300E+03   
-5.953685E+03   
-5.668215E+03   
-5.369718E+03   
-5.058049E+03   
-4.733091E+03   
-4.394758E+03   
-4.042996E+03   
-3.677782E+03   
-3.299134E+03   
-2.907105E+03   
-2.501787E+03   
-2.083316E+03   
-1.651868E+03   
-1.207665E+03   
-7.509773E+02   
-2.821189E+02   
 1.985455E+02   
 6.906020E+02   
 1.193586E+03   
 1.706982E+03   
 2.230224E+03   
 2.762691E+03   
 3.303713E+03   
 3.852568E+03   
 4.408482E+03   
 4.970632E+03   
 5.538143E+03   
 6.110095E+03   
 6.685520E+03   
 7.263407E+03   
 7.842701E+03   
 8.422307E+03   
 9.001096E+03   
 9.577903E+03   
 1.015153E+04   
 1.072076E+04   
 1.128435E+04   
 1.184103E+04   
 1.238953E+04   
 1.292856E+04   
 1.345683E+04   
 1.397305E+04   
 1.447593E+04   
 1.496420E+04   
 1.543660E+04   
 1.589189E+04   
 1.632888E+04   
 1.674637E+04   
 1.714323E+04   
 1.751836E+04   
 1.787073E+04   
 1.819933E+04   
 1.850322E+04   
 1.878154E+04   
 1.903349E+04   
 1.925831E+04   
 1.945537E+04   
 1.962407E+04   
 1.976391E+04   
 1.987449E+04   
 1.995547E+04   
 2.000660E+04   
 2.002774E+04   
 2.001882E+04   
 1.997987E+04   
 1.991100E+04   
 1.981242E+04   
 1.968443E+04   
 1.952741E+04   
 1.934182E+04   
 1.912821E+04   
 1.888721E+04   
 1.861953E+04   
 1.832593E+04   
 1.800727E+04   
 1.766446E+04   
 1.729847E+04   
 1.691032E+04   
 1.650109E+04   
 1.607191E+04   
 1.562393E+04   
 1.515835E+04   
 1.467639E+04   
 1.417931E+04   
 1.366838E+04   
 1.314487E+04   
 1.261008E+04   
 1.206530E+04   
 1.151181E+04   
 1.095089E+04   
 1.038383E+04   
 9.811856E+03   
 9.236216E+03   
 8.658112E+03   
 8.078720E+03   
 7.499185E+03   
 6.920617E+03   
 6.344087E+03   
 5.770623E+03   
 5.201211E+03   
 4.636792E+03   
 4.078259E+03   
 3.526455E+03   
 2.982174E+03   
 2.446160E+03   
 1.919104E+03   
 1.401647E+03   
 8.943767E+02   
 3.978295E+02   
-8.750956E+01   
-5.612061E+02   
-1.022876E+03   
-1.472183E+03   
-1.908841E+03   
-2.332609E+03   
-2.743291E+03   
-3.140735E+03   
-3.524832E+03   
-3.895512E+03   
-4.252745E+03   
-4.596537E+03   
-4.926928E+03   
-5.243993E+03   
-5.547836E+03   
-5.838591E+03   
-6.116418E+03   
-6.381504E+03   
-6.634058E+03   
-6.874309E+03   
-7.102508E+03   
-7.318921E+03   
-7.523832E+03   
-7.717537E+03   
-7.900345E+03   
-8.072576E+03   
-8.234559E+03   
-8.386630E+03   
-8.529132E+03   
-8.662412E+03   
-8.786821E+03   
-8.902712E+03   
-9.010438E+03   
-9.110353E+03   
-9.202812E+03   
-9.288163E+03   
-9.366756E+03   
-9.438933E+03   
-9.505036E+03   
-9.565397E+03   
-9.620344E+03   
-9.670200E+03   
-9.715278E+03   
-9.755886E+03   
-9.792322E+03   
-9.824876E+03   
-9.853829E+03   
-9.879454E+03   
-9.902012E+03   
-9.921755E+03   
-9.938927E+03   
-9.953760E+03   
-9.966475E+03   
-9.977283E+03   
-9.986385E+03   
-9.993970E+03   
-1.000022E+04   
-1.000529E+04   
-1.000936E+04   
-1.001255E+04   
-1.001501E+04   
-1.001685E+04   
-1.001820E+04   
-1.001915E+04   
-1.001978E+04   
-1.002018E+04   
-1.002042E+04   
-1.002054E+04   
-1.002059E+04   
-1.002061E+04   
-1.002062E+04   
-1.002062E+04   
-1.002061E+04   
-1.002058E+04   
-1.002051E+04   
-1.002037E+04   
-1.002009E+04   
-1.001964E+04   
-1.001893E+04   
-1.001789E+04   
-1.001642E+04   
-1.001442E+04   
-1.001178E+04   
-1.000837E+04   
-1.000405E+04   
-9.998680E+03   
-9.992095E+03   
-9.984125E+03   
-9.974589E+03   
-9.963295E+03   
-9.950039E+03   
-9.934607E+03   
-9.916776E+03   
-9.896309E+03   
-9.872963E+03   
-9.846481E+03   
-9.816599E+03   
-9.783042E+03   
-9.745527E+03   
-9.703762E+03   
-9.657445E+03   
-9.606269E+03   
-9.549916E+03   
-9.488063E+03   
-9.420380E+03   
-9.346533E+03   
-9.266179E+03   
-9.178975E+03   
-9.084571E+03   
-8.982615E+03   
-8.872756E+03   
-8.754638E+03   
-8.627907E+03   
-8.492212E+03   
-8.347203E+03   
-8.192532E+03   
-8.027860E+03   
-7.852851E+03   
-7.667179E+03   
-7.470528E+03   
-7.262590E+03   
-7.043073E+03   
-6.811698E+03   
-6.568202E+03   
-6.312341E+03   
-6.043889E+03   
-5.762645E+03   
-5.468427E+03   
-5.161084E+03   
-4.840488E+03   
-4.506542E+03   
-4.159182E+03   
-3.798376E+03   
-3.424126E+03   
-3.036476E+03   
-2.635503E+03   
-2.221328E+03   
-1.794116E+03   
-1.354074E+03   
-9.014534E+02   
-4.365559E+02   
 4.027084E+01   
 5.286291E+02   
 1.028071E+03   
 1.538098E+03   
 2.058160E+03   
 2.587655E+03   
 3.125928E+03   
 3.672275E+03   
 4.225938E+03   
 4.786111E+03   
 5.351935E+03   
 5.922505E+03   
 6.496869E+03   
 7.074029E+03   
 7.652944E+03   
 8.232534E+03   
 8.811678E+03   
 9.389225E+03   
 9.963988E+03   
 1.053475E+04   
 1.110028E+04   
 1.165932E+04   
 1.221060E+04   
 1.275283E+04   
 1.328472E+04   
 1.380498E+04   
 1.431232E+04   
 1.480547E+04   
 1.528316E+04   
 1.574415E+04   
 1.618721E+04   
 1.661117E+04   
 1.701487E+04   
 1.739719E+04   
 1.775708E+04   
 1.809353E+04   
 1.840558E+04   
 1.869233E+04   
 1.895296E+04   
 1.918671E+04   
 1.939289E+04   
 1.957090E+04   
 1.972022E+04   
 1.984039E+04   
 1.993107E+04   
 1.999197E+04   
 2.002293E+04   
 2.002383E+04   
 1.999469E+04   
 1.993559E+04   
 1.984671E+04   
 1.972830E+04   
 1.958074E+04   
 1.940444E+04   
 1.919994E+04   
 1.896784E+04   
 1.870882E+04   
 1.842363E+04   
 1.811309E+04   
 1.777810E+04   
 1.741960E+04   
 1.703861E+04   
 1.663618E+04   
 1.621342E+04   
 1.577149E+04   
 1.531156E+04   
 1.483486E+04   
 1.434262E+04   
 1.383611E+04   
 1.331661E+04   
 1.278541E+04   
 1.224379E+04   
 1.169304E+04   
 1.113445E+04   
 1.056930E+04   
 9.998831E+03   
 9.424296E+03   
 8.846904E+03   
 8.267844E+03   
 7.688269E+03   
 7.109303E+03   
 6.532027E+03   
 5.957486E+03   
 5.386678E+03   
 4.820560E+03   
 4.260040E+03   
 3.705978E+03   
 3.159184E+03   
 2.620418E+03   
 2.090389E+03   
 1.569754E+03   
 1.059118E+03   
 5.590337E+02   
 7.000358E+01   
-4.075218E+02   
-8.731418E+02   
-1.326505E+03   
-1.767309E+03   
-2.195298E+03   
-2.610261E+03   
-3.012033E+03   
-3.400490E+03   
-3.775550E+03   
-4.137170E+03   
-4.485344E+03   
-4.820101E+03   
-5.141506E+03   
-5.449652E+03   
-5.744665E+03   
-6.026695E+03   
-6.295922E+03   
-6.552546E+03   
-6.796792E+03   
-7.028903E+03   
-7.249139E+03   
-7.457780E+03   
-7.655117E+03   
-7.841456E+03   
-8.017113E+03   
-8.182414E+03   
-8.337694E+03   
-8.483291E+03   
-8.619554E+03   
-8.746830E+03   
-8.865474E+03   
-8.975837E+03   
-9.078275E+03   
-9.173140E+03   
-9.260785E+03   
-9.341558E+03   
-9.415804E+03   
-9.483864E+03   
-9.546074E+03   
-9.602765E+03   
-9.654259E+03   
-9.700875E+03   
-9.742920E+03   
-9.780697E+03   
-9.814498E+03   
-9.844607E+03   
-9.871299E+03   
-9.894840E+03   
-9.915485E+03   
-9.933480E+03   
-9.949061E+03   
-9.962453E+03   
-9.973869E+03   
-9.983515E+03   
-9.991584E+03   
-9.998256E+03   
-1.000370E+04   
-1.000809E+04   
-1.001156E+04   
-1.001425E+04   
-1.001629E+04   
-1.001779E+04   
-1.001886E+04   
-1.001959E+04   
-1.002006E+04   
-1.002035E+04   
-1.002050E+04   
-1.002058E+04   
-1.002061E+04   
-1.002062E+04   
-1.002062E+04   
-1.002061E+04   
-1.002059E+04   
-1.002054E+04   
-1.002042E+04   
-1.002019E+04   
-1.001980E+04   
-1.001918E+04   
-1.001825E+04   
-1.001692E+04   
-1.001510E+04   
-1.001268E+04   
-1.000952E+04   
-1.000551E+04   
-1.000049E+04   
-9.994309E+03   
-9.986800E+03   
-9.977784E+03   
-9.967072E+03   
-9.954466E+03   
-9.939755E+03   
-9.922717E+03   
-9.903120E+03   
-9.880725E+03   
-9.855277E+03   
-9.826516E+03   
-9.794170E+03   
-9.757958E+03   
-9.717592E+03   
-9.672773E+03   
-9.623194E+03   
-9.568542E+03   
-9.508496E+03   
-9.442728E+03   
-9.370904E+03   
-9.292685E+03   
-9.207727E+03   
-9.115684E+03   
-9.016203E+03   
-8.908933E+03   
-8.793519E+03   
-8.669608E+03   
-8.536846E+03   
-8.394884E+03   
-8.243372E+03   
-8.081969E+03   
-7.910338E+03   
-7.728148E+03   
-7.535082E+03   
-7.330827E+03   
-7.115088E+03   
-6.887579E+03   
-6.648034E+03   
-6.396202E+03   
-6.131851E+03   
-5.854771E+03   
-5.564774E+03   
-5.261699E+03   
-4.945411E+03   
-4.615802E+03   
-4.272797E+03   
-3.916353E+03   
-3.546463E+03   
-3.163155E+03   
-2.766496E+03   
-2.356593E+03   
-1.933597E+03   
-1.497698E+03   
-1.049137E+03   
-5.881972E+02   
-1.152115E+02   
 3.694385E+02   
 8.653215E+02   
 1.371955E+03   
 1.888806E+03   
 2.415289E+03   
 2.950768E+03   
 3.494552E+03   
 4.045902E+03   
 4.604027E+03   
 5.168085E+03   
 5.737187E+03   
 6.310395E+03   
 6.886726E+03   
 7.465153E+03   
 8.044608E+03   
 8.623983E+03   
 9.202137E+03   
 9.777894E+03   
 1.035005E+04   
 1.091737E+04   
 1.147861E+04   
 1.203250E+04   
 1.257776E+04   
 1.311310E+04   
 1.363723E+04   
 1.414885E+04   
 1.464670E+04   
 1.512949E+04   
 1.559598E+04   
 1.604495E+04   
 1.647519E+04   
 1.688553E+04   
 1.727486E+04   
 1.764210E+04   
 1.798622E+04   
 1.830624E+04   
 1.860124E+04   
 1.887039E+04   
 1.911290E+04   
 1.932806E+04   
 1.951524E+04   
 1.967388E+04   
 1.980352E+04   
 1.990377E+04   
 1.997433E+04   
 2.001499E+04   
 2.002562E+04   
 2.000621E+04   
 1.995679E+04   
 1.987753E+04   
 1.976865E+04   
 1.963049E+04   
 1.946345E+04   
 1.926804E+04   
 1.904482E+04   